4,971.00,304.00,1001.82,373.94,0.0225
5,744.00,162.00,772.33,226.29,0.0871
8,4.00,199.00,37.91,275.94,0.0524
9,17.00,99.00,56.97,189.69,0.1344
12,710.00,148.00,740.82,217.94,0.1233
16,801.00,171.00,829.33,235.29,0.7617
16,831.00,171.00,859.33,235.29,0.5177
17,844.00,175.00,872.33,239.29,0.4784
17,724.00,142.00,763.97,232.69,0.1321
18,824.00,171.00,854.82,240.94,0.9081
18,857.00,179.00,885.33,243.29,0.5264
18,730.00,143.00,766.88,226.69,0.1653
19,838.00,171.00,868.82,240.94,0.6812
19,871.00,176.00,901.82,245.94,0.3108
20,852.00,176.00,882.82,245.94,0.8825
20,886.00,167.00,919.91,243.94,0.7150
20,843.00,181.00,873.82,250.94,0.2923
20,737.00,135.00,780.61,233.97,0.0706
21,859.00,154.00,898.97,244.69,0.7404
21,901.00,167.00,934.91,243.94,0.6035
22,923.00,160.00,959.88,243.69,0.5939
22,878.00,161.00,917.97,251.69,0.4951
22,748.00,126.00,795.77,234.41,0.2527
23,902.00,154.00,941.97,244.69,0.7357
23,946.00,171.00,982.88,254.69,0.4718
23,890.00,161.00,929.97,251.69,0.3268
23,748.00,133.00,795.77,241.41,0.0455
24,918.00,168.00,961.61,266.97,0.4995
24,961.00,161.00,1012.77,278.49,0.2930
24,766.00,184.00,794.33,248.29,0.1804
24,788.00,175.00,816.33,239.29,0.0062
25,946.00,163.00,993.77,271.41,0.5075
25,998.00,170.00,1045.78,278.41,0.4481
26,969.00,161.00,1020.77,278.49,0.5694
26,1033.00,169.00,1084.77,286.49,0.3239
27,1004.00,158.00,1060.82,286.93,0.5287
27,1065.00,167.00,1121.82,295.93,0.4614
28,1114.00,158.00,1181.81,311.88,0.5538
28,1047.00,158.00,1103.82,286.93,0.4804
28,1032.00,188.00,1060.33,252.29,0.2449
28,815.00,177.00,851.88,260.69,0.1653
28,833.00,176.00,863.82,245.94,0.1016
29,1093.00,147.00,1160.81,300.88,0.6087
29,1177.00,158.00,1244.81,311.88,0.2775
30,1151.00,139.00,1232.48,323.90,0.5061
31,790.00,162.00,820.82,231.94,0.0378
32,797.00,162.00,830.91,238.94,0.1221
33,800.00,167.00,830.82,236.94,0.2868
34,809.00,162.00,839.82,231.94,0.1520
34,958.00,188.00,1001.61,286.97,0.1223
35,818.00,178.00,851.91,254.94,0.0997
36,827.00,175.00,855.33,239.29,0.1715
36,1039.00,184.00,1095.82,312.93,0.0913
38,849.00,179.00,877.33,243.29,0.1750
38,792.00,166.00,820.33,230.29,0.1116
38,828.00,162.00,858.82,231.94,0.0797
39,858.00,148.00,905.77,256.41,0.1459
40,881.00,183.00,914.91,259.94,0.2239
40,802.00,157.00,835.91,233.94,0.1019
41,895.00,177.00,931.88,260.69,0.2437
41,881.00,181.00,911.82,250.94,0.0916
42,912.00,183.00,948.88,266.69,0.3118
42,307.00,176.00,337.82,245.94,0.3063
42,901.00,184.00,929.33,248.29,0.0322
43,296.00,173.00,329.91,249.94,0.3331
43,932.00,188.00,975.61,286.97,0.1474
44,275.00,178.00,308.91,254.94,0.3577
44,934.00,183.00,970.88,266.69,0.1057
44,844.00,165.00,880.88,248.69,0.0570
45,251.00,173.00,290.97,263.69,0.3283
45,959.00,188.00,992.91,264.94,0.2481
45,864.00,162.00,907.61,260.97,0.0233
46,232.00,179.00,271.97,269.69,0.4028
46,985.00,193.00,1018.91,269.94,0.0891
47,213.00,175.00,256.61,273.97,0.3978
47,1012.00,199.00,1059.78,307.41,0.1554
48,182.00,170.00,229.78,278.41,0.4855
48,1054.00,192.00,1082.33,256.29,0.1053
49,159.00,175.00,202.61,273.97,0.3459
49,1084.00,190.00,1114.82,259.94,0.1887
50,117.00,177.00,168.77,294.49,0.3237
50,962.00,210.00,990.33,274.29,0.1757
50,397.00,157.00,427.82,226.94,0.1375
50,1116.00,199.00,1149.91,275.94,0.1089
51,86.00,177.00,137.77,294.49,0.2664
51,388.00,162.00,418.82,231.94,0.1672
51,1165.00,219.00,1195.82,288.94,0.0522
52,42.00,184.00,98.82,312.93,0.3405
53,1014.00,245.00,1042.33,309.29,0.3503
54,1049.00,253.00,1077.33,317.29,0.1982
56,339.00,165.00,375.88,248.69,0.0754
57,757.00,162.00,787.82,231.94,0.1435
58,757.00,157.00,787.82,226.94,0.0025
60,260.00,162.00,303.61,260.97,0.1895
60,722.00,158.00,750.33,222.29,0.1094
61,849.00,166.00,877.33,230.29,0.4189
61,770.00,175.00,798.33,239.29,0.0897
61,232.00,179.00,271.97,269.69,0.0735
62,205.00,161.00,256.77,278.49,0.3048
62,857.00,166.00,885.33,230.29,0.2918
62,781.00,171.00,811.82,240.94,0.1771
62,849.00,171.00,877.33,235.29,0.0906
63,727.00,162.00,755.33,226.29,0.3384
63,181.00,161.00,232.77,278.49,0.2233
63,787.00,167.00,820.91,243.94,0.2061
64,866.00,167.00,896.82,236.94,0.5284
64,792.00,162.00,825.91,238.94,0.4016
64,729.00,162.00,759.82,231.94,0.2070
64,361.00,166.00,389.33,230.29,0.1580
64,147.00,167.00,203.82,295.93,0.1424
64,876.00,171.00,906.82,240.94,0.0961
65,875.00,162.00,908.91,238.94,0.4834
65,798.00,171.00,834.88,254.69,0.2160
65,120.00,167.00,176.82,295.93,0.1161
65,865.00,167.00,898.91,243.94,0.0465
65,1099.00,160.00,1135.88,243.69,0.0249
66,734.00,157.00,764.82,226.94,0.5282
66,804.00,171.00,840.88,254.69,0.3838
66,892.00,175.00,920.33,239.29,0.3802
66,65.00,165.00,127.56,306.97,0.1664
67,901.00,162.00,934.91,238.94,0.4733
67,811.00,155.00,854.61,253.97,0.4303
67,886.00,162.00,919.91,238.94,0.3409
67,734.00,157.00,764.82,226.94,0.2245
67,26.00,165.00,88.56,306.97,0.0800
68,912.00,160.00,948.88,243.69,0.4548
68,814.00,155.00,861.77,263.41,0.3715
68,1084.00,166.00,1112.33,230.29,0.1909
68,891.00,157.00,924.91,233.94,0.1462
69,921.00,161.00,960.97,251.69,0.5805
69,740.00,157.00,773.91,233.94,0.4934
69,855.00,165.00,891.88,248.69,0.1209
69,821.00,163.00,868.77,271.41,0.0962
69,391.00,162.00,419.33,226.29,0.0766
70,742.00,148.00,781.97,238.69,0.4890
70,939.00,161.00,978.97,251.69,0.4393
70,912.00,167.00,945.91,243.94,0.2512
70,296.00,162.00,329.91,238.94,0.2194
70,927.00,167.00,966.97,257.69,0.0847
70,857.00,214.00,887.82,283.94,0.0796
71,747.00,160.00,783.88,243.69,0.4890
71,951.00,173.00,990.97,263.69,0.4177
71,280.00,167.00,313.91,243.94,0.4043
71,870.00,214.00,903.91,290.94,0.1966
71,928.00,178.00,961.91,254.94,0.1791
71,828.00,171.00,858.82,240.94,0.1010
71,374.00,171.00,402.33,235.29,0.0798
72,940.00,171.00,976.88,254.69,0.5000
72,965.00,168.00,1008.61,266.97,0.4658
72,270.00,167.00,303.91,243.94,0.4626
72,755.00,167.00,788.91,243.94,0.2773
72,872.00,158.00,928.82,286.93,0.2501
72,356.00,179.00,384.33,243.29,0.1655
72,836.00,184.00,864.33,248.29,0.0452
73,761.00,157.00,794.91,233.94,0.5057
73,985.00,161.00,1036.77,278.49,0.3826
73,954.00,155.00,1001.77,263.41,0.3397
73,907.00,158.00,963.82,286.93,0.2848
73,254.00,165.00,290.88,248.69,0.2472
73,335.00,176.00,365.82,245.94,0.1875
73,1056.00,136.00,1095.97,226.69,0.1777
73,839.00,173.00,872.91,249.94,0.1707
73,705.00,144.00,733.33,208.29,0.1298
73,1110.00,258.00,1138.33,322.29,0.0894
73,883.00,174.00,945.56,315.97,0.0749
74,759.00,160.00,795.88,243.69,0.4040
74,1001.00,161.00,1052.77,278.49,0.3531
74,242.00,165.00,278.88,248.69,0.3295
74,916.00,184.00,972.82,312.93,0.2593
74,231.00,171.00,267.88,254.69,0.1743
74,932.00,155.00,994.56,296.97,0.1624
74,322.00,178.00,355.91,254.94,0.1469
74,1157.00,261.00,1190.91,337.94,0.1220
74,961.00,169.00,1012.77,286.49,0.0868
75,1021.00,149.00,1077.82,277.93,0.4795
75,954.00,149.00,1028.02,316.97,0.4452
75,764.00,155.00,807.61,253.97,0.3578
75,225.00,165.00,261.88,248.69,0.1395
75,304.00,188.00,332.33,252.29,0.1117
75,977.00,138.00,1051.02,305.97,0.0355
76,1000.00,149.00,1074.02,316.97,0.5554
76,776.00,160.00,812.88,243.69,0.4111
76,1047.00,158.00,1103.82,286.93,0.2524
76,208.00,171.00,244.88,254.69,0.2379
76,990.00,236.00,1037.78,344.41,0.0540
77,1038.00,139.00,1119.48,323.90,0.6101
77,777.00,155.00,824.77,263.41,0.4837
77,1063.00,152.00,1144.48,336.90,0.3294
77,186.00,162.00,229.61,260.97,0.2237
77,818.00,188.00,846.33,252.29,0.1289
77,1013.00,152.00,1094.48,336.90,0.0981
77,291.00,173.00,324.91,249.94,0.0390
78,1080.00,146.00,1173.84,358.95,0.6438
78,794.00,153.00,845.77,270.49,0.3892
78,166.00,168.00,209.61,266.97,0.2351
78,833.00,190.00,863.82,259.94,0.1976
78,271.00,171.00,307.88,254.69,0.0815
79,1109.00,167.00,1165.82,295.93,0.5587
79,802.00,161.00,853.77,278.49,0.5136
79,1137.00,146.00,1230.84,358.95,0.3932
79,254.00,177.00,290.88,260.69,0.1638
79,1062.00,136.00,1101.97,226.69,0.0646
79,818.00,153.00,869.77,270.49,-0.0039
80,1153.00,165.00,1215.56,306.97,0.6452
80,811.00,158.00,867.82,286.93,0.5387
80,117.00,169.00,168.77,286.49,0.1307
80,242.00,188.00,278.88,271.69,0.1294
80,1089.00,146.00,1122.91,222.94,0.1177
81,822.00,147.00,889.81,300.88,0.6382
81,94.00,177.00,141.78,285.41,0.3775
81,871.00,209.00,901.82,278.94,0.2723
81,1212.00,247.00,1242.82,316.94,0.1897
81,164.00,197.00,203.97,287.69,0.0804
82,814.00,210.00,842.33,274.29,0.8089
82,831.00,210.00,859.33,274.29,0.6891
82,843.00,158.00,910.81,311.88,0.5629
82,823.00,214.00,851.33,278.29,0.2785
82,1124.00,142.00,1163.97,232.69,0.0418
82,805.00,214.00,833.33,278.29,0.0260
83,824.00,209.00,854.82,278.94,0.6701
83,847.00,209.00,877.82,278.94,0.6269
83,864.00,158.00,931.81,311.88,0.4878
83,46.00,169.00,97.77,286.49,0.3163
83,422.00,166.00,450.33,230.29,0.2875
83,102.00,185.00,153.77,302.49,0.2374
83,838.00,214.00,868.82,283.94,0.1354
84,834.00,209.00,867.91,285.94,0.6081
84,865.00,214.00,898.91,290.94,0.5838
84,888.00,152.00,969.48,336.90,0.5324
84,844.00,214.00,877.91,290.94,0.2289
84,14.00,169.00,65.77,286.49,0.1940
84,406.00,167.00,436.82,236.94,0.1476
85,886.00,219.00,919.91,295.94,0.7069
85,862.00,228.00,892.82,297.94,0.6853
85,921.00,146.00,1014.84,358.95,0.5454
85,395.00,167.00,428.91,243.94,0.2607
85,895.00,205.00,925.82,274.94,0.2168
85,852.00,224.00,882.82,293.94,0.0590
86,912.00,222.00,948.88,305.69,0.6563
86,883.00,228.00,919.88,311.69,0.4933
86,404.00,171.00,432.33,235.29,0.3044
86,958.00,149.00,1044.85,346.09,0.2917
86,900.00,217.00,936.88,300.69,0.2271
86,872.00,222.00,908.88,305.69,0.1903
86,923.00,217.00,959.88,300.69,0.1072
87,939.00,222.00,986.77,330.41,0.5727
87,906.00,239.00,942.88,322.69,0.5564
87,924.00,214.00,971.77,322.41,0.2867
87,1022.00,146.00,1115.84,358.95,0.2470
87,985.00,243.00,1015.82,312.94,0.2179
87,374.00,167.00,407.91,243.94,0.1786
87,391.00,175.00,419.33,239.29,-0.0072
88,939.00,236.00,986.77,344.41,0.6513
88,977.00,219.00,1033.82,347.93,0.5879
88,1012.00,236.00,1059.78,344.41,0.3055
88,378.00,171.00,408.82,240.94,0.2289
88,354.00,167.00,387.91,243.94,0.2285
88,963.00,262.00,999.88,345.69,0.1521
88,924.00,229.00,971.77,337.41,0.1165
89,993.00,248.00,1044.77,365.49,0.5457
89,1037.00,222.00,1099.56,363.97,0.4824
89,364.00,167.00,394.82,236.94,0.2872
89,1153.00,275.00,1196.61,373.97,0.1919
89,977.00,240.00,1028.77,357.49,0.1875
89,1065.00,237.00,1121.82,365.93,0.0926
89,1143.00,174.00,1205.56,315.97,0.0860
90,1113.00,248.00,1164.77,365.49,0.7157
90,339.00,165.00,375.88,248.69,0.3749
90,1129.00,256.00,1180.77,373.49,0.3544
90,1056.00,266.00,1103.78,374.41,0.3368
90,1097.00,256.00,1148.77,373.49,0.2792
90,1166.00,210.00,1233.81,363.88,0.1801
90,312.00,161.00,351.97,251.69,0.1448
90,482.00,81.00,512.82,150.94,0.0348
91,324.00,161.00,363.97,251.69,0.3107
91,1073.00,200.00,1124.77,317.49,0.2050
91,879.00,162.00,907.33,226.29,0.1940
91,1121.00,298.00,1154.91,374.94,0.0756
91,1178.00,290.00,1214.88,373.69,0.0743
91,922.00,146.00,955.91,222.94,0.0673
91,1200.00,275.00,1243.61,373.97,0.0659
92,1089.00,224.00,1119.82,293.94,0.2217
92,300.00,167.00,339.97,257.69,0.1375
92,260.00,168.00,303.61,266.97,0.1008
93,281.00,173.00,320.97,263.69,0.4546
93,1127.00,233.00,1157.82,302.94,0.2904
94,265.00,183.00,301.88,266.69,0.2739
94,962.00,166.00,990.33,230.29,0.1771
95,975.00,167.00,1005.82,236.94,0.5080
95,904.00,167.00,934.82,236.94,0.4401
95,232.00,179.00,271.97,269.69,0.3628
96,990.00,167.00,1020.82,236.94,0.4596
96,909.00,167.00,939.82,236.94,0.4189
96,181.00,169.00,232.77,286.49,0.2198
96,999.00,171.00,1029.82,240.94,0.1585
97,918.00,167.00,948.82,236.94,0.4798
97,1010.00,175.00,1038.33,239.29,0.3739
97,440.00,81.00,470.82,150.94,0.1300
98,928.00,167.00,958.82,236.94,0.6486
98,1016.00,167.00,1049.91,243.94,0.3560
98,1189.00,200.00,1219.82,269.94,0.1112
98,810.00,25.00,849.97,115.69,0.0242
99,1031.00,165.00,1067.88,248.69,0.6163
99,933.00,167.00,963.82,236.94,0.4007
99,425.00,77.00,455.82,146.94,0.1140
99,1106.00,162.00,1134.33,226.29,0.0498
100,1048.00,165.00,1084.88,248.69,0.4626
100,947.00,167.00,977.82,236.94,0.3183
100,1063.00,173.00,1096.91,249.94,0.0477
101,1065.00,165.00,1101.88,248.69,0.4137
101,956.00,167.00,986.82,236.94,0.3978
101,1079.00,178.00,1112.91,254.94,0.1872
102,969.00,167.00,1002.91,243.94,0.4846
102,1093.00,162.00,1136.61,260.97,0.3694
102,1076.00,165.00,1112.88,248.69,0.3658
103,980.00,160.00,1016.88,243.69,0.4903
103,1113.00,162.00,1156.61,260.97,0.4710
103,1093.00,167.00,1132.97,257.69,0.1884
103,662.00,157.00,692.82,226.94,0.0996
104,991.00,160.00,1027.88,243.69,0.5343
104,1137.00,155.00,1184.78,263.41,0.5259
104,1120.00,162.00,1163.61,260.97,0.2887
104,667.00,157.00,697.82,226.94,0.2697
105,1160.00,153.00,1211.77,270.49,0.7106
105,1002.00,160.00,1038.88,243.69,0.5023
105,390.00,58.00,423.91,134.94,0.2949
105,1137.00,155.00,1184.78,263.41,0.0367
106,1013.00,161.00,1052.97,251.69,0.5246
106,1192.00,161.00,1243.77,278.49,0.3715
107,1031.00,165.00,1067.88,248.69,0.5257
107,923.00,188.00,951.33,252.29,0.1425
107,380.00,50.00,419.97,140.69,0.0488
108,1046.00,162.00,1089.61,260.97,0.3539
108,677.00,167.00,707.82,236.94,0.2222
109,1059.00,162.00,1102.61,260.97,0.3899
109,169.00,162.00,197.33,226.29,0.2335
110,1079.00,162.00,1122.61,260.97,0.3749
110,681.00,157.00,711.82,226.94,0.2656
110,145.00,157.00,178.91,233.94,0.1622
111,683.00,162.00,711.33,226.29,0.5516
111,1097.00,153.00,1148.77,270.49,0.2384
111,1019.00,201.00,1047.33,265.29,0.1523
111,128.00,148.00,167.97,238.69,0.1375
112,683.00,162.00,711.33,226.29,0.4791
112,1113.00,153.00,1164.77,270.49,0.1675
112,321.00,28.00,364.61,126.97,0.1601
113,681.00,162.00,711.82,231.94,0.4365
113,1062.00,210.00,1090.33,274.29,0.0839
113,199.00,192.00,227.33,256.29,0.0268
114,1176.00,162.00,1204.33,226.29,0.4368
114,681.00,162.00,711.82,231.94,0.2076
115,1187.00,149.00,1243.82,277.93,0.2752
115,292.00,16.00,339.77,124.41,0.0298
116,444.00,181.00,474.82,250.94,0.5708
117,435.00,181.00,465.82,250.94,0.5521
117,687.00,148.00,726.97,238.69,0.2127
118,424.00,171.00,460.88,254.69,0.6745
118,687.00,148.00,726.97,238.69,0.1294
119,416.00,178.00,449.91,254.94,0.5039
119,681.00,148.00,720.97,238.69,0.2994
120,406.00,178.00,439.91,254.94,0.6892
120,675.00,154.00,714.97,244.69,0.1723
121,390.00,177.00,426.88,260.69,0.6614
121,676.00,148.00,719.61,246.97,0.1898
121,805.00,210.00,833.33,274.29,0.0462
122,374.00,179.00,413.97,269.69,0.6774
122,1105.00,121.00,1156.77,238.49,0.1658
123,361.00,182.00,404.61,280.97,0.5947
123,670.00,155.00,713.61,253.97,0.2120
123,936.00,144.00,964.33,208.29,0.0700
123,1117.00,114.00,1173.82,242.93,0.0363
124,340.00,177.00,391.77,294.49,0.4527
124,966.00,136.00,994.33,200.29,0.1843
125,316.00,177.00,367.77,294.49,0.6967
125,672.00,162.00,705.91,238.94,0.0828
126,301.00,185.00,352.77,302.49,0.3760
126,673.00,160.00,709.88,243.69,0.3190
127,285.00,192.00,336.77,309.49,0.3286
127,673.00,160.00,709.88,243.69,0.2375
127,988.00,153.00,1016.33,217.29,0.1934
128,248.00,184.00,310.56,325.97,0.4041
128,669.00,148.00,708.97,238.69,0.2309
129,217.00,189.00,284.81,342.88,0.4067
129,663.00,141.00,706.61,239.97,0.1500
129,1163.00,174.00,1225.56,315.97,0.0274
130,185.00,199.00,252.81,352.88,0.2178
130,953.00,144.00,981.33,208.29,0.1898
130,662.00,143.00,698.88,226.69,0.0952
130,253.00,200.00,304.77,317.49,0.0426
130,773.00,197.00,812.97,287.69,0.0353
131,134.00,195.00,208.02,362.97,0.4740
131,663.00,135.00,706.61,233.97,0.0756
132,88.00,206.00,162.02,373.97,0.1655
132,1025.00,137.00,1061.88,220.69,0.1096
132,575.00,145.00,637.56,286.97,0.0763
132,923.00,18.00,951.33,82.29,0.0700
132,730.00,120.00,766.88,203.69,0.0604
134,725.00,120.00,761.88,203.69,0.2610
134,1084.00,152.00,1114.82,221.94,0.1287
134,656.00,148.00,699.61,246.97,0.1249
135,871.00,143.00,901.82,212.94,0.0790
135,656.00,148.00,699.61,246.97,0.0786
136,563.00,161.00,614.77,278.49,0.1137
137,1011.00,141.00,1044.91,217.94,0.2527
137,561.00,147.00,628.81,300.88,0.0737
138,940.00,137.00,976.88,220.69,0.0791
138,545.00,146.00,638.84,358.95,0.0469
139,1026.00,128.00,1069.61,226.97,0.2898
139,546.00,155.00,608.56,296.97,0.0360
140,1044.00,136.00,1083.97,226.69,0.0561
141,1066.00,128.00,1109.61,226.97,0.0606
143,672.00,162.00,705.91,238.94,0.0480
144,673.00,160.00,709.88,243.69,0.2773
145,676.00,155.00,719.61,253.97,0.2959
146,679.00,165.00,715.88,248.69,0.1300
147,683.00,155.00,726.61,253.97,0.0719
149,613.00,153.00,641.33,217.29,0.2922
149,1062.00,137.00,1129.81,290.88,0.2167
149,531.00,146.00,624.84,358.95,0.0903
150,707.00,165.00,743.88,248.69,0.1935
150,778.00,89.00,829.77,206.49,0.0747
150,1130.00,154.00,1169.97,244.69,0.0742
154,767.00,167.00,797.82,236.94,0.2875
155,771.00,167.00,804.91,243.94,0.1763
156,770.00,171.00,806.88,254.69,0.1611
156,615.00,148.00,645.82,217.94,0.1060
157,809.00,171.00,839.82,240.94,0.2815
158,824.00,171.00,854.82,240.94,0.3392
158,814.00,192.00,842.33,256.29,0.1590
159,827.00,165.00,863.88,248.69,0.0790
161,866.00,165.00,902.88,248.69,0.1792
162,916.00,36.00,972.82,164.93,0.1165
163,288.00,171.00,324.88,254.69,0.1584
163,905.00,168.00,948.61,266.97,0.0987
163,611.00,148.00,647.88,231.69,0.0139
164,943.00,24.00,1017.02,191.97,0.0134
165,958.00,2.00,1044.85,199.09,0.1129
165,696.00,171.00,724.33,235.29,0.0989
166,245.00,181.00,275.82,250.94,0.0938
166,978.00,2.00,1071.84,214.95,0.0547
167,609.00,171.00,637.33,235.29,0.0123
168,609.00,166.00,637.33,230.29,0.1367
169,1049.00,170.00,1096.78,278.41,0.2013
170,606.00,167.00,636.82,236.94,0.1656
170,1079.00,175.00,1122.61,273.97,0.0730
171,606.00,167.00,636.82,236.94,0.1359
172,902.00,133.00,949.77,241.41,0.0379
173,601.00,167.00,631.82,236.94,0.0835
174,601.00,167.00,631.82,236.94,0.1440
175,596.00,167.00,626.82,236.94,0.1057
177,583.00,167.00,616.91,243.94,0.1461
178,578.00,167.00,611.91,243.94,0.1399
178,348.00,141.00,381.91,217.94,0.0447
179,425.00,143.00,455.82,212.94,0.0394
183,532.00,171.00,568.88,254.69,0.0175
185,520.00,171.00,556.88,254.69,0.2063
188,515.00,171.00,551.88,254.69,0.1688
188,548.00,158.00,576.33,222.29,0.0776
189,515.00,171.00,551.88,254.69,0.1883
190,515.00,173.00,554.97,263.69,0.0407
194,535.00,168.00,578.61,266.97,0.0750
195,922.00,193.00,955.91,269.94,0.1356
195,542.00,163.00,589.77,271.41,0.1277
196,556.00,168.00,599.61,266.97,0.1423
197,959.00,199.00,992.91,275.94,0.0965
198,974.00,194.00,1010.88,277.69,0.0857
199,579.00,170.00,626.77,278.41,0.0038
200,618.00,158.00,646.33,222.29,0.1563
200,575.00,149.00,631.82,277.93,0.0597
201,593.00,158.00,649.82,286.93,0.1498
201,157.00,69.00,193.88,152.69,0.0701
202,595.00,145.00,657.56,286.97,0.0681
203,544.00,136.00,572.33,200.29,0.1839
203,753.00,144.00,781.33,208.29,0.0443
204,657.00,158.00,685.33,222.29,0.1231
205,683.00,162.00,711.33,226.29,0.1938
205,796.00,175.00,824.33,239.29,0.0905
205,896.00,126.00,929.91,202.94,0.0088
206,809.00,175.00,837.33,239.29,0.1944
206,624.00,149.00,698.02,316.97,0.1710
206,884.00,127.00,912.33,191.29,0.0526
207,1093.00,265.00,1132.97,355.69,0.2218
207,155.00,63.00,188.91,139.94,0.1417
207,643.00,165.00,705.56,306.97,0.1129
208,146.00,61.00,189.61,159.97,0.0920
209,709.00,171.00,737.33,235.29,0.3503
209,145.00,53.00,178.91,129.94,0.1526
209,857.00,186.00,887.82,255.94,0.1355
209,632.00,146.00,725.84,358.95,0.1228
210,715.00,167.00,745.82,236.94,0.3146
210,632.00,146.00,725.84,358.95,0.1955
210,121.00,50.00,160.97,140.69,0.1846
210,1080.00,162.00,1110.82,231.94,0.0847
210,870.00,183.00,903.91,259.94,0.0564
210,293.00,186.00,323.82,255.94,0.0418
211,112.00,44.00,140.33,108.29,0.2066
211,900.00,183.00,936.88,266.69,0.1864
211,632.00,146.00,725.84,358.95,0.1538
211,104.00,40.00,132.33,104.29,0.0503
212,70.00,33.00,137.81,186.88,0.2950
212,617.00,146.00,710.84,358.95,0.2684
212,912.00,188.00,948.88,271.69,0.2202
212,724.00,167.00,757.91,243.94,0.1201
213,927.00,185.00,966.97,275.69,0.3149
213,39.00,22.00,106.81,175.88,0.2239
213,624.00,162.00,710.85,359.09,0.2106
213,1057.00,117.00,1119.56,258.97,0.0509
213,985.00,162.00,1015.82,231.94,0.0373
214,7.00,20.00,69.56,161.97,0.1690
214,1086.00,107.00,1148.56,248.97,0.1317
214,740.00,179.00,768.33,243.29,0.0296
215,725.00,165.00,761.88,248.69,0.3431
215,651.00,162.00,737.85,359.09,0.0898
216,730.00,165.00,766.88,248.69,0.3387
216,624.00,162.00,710.85,359.09,0.0148
217,730.00,160.00,766.88,243.69,0.2864
217,1141.00,131.00,1169.33,195.29,0.0776
218,736.00,160.00,772.88,243.69,0.3607
219,740.00,173.00,773.91,249.94,0.3852
219,1032.00,100.00,1065.91,176.94,0.0405
219,757.00,188.00,785.33,252.29,0.0265
220,730.00,155.00,773.61,253.97,0.3934
220,1051.00,91.00,1081.82,160.94,0.1165
220,1184.00,129.00,1214.82,198.94,0.0297
221,742.00,171.00,778.88,254.69,0.4467
222,747.00,177.00,783.88,260.69,0.4284
223,746.00,153.00,797.77,270.49,0.4509
223,99.00,315.00,127.33,379.29,0.1461
223,918.00,157.00,948.82,226.94,0.1397
223,814.00,223.00,842.33,287.29,0.0910
224,741.00,149.00,797.82,277.93,0.5116
224,609.00,153.00,637.33,217.29,0.2048
224,724.00,141.00,780.82,269.93,0.0851
225,750.00,149.00,806.82,277.93,0.4608
225,828.00,228.00,858.82,297.94,0.1839
225,675.00,146.00,768.84,358.95,0.1310
226,762.00,161.00,813.77,278.49,0.3494
226,843.00,233.00,873.82,302.94,0.2790
226,690.00,146.00,783.84,358.95,0.1263
226,503.00,191.00,542.97,281.69,0.0438
227,770.00,177.00,821.77,294.49,0.4490
227,37.00,295.00,67.82,364.94,0.3405
227,860.00,235.00,893.91,311.94,0.2155
227,690.00,146.00,783.84,358.95,0.1673
228,786.00,177.00,837.77,294.49,0.4519
228,872.00,234.00,911.97,324.69,0.1636
228,583.00,153.00,611.33,217.29,0.1111
228,758.00,145.00,820.56,286.97,0.0609
229,811.00,215.00,854.61,313.97,0.4730
229,895.00,158.00,962.81,311.88,0.1174
229,964.00,148.00,1003.97,238.69,0.0824
229,1019.00,205.00,1047.33,269.29,0.0689
230,806.00,184.00,868.56,325.97,0.4562
230,892.00,146.00,985.84,358.95,0.3507
231,822.00,189.00,889.81,342.88,0.3805
231,935.00,146.00,1028.84,358.95,0.2037
231,605.00,153.00,633.33,217.29,0.1257
232,840.00,183.00,914.02,350.97,0.3867
232,958.00,162.00,1044.85,359.09,0.3288
232,818.00,195.00,892.02,362.97,0.1273
233,864.00,210.00,931.81,363.88,0.3678
233,978.00,146.00,1071.84,358.95,0.3517
233,827.00,262.00,863.88,345.69,0.0817
233,906.00,232.00,957.77,349.49,0.0421
233,779.00,166.00,807.33,230.29,0.0258
234,1049.00,166.00,1077.33,230.29,0.2269
234,888.00,189.00,969.48,373.90,0.1804
234,934.00,237.00,990.82,365.93,0.1368
235,925.00,202.00,1006.48,386.90,0.1914
238,557.00,175.00,585.33,239.29,0.1158
239,917.00,192.00,964.77,300.41,0.2448
239,526.00,171.00,554.33,235.29,0.1792
239,923.00,293.00,951.33,357.29,0.1131
239,548.00,171.00,576.33,235.29,0.1071
239,740.00,162.00,768.33,226.29,0.0955
240,531.00,171.00,559.33,235.29,0.6275
240,513.00,171.00,541.33,235.29,0.1714
240,945.00,306.00,973.33,370.29,0.1609
240,583.00,177.00,619.88,260.69,0.1214
240,522.00,175.00,550.33,239.29,0.0931
240,539.00,175.00,567.33,239.29,0.0738
241,504.00,175.00,532.33,239.29,0.2946
241,1075.00,197.00,1103.33,261.29,0.1441
242,511.00,171.00,541.82,240.94,0.9081
242,497.00,171.00,527.82,240.94,0.3125
242,566.00,177.00,602.88,260.69,0.1688
242,734.00,148.00,764.82,217.94,0.1436
242,525.00,171.00,555.82,240.94,0.1401
242,1105.00,145.00,1167.56,286.97,0.1039
243,497.00,171.00,527.82,240.94,0.6904
243,482.00,171.00,512.82,240.94,0.2608
243,568.00,178.00,601.91,254.94,0.2176
243,506.00,176.00,536.82,245.94,0.2088
243,1061.00,271.00,1091.82,340.94,0.1511
243,1134.00,145.00,1196.56,286.97,0.1343
243,1105.00,188.00,1141.88,271.69,0.0505
244,484.00,167.00,517.91,243.94,0.7780
244,474.00,162.00,507.91,238.94,0.1104
244,1101.00,177.00,1182.48,361.90,0.0560
245,474.00,167.00,507.91,243.94,0.7540
245,975.00,197.00,1003.33,261.29,0.1167
245,1145.00,177.00,1192.78,285.41,0.0978
246,458.00,173.00,491.91,249.94,0.7749
246,491.00,175.00,519.33,239.29,0.3972
246,468.00,178.00,501.91,254.94,0.2980
246,1168.00,177.00,1219.77,294.49,0.0672
246,852.00,224.00,882.82,293.94,0.0260
247,447.00,173.00,480.91,249.94,0.7888
247,483.00,175.00,511.33,239.29,0.6171
247,1001.00,205.00,1029.33,269.29,0.0253
248,435.00,171.00,471.88,254.69,0.8629
248,474.00,175.00,502.33,239.29,0.6220
248,701.00,162.00,729.33,226.29,0.4874
248,709.00,166.00,737.33,230.29,0.2634
248,886.00,292.00,919.91,368.94,0.1668
249,424.00,171.00,460.88,254.69,0.6262
249,463.00,171.00,493.82,240.94,0.4416
249,705.00,162.00,735.82,231.94,0.3441
249,1031.00,204.00,1070.97,294.69,0.1189
250,407.00,177.00,443.88,260.69,0.6412
250,454.00,176.00,484.82,245.94,0.5860
250,698.00,162.00,731.91,238.94,0.2970
250,1056.00,204.00,1095.97,294.69,0.0743
251,388.00,168.00,431.61,266.97,0.7287
251,718.00,171.00,746.33,235.29,0.5283
251,442.00,173.00,475.91,249.94,0.4693
251,700.00,167.00,730.82,236.94,0.3857
251,994.00,266.00,1024.82,335.94,0.2447
252,437.00,178.00,470.91,254.94,0.6062
252,373.00,170.00,420.77,278.41,0.5666
252,719.00,167.00,749.82,236.94,0.3766
252,470.00,175.00,498.33,239.29,0.3163
252,701.00,171.00,729.33,235.29,0.2027
252,427.00,183.00,460.91,259.94,0.1032
252,709.00,175.00,737.33,239.29,0.0587
253,424.00,177.00,460.88,260.69,0.7201
253,348.00,169.00,399.77,286.49,0.6256
253,705.00,171.00,735.82,240.94,0.3976
253,719.00,167.00,749.82,236.94,0.2955
254,332.00,177.00,383.77,294.49,0.7076
254,418.00,177.00,454.88,260.69,0.7041
254,456.00,179.00,484.33,243.29,0.5484
254,703.00,167.00,736.91,243.94,0.3555
254,724.00,167.00,757.91,243.94,0.2633
255,404.00,179.00,443.97,269.69,0.6797
255,306.00,165.00,368.56,306.97,0.5523
255,703.00,167.00,736.91,243.94,0.4487
255,729.00,167.00,762.91,243.94,0.3636
255,452.00,179.00,480.33,243.29,0.3514
255,417.00,173.00,456.97,263.69,0.2715
255,714.00,173.00,747.91,249.94,0.2658
256,286.00,174.00,348.56,315.97,0.5937
256,443.00,179.00,471.33,243.29,0.5121
256,713.00,165.00,749.88,248.69,0.4899
256,388.00,170.00,435.77,278.41,0.3655
256,730.00,165.00,766.88,248.69,0.3638
256,702.00,171.00,738.88,254.69,0.0967
256,345.00,188.00,381.88,271.69,0.0926
257,258.00,178.00,325.81,331.88,0.6887
257,380.00,169.00,431.77,286.49,0.6067
257,713.00,165.00,749.88,248.69,0.3539
257,439.00,184.00,467.33,248.29,0.2726
257,327.00,182.00,370.61,280.97,0.2454
257,736.00,167.00,775.97,257.69,0.1810
257,361.00,204.00,400.97,294.69,0.1071
258,225.00,172.00,299.02,339.97,0.5725
258,364.00,177.00,415.77,294.49,0.4894
258,314.00,177.00,361.77,285.41,0.3898
258,430.00,186.00,460.82,255.94,0.2699
258,725.00,165.00,761.88,248.69,0.2323
258,750.00,173.00,783.91,249.94,0.2287
258,383.00,167.00,439.82,295.93,0.0271
259,356.00,185.00,407.77,302.49,0.5920
259,184.00,162.00,270.85,359.09,0.5681
259,301.00,177.00,352.77,294.49,0.5246
259,430.00,186.00,460.82,255.94,0.4154
259,390.00,188.00,423.91,264.94,0.4061
259,764.00,171.00,800.88,254.69,0.3056
259,736.00,165.00,772.88,248.69,0.1553
260,144.00,176.00,230.85,373.09,0.5456
260,285.00,177.00,336.77,294.49,0.3918
260,781.00,167.00,814.91,243.94,0.3558
260,330.00,184.00,386.82,312.93,0.3095
260,384.00,183.00,420.88,266.69,0.3034
260,747.00,171.00,783.88,254.69,0.2691
260,427.00,183.00,460.91,259.94,0.2670
260,761.00,179.00,800.97,269.69,0.1735
260,688.00,178.00,721.91,254.94,0.1718
261,421.00,183.00,454.91,259.94,0.5346
261,315.00,174.00,377.56,315.97,0.4643
261,757.00,162.00,800.61,260.97,0.3783
261,90.00,176.00,176.85,373.09,0.3417
261,379.00,183.00,415.88,266.69,0.3368
261,791.00,162.00,834.61,260.97,0.3127
261,267.00,165.00,329.56,306.97,0.2853
262,296.00,184.00,358.56,325.97,0.7455
262,770.00,155.00,817.77,263.41,0.4347
262,421.00,178.00,454.91,254.94,0.4245
262,366.00,177.00,413.77,285.41,0.3577
262,802.00,153.00,853.77,270.49,0.3168
262,23.00,176.00,109.85,373.09,0.3133
262,258.00,174.00,320.56,315.97,0.2698
262,714.00,184.00,742.33,248.29,0.1916
262,786.00,161.00,837.77,278.49,0.0884
263,418.00,177.00,454.88,260.69,0.5447
263,271.00,183.00,345.02,350.97,0.5265
263,786.00,161.00,837.77,278.49,0.4986
263,361.00,188.00,404.61,286.97,0.3567
263,826.00,161.00,877.77,278.49,0.2605
263,237.00,178.00,304.81,331.88,0.0111
264,235.00,177.00,316.48,361.90,0.7147
264,410.00,173.00,449.97,263.69,0.5759
264,802.00,158.00,858.82,286.93,0.5494
264,348.00,177.00,399.77,294.49,0.4530
264,846.00,149.00,902.82,277.93,0.2726
264,206.00,178.00,273.81,331.88,0.2243
265,340.00,185.00,391.77,302.49,0.6523
265,820.00,158.00,876.82,286.93,0.5637
265,410.00,173.00,449.97,263.69,0.5104
265,184.00,160.00,277.84,372.95,0.4097
265,872.00,158.00,928.82,286.93,0.3094
265,398.00,179.00,437.97,269.69,0.1864
266,325.00,174.00,387.56,315.97,0.5708
266,853.00,147.00,920.81,300.88,0.5008
266,404.00,179.00,443.97,269.69,0.4436
266,832.00,158.00,899.81,311.88,0.2472
266,141.00,175.00,234.84,387.95,0.0986
266,895.00,147.00,962.81,300.88,0.0680
266,783.00,232.00,811.33,296.29,0.0148
267,306.00,194.00,368.56,335.97,0.5892
267,395.00,170.00,442.77,278.41,0.5341
267,874.00,158.00,941.81,311.88,0.5030
267,926.00,147.00,993.81,300.88,0.3888
267,849.00,173.00,882.91,249.94,0.1623
267,123.00,266.00,170.78,374.41,0.1320
268,388.00,175.00,431.61,273.97,0.6837
268,279.00,189.00,346.81,342.88,0.6119
268,909.00,149.00,983.02,316.97,0.5607
268,963.00,139.00,1044.48,323.90,0.3417
268,865.00,167.00,898.91,243.94,0.2212
269,938.00,139.00,1019.48,323.90,0.6152
269,380.00,170.00,427.77,278.41,0.5059
269,237.00,176.00,323.85,373.09,0.4559
269,1013.00,139.00,1094.48,323.90,0.1975
269,881.00,167.00,914.91,243.94,0.1482
269,724.00,173.00,757.91,249.94,0.0926
270,978.00,146.00,1071.84,358.95,0.5115
270,373.00,177.00,420.77,285.41,0.4498
270,197.00,176.00,283.85,373.09,0.3694
270,1063.00,152.00,1144.48,336.90,0.3336
270,893.00,174.00,955.56,315.97,0.1714
271,364.00,177.00,415.77,294.49,0.5337
271,1022.00,146.00,1115.84,358.95,0.3564
271,1123.00,146.00,1216.84,358.95,0.3343
271,959.00,266.00,992.91,342.94,0.1049
272,356.00,177.00,407.77,294.49,0.5694
272,939.00,155.00,986.77,263.41,0.0539
272,1036.00,290.00,1072.88,373.69,0.0092
273,335.00,165.00,397.56,306.97,0.4181
274,330.00,184.00,386.82,312.93,0.5003
274,806.00,155.00,868.56,296.97,0.2516
274,631.00,171.00,659.33,235.29,0.1729
275,311.00,168.00,378.81,321.88,0.6208
276,293.00,172.00,367.02,339.97,0.5576
277,279.00,189.00,346.81,342.88,0.6278
277,1093.00,158.00,1160.81,311.88,0.1738
277,646.00,173.00,679.91,249.94,0.1463
277,940.00,275.00,968.33,339.29,0.0906
277,335.00,157.00,365.82,226.94,0.0648
278,259.00,183.00,333.02,350.97,0.6103
278,435.00,179.00,463.33,243.29,0.5759
278,426.00,184.00,454.33,248.29,0.3333
278,648.00,176.00,678.82,245.94,0.1156
279,425.00,176.00,455.82,245.94,0.8088
279,223.00,177.00,304.48,361.90,0.4163
279,406.00,171.00,436.82,240.94,0.2284
279,435.00,181.00,465.82,250.94,0.1137
280,425.00,176.00,455.82,245.94,0.6596
280,202.00,195.00,276.02,362.97,0.3350
281,425.00,176.00,455.82,245.94,0.6745
281,160.00,189.00,241.48,373.90,0.3133
282,416.00,178.00,449.91,254.94,0.5017
282,653.00,175.00,681.33,239.29,0.4664
282,110.00,189.00,191.48,373.90,0.1441
283,416.00,183.00,449.91,259.94,0.6375
283,658.00,176.00,688.82,245.94,0.3645
283,940.00,271.00,968.33,335.29,0.2511
284,407.00,183.00,443.88,266.69,0.5384
284,988.00,195.00,1062.02,362.97,0.1034
285,398.00,179.00,437.97,269.69,0.8170
285,378.00,176.00,408.82,245.94,0.2766
285,669.00,161.00,708.97,251.69,0.2643
286,392.00,179.00,431.97,269.69,0.7316
286,675.00,167.00,714.97,257.69,0.2874
286,707.00,165.00,743.88,248.69,0.2099
287,381.00,182.00,424.61,280.97,0.6005
287,681.00,167.00,720.97,257.69,0.5586
287,394.00,175.00,437.61,273.97,0.0280
288,687.00,173.00,726.97,263.69,0.6348
288,373.00,177.00,420.77,285.41,0.5094
288,274.00,202.00,317.61,300.97,0.0854
289,348.00,177.00,399.77,294.49,0.4819
289,693.00,173.00,732.97,263.69,0.2349
289,330.00,192.00,358.33,256.29,0.1412
289,253.00,200.00,304.77,317.49,0.0242
290,339.00,176.00,395.82,304.93,0.5774
290,703.00,168.00,746.61,266.97,0.3167
290,306.00,173.00,345.97,263.69,0.2276
291,321.00,184.00,377.82,312.93,0.3705
291,710.00,168.00,753.61,266.97,0.3640
291,787.00,183.00,820.91,259.94,0.1218
291,288.00,194.00,324.88,277.69,0.0960
292,296.00,174.00,358.56,315.97,0.4111
292,718.00,163.00,765.77,271.41,0.3293
292,251.00,167.00,307.82,295.93,0.0764
293,730.00,161.00,781.77,278.49,0.5381
293,269.00,178.00,336.81,331.88,0.5327
293,225.00,176.00,281.82,304.93,0.2979
293,834.00,199.00,867.91,275.94,0.0099
294,738.00,169.00,789.77,286.49,0.4981
294,235.00,177.00,316.48,361.90,0.4753
294,185.00,168.00,252.81,321.88,0.3498
294,861.00,200.00,897.88,283.69,0.0866
295,184.00,176.00,270.85,373.09,0.4938
295,750.00,167.00,806.82,295.93,0.4748
295,144.00,168.00,211.81,321.88,0.4701
296,130.00,176.00,216.85,373.09,0.4601
296,77.00,162.00,163.85,359.09,0.4347
296,777.00,168.00,820.61,266.97,0.3328
296,437.00,167.00,470.91,243.94,0.1299
296,770.00,208.00,813.61,306.97,0.1019
296,958.00,258.00,986.33,322.29,0.0244
297,780.00,158.00,847.81,311.88,0.5674
297,487.00,162.00,515.33,226.29,0.4320
297,77.00,176.00,163.85,373.09,0.1609
297,424.00,165.00,460.88,248.69,0.0980
298,483.00,162.00,511.33,226.29,0.5481
298,806.00,161.00,880.02,328.97,0.5038
299,478.00,162.00,508.82,231.94,0.5595
299,834.00,177.00,885.77,294.49,0.2476
300,468.00,162.00,501.91,238.94,0.4720
300,863.00,172.00,937.02,339.97,0.2990
300,395.00,193.00,428.91,269.94,0.0944
301,463.00,171.00,493.82,240.94,0.3595
301,892.00,160.00,985.84,372.95,0.2784
302,458.00,165.00,494.88,248.69,0.6130
302,950.00,189.00,1031.48,373.90,0.2581
302,368.00,188.00,411.61,286.97,0.1675
303,447.00,171.00,483.88,254.69,0.5255
303,458.00,165.00,494.88,248.69,0.1942
303,369.00,227.00,397.33,291.29,0.0306
304,435.00,162.00,478.61,260.97,0.5328
304,804.00,168.00,847.61,266.97,0.2922
304,326.00,243.00,356.82,312.94,0.1665
304,361.00,219.00,389.33,283.29,0.1200
305,421.00,168.00,464.61,266.97,0.4792
305,714.00,140.00,742.33,204.29,0.2811
305,333.00,222.00,369.88,305.69,0.2361
305,838.00,175.00,881.61,273.97,0.1458
305,293.00,216.00,344.77,333.49,0.0744
306,823.00,171.00,851.33,235.29,0.5253
306,415.00,168.00,458.61,266.97,0.3206
306,277.00,174.00,339.56,315.97,0.2539
306,265.00,271.00,298.91,347.94,0.2390
306,683.00,140.00,711.33,204.29,0.1236
306,404.00,223.00,432.33,287.29,0.1074
306,509.00,136.00,548.97,226.69,0.0614
307,836.00,171.00,864.33,235.29,0.3797
307,383.00,158.00,439.82,286.93,0.3712
307,687.00,140.00,715.33,204.29,0.1769
307,910.00,240.00,938.33,304.29,0.1205
307,209.00,222.00,271.56,363.97,0.0888
307,280.00,240.00,313.91,316.94,0.0411
307,827.00,175.00,855.33,239.29,0.0295
308,844.00,171.00,872.33,235.29,0.3781
308,354.00,155.00,416.56,296.97,0.2476
308,216.00,237.00,272.82,365.93,0.2403
308,962.00,258.00,990.33,322.29,0.2115
308,836.00,175.00,864.33,239.29,0.1609
308,155.00,146.00,248.84,358.95,0.0927
308,359.00,252.00,389.82,321.94,0.0851
309,323.00,152.00,404.48,336.90,0.3971
309,855.00,167.00,888.91,243.94,0.2711
309,191.00,149.00,219.33,213.29,0.1609
309,518.00,171.00,546.33,235.29,0.1463
309,160.00,266.00,207.78,374.41,0.0687
310,870.00,167.00,903.91,243.94,0.4919
310,298.00,152.00,379.48,336.90,0.3498
310,271.00,195.00,345.02,362.97,0.2069
311,886.00,167.00,919.91,243.94,0.4975
311,237.00,162.00,323.85,359.09,0.4641
311,210.00,189.00,291.48,373.90,0.3134
311,500.00,171.00,528.33,235.29,0.1534
311,513.00,175.00,541.33,239.29,0.0980
311,686.00,181.00,716.82,250.94,0.0716
312,170.00,146.00,263.84,358.95,0.3999
312,896.00,173.00,929.91,249.94,0.3011
312,698.00,131.00,731.91,207.94,0.1396
313,504.00,175.00,532.33,239.29,0.4085
313,917.00,165.00,953.88,248.69,0.2646
313,693.00,178.00,726.91,254.94,0.0885
313,180.00,222.00,223.61,320.97,0.0411
313,119.00,282.00,162.61,380.97,0.0227
314,504.00,175.00,532.33,239.29,0.5252
314,929.00,171.00,965.88,254.69,0.3741
314,487.00,175.00,515.33,239.29,0.2389
314,954.00,258.00,1001.77,366.41,0.2023
314,586.00,82.00,633.77,190.41,0.0364
314,714.00,127.00,742.33,191.29,0.0106
315,952.00,162.00,995.61,260.97,0.2402
315,500.00,175.00,528.33,239.29,0.2378
315,1000.00,177.00,1081.48,361.90,0.1359
316,500.00,175.00,528.33,239.29,0.3498
316,478.00,167.00,508.82,236.94,0.2412
316,443.00,153.00,471.33,217.29,0.1694
316,16.00,223.00,44.33,287.29,0.1335
316,968.00,183.00,1004.88,266.69,0.0461
317,497.00,171.00,527.82,240.94,0.2712
317,992.00,175.00,1035.61,273.97,0.1003
318,473.00,171.00,503.82,240.94,0.4328
318,492.00,171.00,522.82,240.94,0.3399
318,1020.00,170.00,1067.78,278.41,0.0278
318,463.00,176.00,493.82,245.94,0.0234
319,463.00,173.00,496.91,249.94,0.3575
319,479.00,173.00,512.91,249.94,0.1630
319,1057.00,169.00,1108.77,286.49,0.0576
320,458.00,173.00,491.91,249.94,0.5359
320,952.00,257.00,982.82,326.94,0.2693
320,1100.00,167.00,1156.82,295.93,0.0964
320,208.00,236.00,236.33,300.29,0.0953
320,484.00,178.00,517.91,254.94,0.0695
321,447.00,171.00,483.88,254.69,0.4043
321,1013.00,271.00,1052.97,361.69,0.3093
321,487.00,188.00,515.33,252.29,0.1124
321,132.00,247.00,162.82,316.94,0.0538
322,441.00,177.00,477.88,260.69,0.4167
322,483.00,184.00,511.33,248.29,0.2194
322,753.00,114.00,789.88,197.69,0.2084
322,1105.00,290.00,1144.97,380.69,0.1049
322,593.00,74.00,640.77,182.41,0.1023
322,459.00,186.00,489.82,255.94,0.0928
322,411.00,157.00,444.91,233.94,0.0600
323,441.00,177.00,477.88,260.69,0.5566
323,469.00,177.00,505.88,260.69,0.4861
323,753.00,114.00,789.88,197.69,0.1954
324,437.00,183.00,470.91,259.94,0.5415
324,464.00,177.00,500.88,260.69,0.3824
324,679.00,162.00,707.33,226.29,0.0937
324,767.00,110.00,797.82,179.94,0.0757
325,430.00,183.00,466.88,266.69,0.3900
325,464.00,183.00,500.88,266.69,0.3547
325,719.00,157.00,749.82,226.94,0.2453
325,779.00,118.00,818.97,208.69,0.0505
325,593.00,62.00,649.82,190.93,0.0148
326,421.00,175.00,464.61,273.97,0.4443
326,453.00,185.00,492.97,275.69,0.4188
326,729.00,162.00,759.82,231.94,0.1568
327,961.00,257.00,991.82,326.94,0.5204
327,410.00,191.00,449.97,281.69,0.4798
327,447.00,185.00,486.97,275.69,0.3109
327,734.00,162.00,764.82,231.94,0.2493
328,404.00,191.00,443.97,281.69,0.4378
328,447.00,185.00,486.97,275.69,0.4280
328,1019.00,265.00,1058.97,355.69,0.3727
328,392.00,197.00,431.97,287.69,0.1236
329,392.00,197.00,431.97,287.69,0.5603
329,747.00,160.00,783.88,243.69,0.4664
329,420.00,177.00,471.77,294.49,0.3838
329,1110.00,290.00,1146.88,373.69,0.2451
329,361.00,184.00,389.33,248.29,0.1453
329,740.00,204.00,773.91,280.94,0.1421
329,802.00,97.00,853.77,214.49,0.0372
330,380.00,177.00,431.77,294.49,0.4692
330,755.00,162.00,788.91,238.94,0.2199
330,420.00,177.00,471.77,294.49,0.2019
330,595.00,49.00,657.56,190.97,0.1227
331,358.00,192.00,405.77,300.41,0.4459
331,404.00,185.00,455.77,302.49,0.3943
331,764.00,160.00,800.88,243.69,0.3553
331,858.00,175.00,901.61,273.97,0.1280
331,595.00,49.00,657.56,190.97,0.0290
332,340.00,200.00,391.77,317.49,0.5284
332,373.00,168.00,440.81,321.88,0.3341
332,770.00,160.00,806.88,243.69,0.3233
332,724.00,154.00,763.97,244.69,0.1635
332,822.00,87.00,861.97,177.69,0.0394
333,324.00,200.00,375.77,317.49,0.4970
333,888.00,179.00,916.33,243.29,0.4529
333,936.00,253.00,964.33,317.29,0.3964
333,354.00,184.00,416.56,325.97,0.3032
333,781.00,162.00,814.91,238.94,0.2604
333,313.00,201.00,341.33,265.29,0.1609
333,841.00,87.00,880.97,177.69,0.0723
333,373.00,174.00,435.56,315.97,0.0359
334,897.00,184.00,925.33,248.29,0.4544
334,309.00,208.00,360.77,325.49,0.4454
334,985.00,266.00,1015.82,335.94,0.4076
334,328.00,172.00,402.02,339.97,0.3622
334,793.00,160.00,829.88,243.69,0.3225
334,936.00,175.00,964.33,239.29,0.1108
334,291.00,193.00,324.91,269.94,0.0237
335,794.00,153.00,845.77,270.49,0.6019
335,905.00,184.00,933.33,248.29,0.5825
335,277.00,203.00,339.56,344.97,0.4803
335,321.00,189.00,388.81,342.88,0.4243
335,1050.00,277.00,1089.97,367.69,0.3099
335,945.00,175.00,973.33,239.29,0.1680
335,255.00,163.00,302.77,271.41,0.0971
335,858.00,73.00,909.77,190.49,0.0940
336,914.00,181.00,944.82,250.94,0.7131
336,298.00,177.00,379.48,361.90,0.4497
336,770.00,210.00,798.33,274.29,0.4330
336,810.00,153.00,861.77,270.49,0.4256
336,248.00,210.00,315.81,363.88,0.3065
336,948.00,173.00,981.91,249.94,0.2558
337,271.00,195.00,345.02,362.97,0.5827
337,922.00,178.00,955.91,254.94,0.4114
337,219.00,222.00,281.56,363.97,0.3941
337,959.00,173.00,992.91,249.94,0.3703
337,829.00,148.00,876.77,256.41,0.3127
337,758.00,136.00,820.56,277.97,0.2124
337,212.00,167.00,242.82,236.94,0.1848
337,874.00,59.00,936.56,200.97,0.1205
338,940.00,177.00,976.88,260.69,0.5531
338,235.00,189.00,316.48,373.90,0.4566
338,975.00,173.00,1008.91,249.94,0.3522
338,187.00,162.00,220.91,238.94,0.2306
338,175.00,220.00,242.81,373.88,0.2064
338,885.00,53.00,952.81,206.88,0.0355
339,951.00,177.00,987.88,260.69,0.4772
339,864.00,149.00,920.82,277.93,0.4135
339,985.00,171.00,1021.88,254.69,0.2014
339,132.00,232.00,194.56,373.97,0.1444
340,972.00,175.00,1015.61,273.97,0.6740
340,928.00,251.00,961.91,327.94,0.4807
340,883.00,145.00,945.56,286.97,0.4001
340,1002.00,171.00,1038.88,254.69,0.2558
340,952.00,186.00,982.82,255.94,0.2133
340,133.00,195.00,176.61,293.97,0.1365
340,70.00,230.00,137.81,383.88,0.0374
