1,760.36,169.73,776.30,209.07,0.4154
1,750.19,167.15,765.71,208.10,0.4075
2,747.73,167.50,762.21,208.13,0.5044
2,760.99,171.03,779.71,209.34,0.2869
2,705.32,173.52,723.34,209.00,0.2602
3,747.81,166.33,762.41,209.81,0.4350
3,707.80,173.35,726.78,207.57,0.3399
3,760.71,169.09,777.23,209.80,0.2978
4,751.05,166.03,766.54,210.10,0.5078
4,755.12,167.17,778.14,210.46,0.3382
5,752.56,168.10,768.43,210.38,0.5238
5,770.59,167.98,789.03,210.37,0.5011
5,112.23,180.03,131.07,231.05,0.4397
5,618.36,138.46,629.90,178.42,0.3107
6,752.62,167.39,770.29,212.53,0.5591
6,772.56,169.37,789.43,212.33,0.5244
6,707.13,172.43,725.25,208.81,0.2791
7,755.81,164.68,773.74,214.49,0.7217
7,775.13,167.23,793.53,213.40,0.6276
7,709.36,172.51,725.91,208.33,0.2905
8,757.40,165.01,776.13,215.61,0.7096
8,778.73,167.31,796.67,213.09,0.5271
8,708.92,170.21,726.72,211.54,0.3362
9,759.15,167.28,778.23,213.97,0.7304
9,783.11,166.55,804.69,213.96,0.4979
9,709.08,170.11,728.15,211.56,0.2671
10,786.69,165.87,807.05,215.08,0.6098
10,763.48,168.72,781.38,215.67,0.5819
10,708.31,168.08,728.31,211.86,0.2681
11,767.64,163.14,789.98,218.69,0.7078
11,792.25,163.72,812.77,216.89,0.6922
11,773.58,165.63,806.25,215.85,0.4445
11,178.46,194.64,216.70,264.62,0.3165
11,480.36,170.63,490.92,199.60,0.2615
12,773.42,159.12,795.98,218.71,0.7512
12,798.13,166.68,820.62,215.83,0.6118
12,208.88,152.52,238.09,218.25,0.3337
12,155.06,197.32,194.28,265.97,0.3197
13,803.95,166.83,826.74,216.22,0.6520
13,780.69,160.56,802.09,217.59,0.6350
13,718.16,174.12,739.42,213.21,0.3530
13,191.26,151.53,229.20,221.01,0.3084
13,475.95,169.96,489.06,199.64,0.2987
14,787.79,159.74,809.85,222.06,0.7544
14,182.12,162.35,207.62,222.75,0.6902
14,812.65,166.32,837.15,221.67,0.6832
14,472.14,171.56,483.90,201.03,0.3320
14,716.83,170.85,738.30,219.73,0.3020
15,168.16,160.46,195.47,226.51,0.7511
15,796.18,167.67,818.29,227.69,0.7193
15,823.15,165.64,848.55,226.98,0.6693
15,469.70,171.12,482.43,204.83,0.3858
16,806.14,168.09,829.96,231.75,0.7713
16,155.00,168.62,182.65,228.80,0.7649
16,835.46,168.87,859.60,231.94,0.6828
16,467.40,174.22,481.09,207.12,0.5811
16,726.76,169.89,752.23,225.55,0.4790
16,507.49,170.10,522.92,201.65,0.2616
17,138.51,169.12,167.88,230.96,0.7487
17,814.77,170.69,841.03,237.93,0.7415
17,845.46,170.10,872.83,239.09,0.7072
17,465.22,175.98,478.95,209.25,0.5125
17,507.15,172.74,521.12,201.59,0.2788
18,858.36,173.27,887.33,243.66,0.7653
18,826.52,168.22,854.29,240.44,0.7407
18,124.27,153.38,151.05,231.04,0.6931
18,463.85,175.64,477.76,209.44,0.5618
18,827.16,169.59,886.64,241.44,0.3097
18,431.61,170.79,444.39,199.43,0.3019
18,737.72,176.95,761.97,230.37,0.2841
18,711.65,174.95,729.28,210.09,0.2645
19,874.94,171.04,903.93,245.27,0.7274
19,837.20,167.73,868.39,242.89,0.7139
19,107.29,166.37,130.89,231.71,0.5163
19,460.56,174.03,475.20,209.16,0.4121
20,889.93,166.38,919.45,245.31,0.7981
20,85.16,160.83,111.75,232.56,0.7760
20,851.15,161.89,884.84,245.71,0.6941
20,456.94,170.74,473.33,207.86,0.3778
20,716.30,174.82,731.47,205.79,0.2589
21,62.65,161.61,91.04,232.60,0.8258
21,903.84,158.09,938.12,246.62,0.7812
21,863.38,160.69,901.79,246.36,0.7371
21,456.94,169.93,470.62,205.76,0.2755
21,690.31,152.52,709.34,200.87,0.2537
22,882.40,154.16,919.48,247.81,0.7581
22,924.93,158.05,959.07,247.27,0.7354
22,36.79,158.24,67.30,233.17,0.7095
22,452.45,165.66,468.06,203.75,0.4947
23,901.13,152.75,941.86,251.97,0.8262
23,948.64,159.45,984.42,255.91,0.7961
23,10.85,157.69,40.45,238.07,0.6852
23,449.57,169.21,464.97,207.26,0.5931
23,902.21,158.76,986.14,252.92,0.3623
23,727.04,165.90,746.18,205.94,0.2530
24,918.26,156.20,961.94,266.06,0.8246
24,971.48,163.23,1011.42,265.11,0.7767
24,445.69,171.78,460.47,213.07,0.5640
24,0.00,157.22,14.77,247.67,0.4857
25,1002.69,165.33,1041.51,275.46,0.7637
25,939.25,159.81,990.70,277.44,0.7475
25,440.97,178.92,458.32,220.35,0.5514
26,1035.60,160.49,1083.36,283.92,0.7863
26,964.42,159.94,1021.61,286.19,0.7612
26,439.62,179.87,455.87,221.83,0.6514
26,1108.85,175.24,1143.76,222.23,0.2990
26,499.75,177.92,512.53,208.45,0.2507
27,1000.73,155.59,1060.03,295.21,0.8344
27,1076.66,159.98,1125.35,293.53,0.7479
27,435.05,178.41,451.98,221.94,0.6605
27,497.29,175.69,510.71,208.56,0.2888
28,1123.12,155.74,1194.10,301.30,0.8192
28,1043.61,149.03,1105.00,301.07,0.8108
28,431.21,172.95,448.09,218.23,0.5336
28,741.26,167.33,761.07,212.73,0.3074
29,1095.38,141.77,1162.40,315.46,0.8838
29,1181.20,153.48,1242.00,312.88,0.7603
29,427.29,173.16,444.27,218.36,0.5416
30,1155.52,144.14,1240.98,333.33,0.8845
30,421.18,172.88,440.57,221.91,0.5553
30,755.03,174.13,782.96,217.28,0.2503
31,413.41,175.73,432.87,223.93,0.5626
31,490.02,175.42,504.22,209.42,0.3553
31,801.58,165.48,823.02,197.48,0.3055
31,796.21,167.55,827.73,221.79,0.2541
32,407.97,178.85,425.45,226.35,0.4730
32,346.01,175.27,363.97,210.67,0.4466
33,334.88,172.76,353.41,216.68,0.5343
33,402.90,179.14,420.15,225.59,0.5287
33,486.14,177.28,498.95,208.20,0.2705
34,393.00,174.54,413.95,225.43,0.5500
34,483.94,174.35,497.39,207.58,0.3782
34,325.25,169.80,346.11,200.16,0.2916
35,383.73,173.02,405.58,226.04,0.6040
35,313.99,166.90,335.86,193.95,0.2935
36,379.68,171.57,401.77,227.63,0.6577
36,830.08,181.23,865.76,237.42,0.3118
36,304.22,167.23,325.31,195.66,0.2796
37,371.56,173.67,394.17,228.08,0.6715
37,294.28,163.73,314.72,217.89,0.6289
37,475.30,170.64,489.63,208.51,0.2944
38,359.17,174.26,383.24,233.44,0.6775
38,281.96,167.74,301.61,211.19,0.2942
38,472.63,171.56,489.43,209.62,0.2916
39,266.42,167.44,287.08,224.63,0.6634
39,349.91,174.69,376.41,236.44,0.5572
39,468.55,172.30,484.06,211.39,0.4116
40,342.25,173.44,366.14,238.65,0.7322
40,253.35,169.62,273.85,224.71,0.6087
40,873.93,180.23,917.35,254.08,0.3560
40,464.11,177.62,480.14,212.00,0.3431
41,326.20,173.36,352.79,242.42,0.6596
41,236.32,169.85,259.58,226.47,0.5005
41,458.88,175.98,475.66,213.91,0.4766
42,310.94,172.96,343.95,246.30,0.7036
42,217.11,167.13,241.01,227.82,0.6937
42,456.30,174.63,472.83,212.85,0.4161
42,190.68,172.43,207.14,220.60,0.3055
42,906.17,180.99,945.63,258.76,0.2752
43,198.54,167.10,223.43,231.10,0.7704
43,296.46,173.67,327.67,252.13,0.5904
43,448.77,177.16,465.48,215.85,0.3370
43,920.87,179.72,970.88,267.68,0.3053
44,176.62,168.47,202.73,232.05,0.6908
44,278.84,176.85,314.13,256.25,0.6311
44,443.72,174.91,459.35,219.34,0.5146
44,157.98,171.78,178.92,225.95,0.3079
45,149.20,163.84,184.79,235.79,0.6518
45,262.01,176.43,293.99,260.41,0.5747
45,437.25,169.99,456.15,221.06,0.4190
46,126.52,165.54,166.86,242.15,0.7750
46,241.09,178.83,278.26,265.11,0.7098
47,217.19,177.10,254.83,268.46,0.7344
47,102.82,166.64,142.55,244.88,0.7304
47,460.13,168.53,475.34,207.91,0.2820
47,422.72,169.76,441.08,224.97,0.2584
48,192.54,178.57,234.55,278.08,0.7765
48,74.23,169.58,113.34,247.57,0.7324
48,415.24,167.84,434.35,225.54,0.3093
48,717.93,170.71,729.34,202.28,0.2566
49,40.13,165.61,80.86,250.12,0.7708
49,160.67,175.02,204.26,284.04,0.7578
49,742.97,169.51,760.15,210.75,0.2853
49,719.14,166.65,729.72,202.58,0.2823
50,128.27,179.22,174.64,292.05,0.8107
50,6.76,163.82,47.31,255.22,0.7294
50,401.39,168.56,421.71,227.59,0.3858
50,719.62,169.17,731.58,204.73,0.3115
50,744.21,171.40,764.26,213.96,0.3091
50,1087.69,195.42,1123.19,232.57,0.2986
50,506.41,167.07,523.74,204.54,0.2573
51,89.14,180.57,139.91,299.62,0.7892
51,235.42,184.40,254.80,214.13,0.3048
51,720.01,172.86,731.33,206.18,0.3028
51,745.92,172.64,765.96,215.52,0.2938
52,43.76,181.61,101.28,313.10,0.7929
52,384.47,168.95,407.49,234.13,0.3978
52,720.41,173.80,731.99,207.48,0.3097
52,0.00,185.15,12.09,248.97,0.2660
53,0.16,184.78,56.11,324.47,0.7236
53,372.58,168.37,395.23,237.45,0.6113
53,748.50,173.40,770.76,222.03,0.3467
54,753.71,173.15,777.21,223.75,0.4977
54,721.98,172.01,736.12,210.55,0.3829
54,363.99,168.30,387.19,239.61,0.3290
54,188.83,186.48,211.26,234.69,0.3256
55,757.95,171.30,782.16,224.26,0.5344
55,726.13,168.46,740.16,211.01,0.3806
55,430.60,172.63,444.46,215.62,0.3095
55,746.47,171.12,771.28,219.39,0.2718
56,726.27,167.71,742.23,211.31,0.4861
56,154.63,186.31,178.50,240.89,0.4565
56,763.29,168.54,792.33,224.52,0.4036
56,746.04,171.47,765.07,212.89,0.3299
56,340.17,171.91,362.58,247.10,0.2865
57,725.62,170.87,740.64,212.19,0.5436
57,768.51,172.71,793.14,226.60,0.4329
57,413.78,171.15,431.12,216.14,0.3583
57,745.41,174.41,763.75,211.07,0.3412
57,134.81,186.74,159.09,237.43,0.3377
57,754.89,173.26,786.56,221.67,0.2519
58,725.10,169.77,741.11,214.86,0.6322
58,302.78,164.27,333.55,254.42,0.4424
58,411.80,173.52,428.73,219.75,0.3790
58,746.33,174.08,764.91,212.77,0.3463
58,390.94,183.39,407.74,216.91,0.3134
58,768.53,173.16,795.64,226.27,0.3134
59,724.65,165.43,744.60,216.96,0.5999
59,285.46,165.35,318.09,257.22,0.4566
59,771.04,171.12,799.19,228.96,0.3379
59,747.46,173.23,766.62,214.22,0.2998
59,400.50,169.92,418.50,219.18,0.2767
60,261.71,159.46,301.49,262.55,0.7524
60,725.42,167.41,745.55,220.12,0.5635
60,395.61,169.99,414.60,220.61,0.4499
60,374.56,186.42,392.96,217.20,0.4022
60,774.99,173.78,802.01,235.57,0.3857
60,759.48,179.25,779.18,215.47,0.2514
61,236.94,164.63,280.53,262.93,0.6945
61,724.57,167.52,747.21,219.94,0.6244
61,853.03,171.24,875.13,231.08,0.5116
61,785.31,167.53,813.52,236.08,0.5031
61,386.75,172.74,406.64,221.24,0.3819
61,761.10,182.11,780.08,217.05,0.3327
61,764.19,170.82,796.25,229.68,0.2894
61,735.60,173.68,762.03,219.67,0.2745
61,366.93,179.73,386.63,220.30,0.2724
62,216.32,162.54,260.07,271.95,0.7949
62,378.63,167.72,399.89,222.65,0.5927
62,856.21,171.31,880.04,229.36,0.5054
62,724.43,169.18,746.76,220.07,0.4859
62,784.60,170.97,817.95,238.43,0.3687
62,5.92,191.05,32.03,222.18,0.2862
62,742.64,176.30,765.00,219.90,0.2861
62,357.21,190.18,376.14,219.32,0.2717
63,370.65,171.06,392.67,226.40,0.7010
63,191.59,164.15,233.61,284.91,0.6887
63,792.87,170.58,825.12,246.39,0.5126
63,865.84,169.69,891.47,233.94,0.4933
63,733.68,174.50,750.88,224.08,0.4214
63,741.39,178.68,756.63,223.10,0.3344
63,112.89,191.76,144.09,261.66,0.3284
63,720.94,173.95,737.42,212.80,0.2572
64,795.07,163.12,830.51,248.73,0.6888
64,156.31,156.90,206.94,287.94,0.6566
64,363.77,169.28,384.38,226.44,0.5444
64,875.35,168.11,901.54,235.63,0.4409
64,208.48,179.68,229.19,228.33,0.4284
64,731.23,170.10,755.06,224.60,0.3677
64,336.28,188.83,355.48,220.57,0.3122
64,437.43,172.89,454.86,222.01,0.3029
64,863.43,170.97,887.40,228.96,0.3002
64,742.03,177.51,760.59,224.08,0.2898
64,854.61,173.02,873.34,217.51,0.2519
65,118.30,154.08,176.39,297.86,0.7831
65,800.33,164.55,836.53,251.00,0.6360
65,355.58,169.32,377.54,223.90,0.5629
65,740.70,175.98,756.04,225.14,0.4675
65,192.54,181.72,214.70,230.26,0.4259
65,889.52,167.22,914.57,235.26,0.3733
65,328.56,185.61,348.20,219.51,0.3546
65,876.16,167.30,905.87,235.64,0.3457
65,855.81,175.84,872.98,218.30,0.3009
65,767.89,178.69,798.99,223.10,0.2634
66,81.36,154.81,137.59,301.94,0.6870
66,344.41,166.78,369.28,227.26,0.6257
66,803.78,165.19,841.63,253.79,0.5536
66,740.38,168.79,759.87,227.71,0.4363
66,162.39,180.17,192.75,227.40,0.3905
66,882.84,173.98,903.01,236.11,0.3693
66,317.98,184.69,337.80,221.36,0.3563
66,895.12,172.33,920.93,236.57,0.3132
66,759.13,179.00,778.40,223.35,0.2603
66,327.40,173.75,363.21,223.71,0.2552
67,33.44,148.21,101.61,309.25,0.7964
67,331.89,165.30,358.32,228.67,0.7548
67,812.80,164.14,851.05,254.72,0.6258
67,741.88,161.03,765.49,229.05,0.5910
67,138.30,178.59,171.58,229.41,0.4129
67,907.21,166.46,934.64,237.29,0.4096
67,306.62,181.13,328.83,220.63,0.3313
67,166.62,177.09,188.28,221.11,0.3205
67,891.28,165.81,918.34,235.46,0.2905
68,0.00,152.70,49.74,328.51,0.8185
68,323.84,166.74,350.06,228.21,0.6989
68,896.75,160.32,921.77,237.95,0.6806
68,825.10,159.21,869.75,256.77,0.6349
68,743.84,158.47,766.74,228.94,0.5841
68,918.74,166.66,946.54,243.05,0.5743
68,1082.95,155.04,1113.95,219.10,0.4963
68,293.98,184.90,318.25,220.42,0.4245
68,112.15,182.31,149.97,234.92,0.3657
68,904.10,162.35,935.30,237.28,0.3549
68,148.49,182.04,167.38,222.41,0.2510
69,312.08,163.62,338.51,230.86,0.6721
69,907.41,169.50,933.20,243.77,0.6224
69,1108.04,153.82,1152.21,233.82,0.6142
69,838.51,162.94,883.33,260.87,0.5075
69,930.68,169.57,955.85,246.32,0.4957
69,380.92,169.44,406.96,227.99,0.4408
69,1019.22,203.02,1076.71,293.46,0.4378
69,756.09,175.35,773.80,234.34,0.3800
69,556.38,115.42,582.07,164.82,0.3661
69,128.00,187.66,149.14,232.98,0.3618
69,94.97,184.13,129.50,237.16,0.3418
69,748.24,165.37,769.52,236.79,0.2997
69,90.25,182.31,123.26,214.33,0.2708
70,300.10,165.18,324.97,241.31,0.6815
70,941.51,167.36,971.07,251.07,0.6488
70,852.56,160.44,900.47,267.29,0.6197
70,1135.31,154.82,1188.24,234.78,0.5468
70,750.98,163.29,776.18,234.87,0.5195
70,916.36,171.28,944.03,246.02,0.5094
70,267.86,189.20,293.47,227.82,0.4205
70,1043.11,205.87,1116.95,300.99,0.4107
70,381.65,176.50,403.63,231.70,0.3716
70,106.24,187.96,129.31,231.79,0.3643
70,1193.51,185.34,1222.49,245.38,0.3621
70,69.51,185.65,104.50,240.05,0.3110
70,555.10,116.08,580.06,159.30,0.2943
71,957.49,167.60,990.12,261.58,0.7726
71,928.72,165.84,959.45,254.46,0.7223
71,863.57,163.20,916.92,277.76,0.7163
71,287.08,168.60,313.31,241.22,0.7093
71,754.06,163.88,782.94,246.11,0.6791
71,1158.89,149.58,1238.21,243.44,0.5829
71,255.22,189.33,280.57,232.21,0.5620
71,367.99,175.26,392.10,236.79,0.5424
71,49.18,187.36,85.14,243.88,0.2524
72,273.35,169.43,300.44,248.07,0.7632
72,882.19,159.66,938.51,286.68,0.7404
72,973.13,162.82,1004.52,264.89,0.6994
72,941.35,163.99,975.42,259.79,0.6447
72,758.73,164.41,786.23,245.16,0.6169
72,1121.87,216.73,1225.33,330.47,0.5516
72,1195.71,150.74,1241.67,251.15,0.4434
72,355.67,179.84,379.39,240.51,0.4048
72,243.16,194.51,265.67,233.18,0.3958
72,23.06,189.86,57.11,216.01,0.3930
72,193.43,186.06,226.40,238.07,0.2787
73,898.49,161.00,963.58,295.54,0.7139
73,259.76,171.61,286.65,250.55,0.6981
73,763.44,161.47,794.41,246.92,0.6308
73,990.25,163.31,1025.43,268.92,0.5833
73,958.92,161.80,995.92,265.01,0.5637
73,341.06,178.47,367.05,242.79,0.5196
73,1171.24,220.14,1241.07,321.57,0.5121
73,227.19,193.69,251.96,233.53,0.4605
73,109.00,190.85,151.63,244.58,0.3342
73,175.59,187.47,207.38,238.83,0.3022
73,32.62,189.97,58.85,219.10,0.3008
73,0.00,188.45,26.64,221.79,0.2950
73,507.52,174.25,527.19,209.01,0.2686
74,244.52,171.42,273.64,253.24,0.8271
74,1010.33,165.64,1049.03,275.21,0.7636
74,923.09,154.48,992.35,302.56,0.7505
74,764.78,159.02,797.45,254.84,0.6965
74,211.24,194.81,233.86,235.51,0.4944
74,3.19,191.31,33.09,220.52,0.4061
74,985.07,163.26,1013.43,268.86,0.3339
74,498.27,170.31,525.40,210.57,0.2992
74,81.48,192.66,122.92,245.29,0.2743
75,950.09,153.64,1030.42,307.82,0.7898
75,228.21,168.49,258.97,256.24,0.7443
75,1029.98,164.70,1075.68,282.14,0.7312
75,769.84,159.64,805.41,254.48,0.6764
75,191.69,194.39,220.23,238.86,0.5044
75,308.63,178.81,335.24,251.26,0.3791
75,842.78,180.80,869.39,246.09,0.3342
75,292.36,178.28,308.58,218.60,0.2924
75,813.17,185.10,845.89,243.24,0.2758
76,987.76,155.70,1069.10,319.08,0.8057
76,210.69,169.79,244.58,259.35,0.7948
76,1063.02,165.04,1108.25,290.37,0.7392
76,774.73,162.64,813.33,257.67,0.7052
76,172.63,193.70,205.04,239.16,0.4321
76,32.54,191.12,71.30,257.66,0.3288
76,818.26,193.47,847.51,245.83,0.3261
76,287.53,175.64,320.88,254.86,0.2896
77,191.68,165.38,226.20,262.28,0.8347
77,1022.19,155.10,1122.99,337.25,0.7659
77,791.20,163.28,824.10,266.05,0.5704
77,153.94,194.30,183.91,239.85,0.5273
77,0.75,192.21,41.42,251.96,0.5067
77,273.08,167.74,305.90,259.85,0.4645
77,594.25,158.22,614.54,203.43,0.4564
77,776.24,188.56,795.87,246.97,0.4418
77,1090.75,163.76,1141.34,302.55,0.3731
77,860.59,182.19,888.57,258.89,0.3699
77,479.66,168.68,507.33,213.23,0.3235
77,77.77,184.20,126.23,245.50,0.3027
77,827.71,185.37,857.74,248.70,0.3009
78,1075.51,151.53,1182.91,353.42,0.7835
78,172.26,166.45,207.68,266.27,0.7693
78,798.05,156.49,840.11,276.55,0.7187
78,130.81,193.70,164.80,244.30,0.6597
78,249.98,172.06,290.91,264.01,0.5408
78,779.56,174.63,805.07,248.94,0.5119
78,1075.50,159.08,1123.37,322.28,0.4683
78,53.58,188.62,98.46,249.53,0.4660
78,471.67,170.22,497.91,217.92,0.4492
78,778.82,168.03,826.79,262.84,0.3479
79,1136.77,151.76,1240.46,363.63,0.8182
79,1119.76,162.71,1168.73,301.74,0.7876
79,152.18,169.63,188.24,271.12,0.7749
79,810.03,160.93,847.02,284.99,0.7026
79,786.08,178.73,812.15,256.66,0.6691
79,110.65,201.43,144.81,249.96,0.5160
79,228.56,172.77,268.55,269.73,0.4384
79,19.38,192.58,76.33,260.34,0.4275
79,465.04,170.24,492.23,220.48,0.3555
79,596.31,168.96,619.21,204.73,0.3486
79,872.38,181.80,907.78,221.69,0.2829
79,857.86,182.23,913.49,257.81,0.2790
79,825.04,159.39,859.63,261.95,0.2728
80,1159.88,157.51,1219.35,312.58,0.8574
80,127.45,170.73,167.77,283.69,0.8410
80,820.35,155.53,865.61,295.14,0.7579
80,84.23,201.80,119.66,256.29,0.6362
80,204.26,181.73,246.16,277.93,0.5790
80,1211.28,162.14,1241.96,358.54,0.5521
80,788.84,190.42,820.20,260.42,0.4588
80,862.35,188.71,924.18,269.18,0.4037
80,455.79,174.22,481.47,226.59,0.4024
80,0.25,191.24,37.18,263.12,0.3995
80,587.45,157.25,615.67,206.84,0.2737
80,1219.41,155.30,1240.97,267.93,0.2695
81,1208.84,166.13,1241.98,327.12,0.8216
81,97.68,175.48,153.93,282.89,0.7982
81,802.73,202.34,826.59,266.50,0.7085
81,836.22,155.14,885.19,303.84,0.6990
81,176.63,175.13,215.81,287.12,0.6422
81,56.86,204.04,94.77,258.92,0.5630
81,443.20,168.22,469.72,228.41,0.4620
81,862.18,157.60,897.28,292.69,0.2734
82,66.65,172.74,122.14,290.05,0.8413
82,144.79,174.65,190.75,292.44,0.7077
82,854.14,151.12,903.79,314.60,0.6955
82,814.66,206.15,839.11,271.49,0.6848
82,835.82,202.18,864.75,272.29,0.5401
82,29.08,205.04,69.01,261.12,0.4761
82,432.87,169.18,454.50,227.73,0.4618
82,602.98,163.10,627.12,211.51,0.4232
82,441.45,173.66,470.55,224.46,0.2827
82,894.35,198.44,968.17,283.14,0.2695
83,49.41,169.62,94.79,291.68,0.8242
83,108.15,168.01,157.91,299.91,0.7558
83,873.31,150.26,932.04,328.77,0.7120
83,0.00,201.21,38.62,266.10,0.6313
83,826.07,202.64,855.12,279.98,0.6254
83,424.11,170.54,446.06,232.84,0.5402
83,607.68,172.00,626.19,212.50,0.4767
83,195.23,177.23,231.65,239.24,0.4188
83,786.50,175.08,817.53,207.86,0.3931
83,847.97,201.96,879.04,280.59,0.3899
83,444.12,174.88,462.87,224.25,0.2895
83,933.51,195.15,978.03,252.63,0.2540
84,15.19,165.65,63.14,298.38,0.8076
84,62.39,166.04,124.36,311.46,0.7942
84,894.72,144.72,959.20,340.23,0.7672
84,864.15,201.47,897.34,288.44,0.7194
84,840.15,204.13,869.93,287.93,0.6303
84,415.56,165.50,434.72,232.87,0.5615
84,608.51,171.74,628.82,211.51,0.5006
84,179.10,172.99,214.45,242.73,0.3725
84,426.85,169.39,448.55,227.08,0.3305
84,789.09,174.21,819.58,208.85,0.3260
85,8.55,165.72,77.67,322.17,0.7891
85,923.45,139.66,994.40,360.54,0.7668
85,857.62,209.66,893.13,297.30,0.7460
85,889.56,206.48,920.57,296.09,0.7395
85,0.00,165.33,41.84,315.86,0.5285
85,400.56,163.43,425.67,237.82,0.4888
85,174.29,175.93,200.31,245.11,0.4759
85,609.57,170.58,632.85,212.58,0.4625
85,152.32,179.63,181.75,244.88,0.3854
85,412.69,166.77,439.15,227.89,0.3637
85,979.08,196.69,1013.45,313.39,0.3275
85,794.15,177.25,826.77,209.51,0.2601
86,969.79,143.70,1050.20,371.06,0.8155
86,878.97,215.64,919.69,310.22,0.7204
86,918.24,211.51,950.57,309.30,0.6947
86,0.28,196.88,31.28,331.75,0.5169
86,130.39,177.18,165.03,248.05,0.4306
86,149.82,175.95,176.99,249.00,0.3982
86,388.81,167.34,407.61,223.15,0.3631
86,612.37,173.62,637.29,210.17,0.3452
86,387.82,169.23,422.04,246.05,0.3444
86,903.80,176.77,924.75,225.44,0.3281
86,860.41,168.75,874.58,218.16,0.3187
86,400.63,169.17,426.17,229.73,0.3101
86,793.57,178.20,828.84,212.83,0.2759
87,1013.53,137.38,1118.77,370.77,0.8146
87,905.59,212.56,952.79,324.46,0.7713
87,863.13,167.12,881.72,218.82,0.5972
87,946.72,208.81,987.23,323.60,0.5869
87,128.58,171.22,155.03,251.74,0.5454
87,369.28,165.99,397.07,235.50,0.4536
87,811.08,178.82,832.21,213.84,0.3954
87,976.58,195.82,1021.67,315.59,0.3714
87,107.25,179.42,138.07,248.03,0.2915
88,1067.72,129.30,1211.01,372.17,0.8114
88,933.44,222.60,994.61,340.68,0.7258
88,984.94,213.28,1043.42,342.48,0.7096
88,868.24,167.99,885.11,219.42,0.5870
88,86.17,174.19,133.43,255.32,0.5007
88,354.14,168.29,384.27,246.68,0.4946
88,383.31,168.32,406.40,231.82,0.4207
88,812.31,180.65,833.76,214.74,0.3378
88,50.08,194.91,96.95,252.21,0.2997
88,917.46,178.50,935.35,219.49,0.2773
89,973.38,238.08,1047.26,360.00,0.7301
89,1158.71,114.75,1242.00,373.29,0.6235
89,57.01,169.96,117.40,259.73,0.5755
89,334.58,167.12,369.56,251.52,0.5453
89,620.68,170.06,646.77,214.13,0.4910
89,1030.12,224.76,1147.85,362.54,0.3861
89,872.22,171.03,888.05,210.47,0.3577
89,365.89,167.84,390.53,232.92,0.3203
89,810.86,177.82,837.49,214.39,0.3113
89,1014.90,192.22,1063.48,250.16,0.2545
90,1091.23,227.96,1168.46,372.93,0.7517
90,1029.47,233.09,1101.96,374.58,0.6839
90,875.85,168.97,895.48,221.83,0.5662
90,623.11,172.31,646.01,216.56,0.5419
90,27.20,170.46,72.66,261.79,0.5385
90,313.79,163.62,345.73,243.65,0.5126
90,345.29,163.79,374.27,240.21,0.4571
90,803.96,176.64,842.82,215.65,0.3857
90,221.49,180.33,261.00,236.77,0.3564
90,1038.47,192.07,1099.21,266.91,0.3421
90,0.00,194.64,37.49,262.25,0.3263
90,930.62,174.89,949.24,221.35,0.3231
91,625.74,170.37,650.71,220.50,0.6420
91,326.75,167.95,355.61,248.14,0.6375
91,1182.28,235.51,1241.89,372.47,0.6306
91,202.80,179.86,243.47,241.63,0.6062
91,1108.38,237.13,1211.93,373.12,0.5387
91,883.90,169.16,903.81,221.05,0.5368
91,0.75,174.15,37.66,267.60,0.4976
91,1073.67,196.89,1134.71,303.31,0.4739
91,290.46,166.87,323.46,256.63,0.4011
91,938.14,176.56,961.70,225.39,0.2806
91,277.92,201.54,332.86,274.03,0.2786
92,303.41,166.72,337.06,251.68,0.6635
92,627.49,173.81,652.47,222.53,0.6510
92,887.73,167.00,910.65,224.80,0.6463
92,1204.16,292.55,1242.00,368.23,0.5981
92,810.24,180.22,851.63,220.37,0.5492
92,184.86,182.52,228.85,245.38,0.5342
92,247.81,162.96,298.22,264.86,0.4887
92,270.40,166.34,333.80,258.57,0.4476
92,943.92,177.48,969.07,226.10,0.2992
92,1104.42,222.99,1180.01,315.88,0.2917
92,1066.80,176.13,1098.22,217.53,0.2802
92,798.00,170.02,808.22,196.39,0.2597
93,894.03,167.34,915.76,225.48,0.7119
93,275.92,173.46,317.19,261.89,0.5992
93,630.96,174.20,655.60,224.39,0.5813
93,221.24,165.29,268.78,285.28,0.5043
93,164.01,187.93,204.13,250.03,0.4452
93,816.98,180.37,854.80,221.12,0.4346
93,960.55,169.57,979.70,229.59,0.3935
93,1094.10,174.42,1122.02,218.48,0.3793
93,1146.68,204.22,1228.54,324.05,0.3435
94,898.95,164.48,925.76,229.65,0.6746
94,967.86,165.95,991.66,231.34,0.6387
94,634.32,176.72,658.40,221.99,0.6167
94,178.91,166.04,237.75,301.10,0.5610
94,249.86,173.10,293.46,265.28,0.5247
94,147.71,188.21,183.03,254.29,0.4999
94,1111.29,177.31,1144.41,221.92,0.4396
94,1183.43,203.18,1240.45,324.49,0.4237
94,818.65,182.82,861.19,224.31,0.3397
95,131.03,166.00,192.91,311.41,0.6877
95,905.15,167.64,932.46,231.26,0.6637
95,634.85,176.02,659.65,221.02,0.6538
95,980.91,168.37,1005.15,233.43,0.5915
95,232.24,172.36,272.85,272.02,0.5236
95,1139.83,182.64,1167.17,225.04,0.3935
95,971.31,166.89,996.13,231.67,0.3885
95,964.75,169.92,984.15,228.99,0.3582
95,820.95,181.13,866.18,225.07,0.2520
96,67.41,162.95,145.68,323.20,0.7059
96,175.19,167.73,238.23,275.85,0.6999
96,989.84,162.41,1017.84,236.58,0.6597
96,911.88,165.79,939.96,233.57,0.6478
96,638.15,175.66,661.82,221.35,0.5597
96,820.25,182.01,872.43,226.25,0.2595
97,2.86,162.04,83.10,343.94,0.7933
97,131.16,170.64,199.25,287.88,0.7240
97,922.27,168.89,947.86,232.76,0.6942
97,640.52,173.13,665.89,222.99,0.6618
97,1003.62,163.98,1034.46,239.42,0.5727
97,76.51,184.77,116.82,274.64,0.4436
97,829.47,184.16,881.09,228.28,0.3995
97,1180.26,176.37,1228.95,242.52,0.3339
98,929.97,163.47,954.20,235.98,0.6975
98,80.87,172.74,157.14,293.49,0.6880
98,1020.01,165.15,1047.73,243.61,0.6679
98,642.77,175.62,672.22,223.35,0.5739
98,829.62,182.96,887.12,230.38,0.5294
98,56.83,187.63,87.64,264.50,0.4278
98,307.88,177.03,326.43,215.40,0.3261
98,1226.00,182.68,1242.00,229.56,0.2842
99,936.55,164.05,965.85,237.84,0.7764
99,1032.72,163.16,1065.25,246.64,0.7251
99,24.04,169.08,103.31,313.76,0.6665
99,647.73,175.33,675.70,224.08,0.5908
99,836.43,182.42,894.99,232.71,0.5036
99,297.15,177.27,317.49,217.56,0.2884
100,1047.19,164.57,1081.41,245.98,0.7108
100,946.65,164.55,975.10,237.99,0.6625
100,0.26,184.49,38.60,315.80,0.6095
100,285.09,171.23,307.76,219.91,0.5372
100,651.39,175.77,679.42,224.92,0.5276
100,842.18,182.86,905.09,235.01,0.2711
101,956.51,162.33,985.70,240.27,0.7671
101,1065.88,161.96,1102.54,252.82,0.7364
101,655.21,172.44,681.68,228.68,0.6004
101,842.12,182.89,909.39,235.57,0.3984
101,273.37,174.11,298.70,219.67,0.3403
102,1083.55,164.21,1124.63,254.88,0.7843
102,965.68,164.06,999.32,244.52,0.7776
102,658.32,175.26,682.35,224.62,0.5853
102,259.17,168.44,285.43,218.72,0.4100
102,854.80,183.26,921.26,238.22,0.2888
103,978.08,163.39,1009.50,243.45,0.7350
103,1103.14,162.54,1149.91,260.35,0.7103
103,247.53,158.36,274.87,217.10,0.5878
103,661.64,174.39,688.21,221.37,0.5159
103,868.61,182.98,919.93,237.46,0.4236
104,992.62,159.40,1025.76,244.60,0.7089
104,1127.02,160.04,1177.76,263.94,0.7079
104,666.78,172.56,689.84,222.46,0.6534
104,232.62,156.60,263.26,220.50,0.5845
104,866.06,182.17,922.06,239.87,0.5215
105,1003.28,157.93,1037.87,244.88,0.7987
105,1154.36,157.36,1208.51,267.56,0.6733
105,669.28,172.76,693.49,221.61,0.5745
105,218.14,157.67,251.55,222.89,0.5530
105,878.43,180.80,953.61,241.54,0.4384
105,1144.42,160.71,1177.33,257.89,0.3335
106,1016.48,158.91,1053.16,250.61,0.7455
106,1195.75,158.85,1241.49,273.69,0.6402
106,496.16,173.48,516.35,228.98,0.5907
106,203.59,158.81,240.85,225.41,0.5667
106,672.67,170.11,697.16,223.46,0.5642
106,877.12,181.95,939.58,245.21,0.4969
106,1172.62,161.70,1208.18,260.69,0.3976
106,907.01,182.30,962.88,246.78,0.3209
107,1029.69,162.53,1068.34,254.88,0.7759
107,675.80,173.49,700.09,228.23,0.7059
107,490.04,176.68,511.13,228.33,0.6524
107,190.74,160.69,226.43,227.83,0.5681
107,1203.71,164.37,1242.00,270.13,0.5206
107,891.43,182.26,952.43,248.12,0.4150
107,939.19,183.25,979.28,249.35,0.2917
108,1045.99,163.41,1084.77,261.57,0.7957
108,485.72,174.09,509.93,230.12,0.6904
108,680.29,179.05,701.82,231.07,0.6688
108,179.36,159.53,215.39,228.72,0.5498
108,893.09,184.63,957.39,253.37,0.4460
108,948.28,186.17,991.37,256.12,0.2538
109,1064.02,162.38,1101.87,262.94,0.7932
109,683.34,169.50,705.72,230.77,0.7582
109,153.32,151.84,197.89,228.21,0.6980
109,483.17,172.57,507.63,231.76,0.5786
109,904.91,182.52,977.17,255.14,0.5154
109,951.28,188.25,1006.64,261.55,0.3726
110,1080.15,157.40,1119.90,261.91,0.7584
110,478.48,173.66,501.15,232.24,0.7247
110,684.73,170.90,705.93,227.89,0.6680
110,143.45,152.16,185.98,232.88,0.6398
110,920.74,180.87,986.68,257.05,0.6351
110,976.58,184.84,1029.13,264.28,0.3454
110,130.20,152.45,168.65,231.16,0.3351
111,1099.13,155.45,1144.90,267.67,0.7942
111,473.08,170.35,497.08,232.44,0.7210
111,688.05,171.05,705.36,227.83,0.6059
111,116.86,150.81,163.26,233.03,0.6022
111,960.10,186.79,1046.55,265.28,0.3051
112,1120.41,160.63,1163.53,270.10,0.7959
112,98.00,149.19,145.31,235.34,0.6502
112,470.10,168.55,493.57,236.86,0.6443
112,688.72,167.39,707.39,227.73,0.6286
112,977.59,190.49,1065.33,271.24,0.5988
113,1143.15,159.44,1190.83,274.87,0.7679
113,465.13,173.95,486.95,236.42,0.7629
113,688.69,169.22,707.71,226.94,0.6564
113,63.07,145.34,107.92,237.54,0.6280
113,96.02,158.17,126.32,236.95,0.5664
113,1008.69,189.29,1088.46,277.40,0.5412
114,1168.79,160.30,1215.13,282.72,0.7898
114,457.82,176.27,482.31,241.86,0.7666
114,40.42,148.07,77.09,242.74,0.6358
114,689.50,170.47,709.22,225.40,0.5599
114,66.66,158.62,106.27,240.19,0.5414
115,451.59,177.95,478.52,247.64,0.7673
115,1192.37,158.41,1241.03,288.44,0.7508
115,10.19,148.22,47.31,247.51,0.6478
115,42.14,162.42,83.09,245.98,0.6310
115,1084.36,193.25,1143.12,289.79,0.5716
115,691.85,177.98,708.88,229.05,0.5189
115,1011.96,187.29,1065.46,255.34,0.4513
116,445.11,176.08,471.51,250.84,0.8132
116,691.76,175.29,709.69,230.05,0.5255
116,2.82,154.68,54.20,248.57,0.5107
116,1042.80,187.85,1105.31,249.08,0.4275
116,1223.88,163.49,1241.99,233.25,0.3474
116,0.00,145.62,14.65,210.03,0.3161
117,1106.37,187.41,1203.80,307.42,0.7729
117,436.76,175.17,465.95,252.36,0.7598
117,0.46,164.83,22.91,247.13,0.5457
117,692.65,184.01,708.70,230.81,0.4050
117,1067.94,188.95,1125.26,246.49,0.3751
118,427.56,174.28,460.07,254.58,0.8026
118,1145.44,183.45,1241.84,312.18,0.7272
118,691.28,183.64,710.04,231.97,0.5022
118,828.19,138.39,869.45,214.25,0.2960
119,416.35,172.32,451.04,257.68,0.7535
119,690.43,184.06,709.29,231.76,0.4625
120,403.01,173.62,441.19,262.81,0.8263
120,688.12,163.93,709.48,229.74,0.4823
121,389.83,177.01,431.13,269.39,0.8126
121,689.28,180.26,710.12,235.88,0.5815
122,376.45,178.18,416.71,275.22,0.8310
122,685.05,171.74,709.43,233.42,0.5701
123,361.75,180.94,400.86,280.56,0.8314
123,684.73,180.75,708.90,236.32,0.5913
123,135.93,70.77,183.60,106.88,0.2863
124,341.19,181.70,384.55,286.48,0.8146
124,684.56,186.56,706.01,239.38,0.5860
124,841.88,153.66,869.12,206.81,0.3051
124,113.64,62.65,154.90,102.62,0.2553
125,323.25,177.43,372.60,297.38,0.8635
125,681.47,182.35,704.68,238.52,0.5776
126,304.83,179.49,355.84,300.70,0.8493
126,680.53,182.92,703.16,240.15,0.6125
127,283.12,180.80,340.98,312.06,0.7825
127,677.88,174.11,700.84,238.47,0.6358
128,255.49,183.04,321.25,321.81,0.8865
128,316.88,162.21,351.61,242.50,0.4219
128,675.72,169.26,700.37,237.91,0.4114
129,218.98,180.28,295.89,336.60,0.9212
129,675.52,177.22,698.43,239.02,0.5336
129,304.14,159.14,339.48,239.71,0.3597
130,180.53,179.72,259.94,354.09,0.8873
130,675.54,183.73,696.56,239.51,0.4527
130,289.03,158.18,327.29,239.16,0.3961
131,130.83,182.47,221.49,373.04,0.8979
131,273.99,154.52,313.00,242.23,0.4771
131,673.25,187.08,696.04,240.18,0.3656
132,72.23,186.22,167.38,373.82,0.8992
132,671.46,173.42,694.22,243.52,0.3847
133,1.43,192.99,107.50,373.03,0.8932
133,668.84,169.45,692.10,247.46,0.4920
133,394.56,160.55,431.73,238.71,0.4220
134,0.00,221.67,35.11,371.14,0.7640
134,668.40,174.91,691.06,246.93,0.4921
134,493.96,173.06,510.45,227.06,0.3930
134,385.83,163.65,426.44,239.29,0.3532
135,667.61,175.97,691.04,249.33,0.4575
135,372.12,163.46,415.57,242.70,0.3516
135,1092.49,184.08,1118.19,228.38,0.2599
136,361.13,162.14,406.72,245.25,0.6247
136,666.63,170.84,690.79,251.45,0.4209
137,348.54,159.86,397.89,247.90,0.6471
137,665.66,173.36,690.26,252.53,0.5952
138,336.83,158.20,389.10,255.68,0.6295
138,666.14,183.00,689.00,253.02,0.3518
139,320.42,158.79,376.86,254.18,0.5995
139,619.33,161.89,633.95,195.73,0.2684
140,666.59,170.15,692.91,253.94,0.5363
140,313.91,159.89,368.90,248.00,0.3796
141,670.26,172.91,694.98,253.92,0.5904
141,299.04,160.08,355.80,259.23,0.4895
141,619.32,161.77,633.55,198.97,0.3092
142,284.68,163.34,349.57,257.10,0.5126
142,671.38,165.59,698.51,254.49,0.4446
142,722.16,166.54,743.52,208.08,0.3838
142,32.21,146.40,106.49,279.50,0.3787
142,621.56,159.54,637.71,196.42,0.3081
143,674.20,162.82,702.36,255.26,0.5293
143,278.17,159.86,337.64,262.94,0.5229
143,2.55,142.40,82.12,285.55,0.5226
143,620.48,161.87,635.83,193.67,0.2925
144,262.61,155.24,327.73,265.92,0.6224
144,467.36,167.95,482.22,204.46,0.2731
145,249.71,154.62,316.66,268.76,0.6970
145,0.16,147.26,31.43,279.55,0.3465
145,684.08,173.05,709.57,254.16,0.2962
145,464.40,165.38,478.07,204.21,0.2881
145,621.10,161.45,636.92,197.15,0.2760
145,729.09,170.70,749.96,209.71,0.2524
146,233.87,156.14,305.37,273.35,0.5868
146,687.29,180.66,714.77,258.28,0.4401
147,221.09,155.12,290.05,275.75,0.5571
147,691.99,179.76,722.68,255.95,0.4661
148,700.46,164.25,734.55,257.92,0.6348
148,204.73,153.63,277.65,280.44,0.4870
148,735.97,172.25,758.93,214.35,0.3225
148,460.85,169.76,476.85,206.98,0.2967
149,707.39,168.29,738.74,261.28,0.6668
149,186.74,156.39,261.83,287.86,0.6015
149,459.76,170.81,475.99,207.53,0.3164
149,622.79,168.22,640.10,200.94,0.2687
149,738.88,174.24,762.40,216.57,0.2595
150,715.11,169.06,747.90,259.89,0.5418
150,172.23,157.21,246.71,291.16,0.4845
150,750.52,174.79,768.58,215.33,0.3777
150,457.86,168.98,475.01,207.96,0.3511
151,722.88,172.35,757.18,255.29,0.6027
151,155.29,157.06,230.83,297.17,0.3768
151,624.55,163.08,639.59,199.45,0.2774
152,732.59,171.93,770.25,257.29,0.5109
152,115.92,158.50,217.63,303.13,0.4429
153,741.32,168.02,782.50,254.77,0.6692
153,95.33,156.13,195.87,309.19,0.2700
153,625.16,161.43,640.13,196.34,0.2613
154,748.37,164.70,788.55,253.23,0.5086
154,626.54,160.17,641.80,197.28,0.4056
154,70.08,150.85,171.41,313.86,0.3745
154,768.24,165.72,795.01,240.58,0.2936
154,448.74,154.52,469.26,201.00,0.2594
155,763.27,161.29,804.68,256.77,0.7421
155,627.22,159.40,641.21,197.75,0.4692
155,574.62,146.59,590.26,179.87,0.2742
156,775.18,166.45,815.09,258.31,0.6384
156,1.54,143.27,134.47,331.12,0.4562
156,627.54,160.16,641.42,197.59,0.3305
157,787.52,164.58,835.29,256.79,0.6617
157,444.76,158.60,462.39,203.06,0.3886
157,755.63,170.64,779.75,221.58,0.3289
157,627.59,161.73,641.66,199.68,0.3037
157,0.00,115.15,95.54,334.05,0.2737
158,801.10,167.30,849.89,258.87,0.6097
158,440.79,156.94,461.66,206.57,0.4826
158,759.95,171.51,781.41,220.62,0.3820
158,627.70,162.64,642.94,201.59,0.3402
159,818.69,159.48,869.84,246.54,0.6057
159,439.86,158.25,460.79,206.66,0.4770
159,627.91,163.02,643.31,203.64,0.3165
160,832.85,171.64,886.85,255.29,0.5923
160,630.80,162.42,645.70,203.09,0.2594
161,847.76,170.11,909.14,261.16,0.5407
161,632.16,164.98,648.52,204.03,0.2519
162,867.12,167.57,926.96,260.43,0.5747
162,770.91,172.24,795.07,224.05,0.4123
163,886.38,169.09,945.46,263.59,0.6524
163,772.27,174.53,797.80,227.18,0.5221
164,907.47,172.60,965.23,267.15,0.5903
164,774.77,176.37,799.26,232.84,0.3951
165,930.41,176.24,990.50,268.69,0.5583
165,776.41,181.66,803.17,233.53,0.4140
165,633.66,169.62,652.26,209.80,0.3050
166,953.43,171.93,1015.48,267.83,0.5672
166,781.61,172.85,805.36,229.65,0.5327
166,813.52,172.29,834.99,222.69,0.2786
167,976.19,170.05,1037.22,269.14,0.6011
167,783.22,170.94,807.13,226.78,0.4394
168,1000.38,168.67,1064.72,273.71,0.5009
168,785.75,170.63,811.60,229.79,0.4874
169,1029.36,170.50,1096.43,272.54,0.5889
169,789.58,173.50,814.04,231.87,0.5233
169,1013.88,62.46,1031.08,116.76,0.3426
169,637.03,166.80,654.40,204.29,0.2615
169,887.82,157.48,919.98,242.19,0.2523
170,1060.24,171.55,1125.80,279.30,0.6606
170,791.33,175.55,816.43,233.64,0.4568
171,1089.44,173.17,1156.26,279.85,0.6747
171,789.94,176.23,823.64,237.65,0.4900
171,830.77,162.45,853.67,220.46,0.3692
171,1030.84,61.98,1053.56,116.03,0.3254
172,797.09,174.74,824.54,234.63,0.5683
172,1115.25,177.14,1185.57,279.13,0.4997
172,831.77,156.35,858.64,221.63,0.3247
173,1153.62,159.05,1212.49,265.56,0.5775
173,834.57,160.28,858.25,220.61,0.5367
173,797.71,174.82,825.03,234.41,0.5241
174,797.27,175.59,824.46,234.55,0.5230
174,837.81,164.29,859.50,220.25,0.4334
174,1177.15,172.90,1241.71,269.44,0.3713
175,837.60,159.94,860.40,218.28,0.5043
175,795.23,172.65,824.37,236.52,0.4902
175,1051.08,45.12,1072.15,114.78,0.4217
176,794.43,172.72,822.44,232.81,0.4115
176,829.20,148.67,856.68,220.98,0.3644
177,790.46,177.40,821.88,244.41,0.3429
177,623.17,167.02,639.76,204.28,0.2732
178,785.80,178.00,817.88,249.45,0.5256
179,780.92,177.71,814.66,250.78,0.5510
179,1057.27,47.65,1085.65,129.08,0.4694
180,776.98,179.41,810.90,250.82,0.5204
180,1058.61,44.46,1082.91,103.23,0.4203
180,814.94,166.03,838.05,227.00,0.3251
181,770.84,178.63,803.12,251.21,0.4947
181,1058.29,42.96,1082.44,108.67,0.4092
182,761.31,178.98,799.78,252.80,0.5289
182,802.79,167.16,826.38,226.27,0.2518
183,758.37,178.60,793.02,252.38,0.4185
183,793.62,172.03,816.30,223.75,0.3049
184,750.09,178.64,786.41,254.28,0.5097
184,1050.11,35.90,1075.89,121.31,0.3682
184,790.55,164.14,814.23,226.45,0.2986
184,573.53,163.92,591.85,204.65,0.2501
185,745.05,180.88,783.01,254.57,0.4753
185,860.04,185.78,898.57,248.87,0.3173
185,784.17,174.75,804.08,222.73,0.2801
186,745.06,179.61,780.94,254.73,0.4643
186,779.02,168.77,803.88,226.48,0.4165
186,545.50,170.56,562.33,208.74,0.2816
186,1053.64,28.51,1077.62,98.43,0.2804
187,746.54,180.24,782.98,257.80,0.5075
187,544.80,175.58,560.79,208.07,0.3533
187,783.72,172.35,805.17,224.30,0.3304
188,546.27,166.93,562.18,206.79,0.3318
188,786.63,169.60,808.84,230.36,0.3277
188,839.76,187.98,873.10,247.54,0.3062
188,749.35,180.97,784.67,249.58,0.3012
188,852.24,192.37,902.35,254.65,0.2633
189,755.08,184.90,794.20,266.55,0.3421
190,762.67,186.38,800.02,269.34,0.4460
190,549.28,174.79,567.36,212.49,0.2584
191,766.21,187.78,809.41,269.19,0.3032
191,556.36,168.29,573.09,210.87,0.2899
192,560.17,173.37,578.40,208.70,0.3145
193,911.14,197.54,963.11,264.93,0.4786
193,568.88,171.27,586.04,209.69,0.3450
194,929.07,195.83,984.32,268.73,0.4587
194,574.26,173.01,591.30,214.45,0.3398
194,838.62,166.31,863.11,233.15,0.2786
194,901.41,195.44,937.85,258.10,0.2783
195,942.60,198.15,1000.83,271.09,0.3757
195,585.31,172.12,601.71,215.11,0.2836
196,966.46,202.39,1023.49,276.51,0.5323
196,590.64,174.32,607.19,214.34,0.3979
196,930.70,196.46,973.88,263.54,0.3636
197,984.89,203.09,1045.44,280.18,0.5237
197,602.80,173.24,619.55,217.29,0.4224
197,952.39,196.90,993.44,262.46,0.2535
198,1004.85,210.37,1063.01,279.14,0.6092
198,964.93,200.36,1011.42,267.30,0.3375
199,1025.89,209.78,1093.39,285.41,0.4860
199,619.90,171.27,635.80,217.71,0.4388
199,995.78,197.20,1035.04,270.30,0.4381
200,1050.26,202.34,1121.95,287.43,0.5652
200,627.70,173.22,644.80,217.01,0.5070
200,1011.56,202.87,1061.32,272.69,0.3620
200,873.07,172.10,911.23,231.51,0.2701
201,1075.09,199.32,1148.73,291.56,0.6067
201,1037.77,202.41,1086.39,275.51,0.4096
201,637.09,169.95,656.23,217.03,0.3559
201,560.48,168.05,572.38,196.75,0.3167
202,1100.21,200.64,1181.15,294.87,0.6209
202,650.78,171.09,668.08,217.39,0.4342
202,1057.03,203.43,1112.95,277.74,0.3969
202,568.01,167.84,582.72,196.12,0.2861
203,662.36,170.89,679.62,218.22,0.5228
203,1140.37,213.10,1221.88,304.85,0.5145
203,1094.38,206.35,1144.19,284.56,0.3745
203,889.75,143.90,914.44,178.39,0.3544
203,577.80,167.38,594.67,196.86,0.2628
203,961.19,137.98,985.75,196.38,0.2549
204,666.80,171.99,687.33,220.78,0.4061
204,1111.22,205.38,1172.47,287.09,0.3507
204,1196.18,203.61,1241.75,273.19,0.3190
204,590.47,168.37,601.98,197.14,0.3182
204,662.76,172.44,678.07,219.72,0.2803
204,1169.28,212.65,1241.68,310.59,0.2631
205,673.38,169.48,691.13,220.22,0.4410
205,680.31,172.32,697.87,219.94,0.3557
205,698.44,168.36,714.77,218.23,0.2757
206,685.80,178.22,704.72,224.22,0.3713
206,695.15,176.46,710.26,224.14,0.3033
206,605.24,172.35,616.30,200.83,0.2905
206,1179.68,213.80,1240.16,300.44,0.2708
207,696.90,181.54,713.74,228.56,0.3515
207,1211.16,232.01,1241.83,310.53,0.2585
207,689.47,170.90,706.74,228.12,0.2502
208,707.40,175.89,725.57,231.87,0.5283
208,725.67,172.48,743.52,224.92,0.3605
208,619.16,173.77,632.09,204.74,0.3273
209,712.49,184.89,730.89,233.34,0.4239
209,622.89,176.34,635.78,206.69,0.3870
210,715.46,188.56,735.05,233.71,0.3590
210,625.76,175.27,640.14,206.55,0.3454
210,707.62,188.58,723.91,233.89,0.2980
211,0.32,139.37,40.74,286.41,0.4487
211,724.75,190.03,742.06,236.22,0.4096
211,630.73,177.83,644.20,205.96,0.3128
212,727.34,193.60,747.37,238.86,0.3562
212,631.58,179.41,646.35,206.80,0.2618
213,729.85,183.39,752.02,242.43,0.4465
213,633.29,179.56,648.31,208.91,0.3928
214,731.78,181.78,753.59,245.42,0.4132
214,632.34,178.72,647.31,207.46,0.3695
215,731.65,178.27,755.88,245.65,0.4493
215,1187.07,219.75,1241.49,292.83,0.4387
215,634.56,174.86,649.72,206.82,0.3760
216,734.23,176.01,760.76,248.29,0.6257
216,630.16,174.84,647.42,207.78,0.3966
216,789.31,170.99,820.25,232.79,0.3492
216,755.77,172.78,775.32,241.92,0.2523
216,822.86,184.81,841.99,219.46,0.2509
217,735.32,168.75,762.78,245.20,0.5748
217,630.04,168.85,647.49,205.62,0.4015
217,802.44,171.87,827.98,222.65,0.3664
218,738.59,169.68,765.78,244.65,0.6044
218,797.64,165.87,835.69,250.75,0.4154
218,625.28,166.48,641.24,205.28,0.3696
218,750.20,178.21,772.16,243.18,0.2631
219,739.03,169.29,770.75,246.74,0.5310
219,622.71,162.53,642.53,204.61,0.4219
219,752.16,159.82,778.86,243.08,0.2501
220,806.95,153.54,847.22,257.79,0.4820
220,738.56,164.90,776.00,252.23,0.4544
220,620.54,164.84,640.41,204.44,0.4236
221,810.14,157.12,853.39,259.63,0.4851
221,619.42,163.81,637.89,204.82,0.4784
221,741.04,168.06,778.47,253.84,0.3987
221,586.85,168.63,603.72,213.14,0.2907
221,915.16,162.54,938.08,218.49,0.2827
221,824.31,160.35,857.40,233.11,0.2825
221,609.31,164.76,630.02,203.63,0.2797
222,751.83,174.91,783.81,258.26,0.4833
222,812.44,159.30,860.52,267.70,0.4702
222,617.32,170.93,634.38,207.24,0.3749
222,919.17,161.01,940.11,220.95,0.3290
222,608.44,169.73,624.91,206.99,0.3226
223,820.71,163.48,869.57,272.21,0.5713
223,923.59,162.78,947.50,226.02,0.4968
223,608.25,170.60,629.04,211.57,0.4945
223,747.41,169.86,787.81,262.79,0.4802
223,860.16,177.25,877.68,212.61,0.2743
224,830.48,162.20,884.10,271.57,0.6600
224,613.37,172.12,629.93,212.52,0.5255
224,761.30,178.57,795.16,271.80,0.3726
224,604.29,170.52,622.73,213.59,0.3057
224,743.07,168.75,772.56,210.25,0.2983
224,757.04,168.07,778.88,212.42,0.2657
225,844.36,162.97,895.74,264.78,0.5740
225,613.05,170.84,630.06,214.47,0.5224
225,760.93,177.80,801.22,277.66,0.5015
225,1186.93,0.33,1241.89,103.06,0.4749
225,603.47,169.07,621.48,215.63,0.3673
225,757.43,168.19,774.18,213.20,0.3135
225,828.96,203.76,887.87,295.30,0.3000
225,745.04,168.10,768.14,209.30,0.2592
226,858.69,165.93,907.69,276.57,0.5729
226,613.64,167.91,630.61,213.68,0.5117
226,602.69,167.10,621.30,213.81,0.4668
226,840.80,196.73,898.12,298.72,0.3420
226,757.84,165.60,773.50,206.66,0.3329
226,761.14,184.47,808.90,281.74,0.3257
226,744.34,167.19,765.17,205.02,0.2697
227,866.70,158.34,920.13,282.92,0.6440
227,778.61,178.93,821.46,289.63,0.5561
227,614.63,168.48,630.09,212.45,0.5380
227,601.90,166.60,622.26,212.35,0.5142
227,744.47,166.13,761.86,204.56,0.3961
227,752.38,164.79,770.91,205.91,0.2609
228,783.19,177.69,836.38,296.83,0.6177
228,880.35,157.02,939.19,294.69,0.5708
228,600.11,166.63,621.35,212.95,0.4770
228,613.93,168.29,630.06,212.96,0.4499
228,745.57,167.44,760.73,205.78,0.4278
228,778.23,166.88,802.06,216.81,0.2907
228,754.84,166.23,771.59,206.70,0.2569
229,895.36,157.38,971.68,306.05,0.7027
229,802.20,184.06,853.00,307.83,0.5802
229,745.81,165.27,763.99,207.36,0.5413
229,606.02,170.23,627.30,215.55,0.4333
229,591.38,168.42,612.00,215.40,0.3109
229,779.77,197.76,833.30,302.46,0.2724
230,910.08,158.57,1000.65,321.73,0.7382
230,809.97,183.33,870.56,312.81,0.5180
230,745.95,169.63,762.67,209.27,0.5040
230,591.26,171.29,609.25,216.42,0.4808
230,610.72,171.61,628.24,216.36,0.3245
230,595.57,173.76,621.42,215.32,0.3106
230,669.46,175.60,678.34,196.99,0.2781
230,759.55,168.73,774.83,208.15,0.2584
230,101.00,176.51,141.55,249.13,0.2539
231,932.32,158.81,1024.24,334.96,0.7924
231,831.19,183.49,889.88,320.89,0.6233
231,589.21,171.65,606.83,218.32,0.5643
231,1090.35,183.97,1125.62,258.99,0.4614
231,746.69,172.10,762.26,210.20,0.4024
231,606.14,174.94,625.22,219.29,0.3920
231,668.77,176.79,679.20,199.03,0.2865
231,758.51,171.10,778.59,211.22,0.2862
232,959.84,156.57,1055.88,348.80,0.7682
232,843.88,183.11,911.17,343.37,0.6878
232,603.45,173.67,620.44,220.97,0.5710
232,580.48,171.15,602.33,217.79,0.5052
232,665.86,175.14,676.56,200.34,0.3554
232,760.07,171.29,777.27,210.32,0.3378
232,742.22,173.90,757.35,211.38,0.3286
232,930.81,221.15,1042.65,368.58,0.2874
233,984.04,159.24,1093.63,360.84,0.8399
233,850.86,184.11,936.20,359.42,0.6924
233,598.37,171.50,615.58,222.83,0.5192
233,576.40,171.25,597.48,219.53,0.4705
233,759.55,171.45,776.67,210.96,0.4308
233,742.42,170.63,757.11,210.73,0.3781
233,580.90,173.83,612.28,219.52,0.3538
233,558.26,174.70,573.45,219.10,0.2741
234,1009.53,160.41,1136.44,362.09,0.7915
234,876.87,184.72,971.92,361.81,0.7472
234,573.55,172.12,593.85,221.06,0.6387
234,757.62,166.70,773.70,211.77,0.5324
234,595.42,176.21,613.27,219.04,0.4371
234,740.43,171.51,755.92,212.72,0.4275
234,991.33,163.84,1035.32,248.65,0.4170
234,584.08,174.38,609.04,220.32,0.3872
234,550.51,176.61,569.95,221.50,0.3462
234,783.52,172.62,803.77,222.35,0.3405
235,1048.70,155.03,1194.69,368.08,0.7980
235,903.17,190.68,1009.16,362.32,0.6862
235,566.93,174.38,588.18,223.44,0.5710
235,590.96,175.22,607.31,222.71,0.5447
235,757.35,168.40,772.59,211.60,0.4585
235,738.18,172.97,753.14,212.29,0.4097
235,652.93,175.80,662.76,198.81,0.3421
235,546.88,178.56,565.42,222.38,0.3002
235,783.42,172.29,803.53,227.80,0.2800
236,1099.85,156.30,1242.00,367.85,0.8693
236,940.84,192.22,1062.12,371.02,0.7785
236,586.16,179.72,601.98,223.10,0.5095
236,561.59,174.46,583.99,224.62,0.4632
236,736.88,171.24,752.77,217.39,0.4263
236,539.28,176.47,556.92,225.18,0.3772
236,651.47,176.23,661.32,202.00,0.3474
236,757.07,171.23,771.50,213.26,0.3342
237,1162.30,155.77,1242.00,365.61,0.7792
237,1002.08,186.65,1143.36,369.67,0.7314
237,557.64,172.06,578.02,228.13,0.5505
237,736.60,170.18,752.08,216.36,0.5486
237,1016.16,163.70,1063.43,247.89,0.4853
237,582.00,182.53,598.50,224.61,0.4335
237,757.45,172.72,772.07,214.47,0.3429
237,530.74,178.73,550.47,228.38,0.2608
238,1082.60,194.56,1241.18,365.08,0.8301
238,550.95,174.02,573.62,229.61,0.6972
238,577.15,178.05,594.06,222.04,0.5990
238,732.62,174.53,749.16,214.94,0.4732
238,1045.14,162.18,1078.00,258.50,0.4183
238,753.65,175.31,770.14,213.05,0.3664
238,1029.51,164.41,1066.83,252.96,0.3529
238,46.59,159.48,101.61,215.93,0.2617
238,735.18,175.33,764.59,214.38,0.2608
239,540.91,169.45,565.26,230.50,0.7111
239,1074.32,158.17,1114.54,261.13,0.6462
239,570.64,178.24,586.67,222.61,0.5603
239,728.73,168.82,747.72,216.81,0.5451
239,1034.62,160.87,1068.91,249.86,0.4801
239,753.07,172.43,771.22,213.10,0.4455
239,1211.74,302.00,1242.00,372.78,0.3433
239,513.48,181.35,535.85,228.92,0.3325
239,736.87,170.34,768.33,216.19,0.3159
239,637.22,175.03,646.80,199.47,0.2952
240,726.39,165.89,745.03,217.13,0.6607
240,1087.23,157.12,1130.44,264.51,0.6261
240,536.65,170.58,558.95,230.47,0.6162
240,560.82,174.94,578.47,224.01,0.4501
240,1066.67,158.65,1098.69,259.31,0.3796
240,744.12,168.15,762.57,215.52,0.3489
240,750.92,172.09,770.70,213.47,0.3089
241,725.10,164.35,745.22,217.34,0.6802
241,1099.02,150.26,1147.95,269.63,0.6112
241,520.64,172.59,545.80,233.23,0.6014
241,555.61,177.55,572.72,222.53,0.5759
241,746.22,165.69,764.84,216.50,0.4807
241,1078.37,157.69,1128.44,262.96,0.3521
241,513.24,172.64,535.00,231.87,0.3361
241,731.05,166.11,759.97,215.63,0.3065
241,625.05,174.54,635.69,201.65,0.2646
241,695.09,157.66,710.05,222.97,0.2588
242,721.66,167.94,739.11,217.22,0.6547
242,510.55,173.81,538.06,236.34,0.6211
242,1106.39,152.42,1162.20,272.81,0.6190
242,742.01,167.73,760.02,216.94,0.5409
242,548.39,176.37,568.13,224.69,0.4343
242,1093.93,160.56,1134.28,268.26,0.3906
242,480.55,176.80,505.38,236.17,0.3058
242,621.25,175.48,630.67,201.64,0.3018
242,494.15,176.40,517.03,234.90,0.2702
243,501.13,171.20,529.04,238.27,0.6691
243,1132.53,148.38,1183.62,279.52,0.6042
243,542.32,174.90,560.31,226.02,0.5784
243,719.21,166.68,736.98,220.14,0.5489
243,739.28,168.24,756.91,217.96,0.5230
243,523.41,175.68,540.14,228.58,0.4138
243,1110.86,163.31,1153.30,272.56,0.4118
243,724.58,166.92,754.22,218.46,0.3169
243,1074.37,163.00,1125.15,265.01,0.2718
244,487.11,170.76,514.07,240.90,0.7665
244,1163.46,147.58,1210.18,287.32,0.6356
244,718.20,165.93,735.59,220.33,0.5597
244,513.17,170.75,532.12,232.35,0.4945
244,1133.23,165.91,1175.76,282.01,0.4677
244,737.09,169.62,757.84,217.89,0.4671
244,534.44,177.16,553.64,227.13,0.4546
244,760.41,174.05,781.25,214.62,0.2514
245,476.20,169.10,505.25,244.47,0.7643
245,525.63,176.84,545.14,230.79,0.7099
245,1151.67,166.15,1197.46,286.13,0.6396
245,733.14,167.26,755.25,219.53,0.5691
245,504.98,174.42,526.41,234.56,0.5440
245,717.37,168.75,734.24,220.86,0.4536
245,1188.96,158.81,1240.29,295.14,0.4242
245,603.54,175.54,614.67,205.53,0.4213
245,722.42,168.21,745.87,220.98,0.4204
246,464.44,169.68,496.22,248.18,0.7921
246,494.59,173.04,518.43,238.63,0.7197
246,711.70,167.32,732.78,223.26,0.7194
246,1175.18,157.36,1240.83,297.28,0.6303
246,520.07,179.75,537.83,231.21,0.6257
246,725.60,168.24,749.44,223.13,0.4204
247,451.07,171.06,485.32,250.70,0.7662
247,708.62,165.47,730.64,224.45,0.7183
247,1204.02,170.67,1241.75,299.48,0.7042
247,508.97,176.09,529.89,233.30,0.6659
247,484.06,171.91,508.28,241.99,0.5936
247,728.81,166.50,749.67,222.95,0.5482
247,589.89,174.65,601.17,205.86,0.4258
247,493.09,174.12,525.15,236.00,0.3660
248,438.63,170.14,472.93,253.09,0.8110
248,503.27,179.05,524.42,234.86,0.6657
248,708.67,164.42,728.27,224.34,0.6566
248,475.02,176.53,499.95,241.58,0.6515
248,725.73,166.33,745.54,223.90,0.5953
248,187.79,153.08,227.56,247.73,0.3928
248,752.08,173.09,775.97,218.01,0.3908
249,424.58,167.14,461.95,256.38,0.7937
249,463.48,170.80,489.50,245.89,0.7369
249,494.07,175.70,516.36,234.20,0.6785
249,722.25,167.83,742.84,226.68,0.6130
249,708.34,168.20,737.59,227.29,0.4904
249,662.19,171.17,680.78,234.04,0.3371
249,578.60,173.86,590.42,206.11,0.2977
249,750.12,176.42,773.74,218.60,0.2806
250,408.27,165.36,448.04,262.17,0.8220
250,454.57,172.57,481.56,245.88,0.7060
250,487.84,179.45,508.14,233.68,0.5868
250,722.25,168.33,742.15,229.11,0.5324
250,574.13,173.41,585.48,208.89,0.3993
250,710.32,171.05,729.89,229.85,0.3640
250,703.40,166.73,723.21,227.39,0.2937
250,514.22,170.68,527.31,196.46,0.2714
251,392.00,163.86,430.54,267.48,0.8137
251,444.62,168.91,474.62,251.81,0.8134
251,723.65,168.31,745.99,232.06,0.5984
251,480.30,170.99,502.18,237.11,0.5651
251,703.65,165.08,725.16,232.50,0.4855
251,748.88,175.73,773.78,223.98,0.4588
251,567.19,176.94,580.24,208.79,0.2834
252,374.82,167.30,415.77,277.03,0.8589
252,436.77,174.84,466.84,255.22,0.7252
252,472.03,178.85,494.04,238.99,0.6186
252,722.78,169.84,746.10,233.86,0.6152
252,708.69,168.00,739.06,234.59,0.4044
252,705.04,179.36,724.76,236.07,0.3833
252,749.36,177.17,774.27,223.56,0.3703
252,447.13,174.46,495.13,249.43,0.3307
252,564.91,175.10,576.99,208.90,0.3251
252,500.20,178.66,512.07,199.68,0.3093
253,355.67,166.79,402.97,285.11,0.8371
253,427.04,177.25,457.66,260.01,0.7783
253,725.33,170.91,750.11,237.59,0.6485
253,466.14,179.66,486.65,243.10,0.6026
253,707.42,171.69,727.85,235.69,0.5093
253,751.25,174.47,774.84,225.85,0.3812
253,334.94,188.06,359.91,278.22,0.3416
254,335.24,167.02,379.26,292.28,0.7685
254,416.57,176.26,451.35,266.24,0.7563
254,459.96,180.18,483.39,247.19,0.6974
254,708.34,170.32,731.39,238.69,0.6971
254,728.95,169.46,753.34,240.81,0.6349
254,755.77,169.98,777.32,229.60,0.4457
254,373.74,173.26,396.54,253.84,0.3723
255,407.62,173.40,445.43,274.52,0.7895
255,301.95,166.20,362.56,301.57,0.7814
255,711.96,166.37,736.44,243.94,0.7244
255,732.65,170.50,760.42,242.94,0.7169
255,760.21,168.12,788.57,233.53,0.6235
255,454.57,175.55,477.38,242.69,0.4860
255,360.57,174.52,386.93,259.28,0.4148
255,605.08,199.13,613.82,231.48,0.3018
256,279.87,165.97,348.55,318.83,0.8245
256,398.43,176.28,434.81,280.69,0.8217
256,716.33,168.54,744.39,247.78,0.7405
256,739.16,171.44,765.98,248.02,0.7087
256,345.09,174.03,379.83,272.38,0.6461
256,450.37,182.21,470.84,246.23,0.5842
256,764.79,170.41,791.13,237.46,0.5009
256,432.99,178.94,448.55,224.00,0.3324
257,261.34,169.00,331.40,330.02,0.8534
257,723.36,167.36,749.56,251.62,0.7717
257,332.26,173.70,371.30,279.36,0.7701
257,382.40,175.29,427.88,284.48,0.7287
257,442.57,182.15,465.85,251.40,0.7155
257,747.47,170.83,776.52,250.93,0.7078
257,605.43,195.37,615.89,235.31,0.3027
257,772.27,166.93,796.78,236.18,0.2606
258,231.16,165.68,305.37,351.61,0.8854
258,728.84,166.65,759.32,256.17,0.7986
258,366.57,179.59,416.21,294.58,0.6533
258,755.13,169.89,785.04,255.05,0.6267
258,325.00,173.73,358.30,286.51,0.6139
258,436.96,179.36,460.69,251.54,0.5696
258,294.53,177.67,332.13,289.70,0.5156
258,390.98,174.62,425.68,291.93,0.2831
258,406.30,179.16,440.95,254.91,0.2506
259,196.39,166.39,274.09,361.65,0.8744
259,765.93,168.18,797.58,258.47,0.8157
259,352.46,175.01,403.49,304.16,0.7764
259,393.17,180.50,424.76,265.88,0.7723
259,740.28,167.86,767.96,258.72,0.7569
259,433.30,181.78,458.37,254.72,0.7473
259,307.04,176.46,346.38,295.72,0.6630
259,271.95,188.17,314.43,293.91,0.6489
260,149.49,161.94,230.26,372.22,0.8615
260,779.36,163.98,813.36,261.84,0.8003
260,750.06,163.14,782.32,259.93,0.7929
260,429.56,180.99,457.14,256.79,0.7844
260,339.95,179.41,390.98,311.67,0.7756
260,386.65,177.71,423.54,269.96,0.7354
260,297.72,175.19,333.24,305.53,0.6869
260,255.65,182.29,302.11,303.53,0.5270
261,88.12,160.48,181.94,371.91,0.8774
261,320.95,172.89,378.56,322.08,0.8215
261,379.51,175.07,416.29,276.52,0.7977
261,793.51,160.70,828.12,262.50,0.7964
261,763.16,161.13,796.40,261.53,0.7507
261,426.33,179.49,455.33,257.90,0.7367
261,282.69,172.70,323.15,310.53,0.7204
261,826.06,164.74,851.04,246.85,0.4281
262,13.14,158.80,119.20,368.92,0.8889
262,303.13,170.16,362.39,340.28,0.8755
262,776.07,155.20,812.48,266.84,0.8145
262,425.01,178.27,453.38,259.77,0.7986
262,809.95,157.64,848.43,264.64,0.7697
262,270.58,172.28,308.02,313.03,0.7554
262,374.84,172.39,416.67,283.02,0.7270
262,217.71,192.36,270.38,314.61,0.3879
262,571.54,177.81,584.55,214.14,0.3665
262,843.51,166.20,867.62,241.45,0.3431
263,0.41,202.76,28.46,370.57,0.8313
263,828.77,154.67,873.03,270.35,0.8079
263,280.32,171.17,341.29,353.60,0.8053
263,793.43,156.30,833.68,270.81,0.7789
263,419.53,180.60,448.61,263.56,0.7442
263,368.40,175.61,413.73,291.80,0.7351
263,246.70,162.20,286.95,330.04,0.7153
263,373.59,177.50,449.36,270.05,0.3429
263,807.78,155.12,851.75,270.99,0.2763
264,247.81,169.74,316.60,372.89,0.8328
264,808.41,159.58,861.45,278.24,0.7861
264,853.81,158.34,908.07,277.47,0.7793
264,355.05,176.68,407.24,300.88,0.7790
264,416.46,179.09,447.32,267.86,0.7350
264,221.52,177.70,261.69,345.09,0.6330
264,234.34,151.13,268.26,208.57,0.3404
264,500.98,176.23,514.03,201.63,0.2887
264,443.38,175.31,460.90,220.53,0.2759
264,166.79,194.69,230.08,338.67,0.2609
265,340.29,171.87,397.14,313.74,0.8065
265,195.30,167.66,277.35,369.96,0.8044
265,409.92,179.47,444.07,268.89,0.8004
265,831.36,158.14,883.39,286.62,0.7915
265,878.78,160.03,937.83,288.74,0.7803
265,446.20,174.62,461.90,223.67,0.4507
265,134.42,186.23,205.71,355.63,0.3448
265,503.18,177.09,515.75,202.75,0.3383
266,855.87,152.57,908.62,293.96,0.8365
266,902.80,157.34,966.40,297.01,0.8293
266,401.98,178.71,441.85,277.34,0.7760
266,325.48,171.69,387.50,319.80,0.7754
266,142.23,163.40,224.45,365.00,0.7404
266,445.19,174.19,461.79,225.36,0.4415
266,89.98,191.73,153.43,364.20,0.4353
266,0.00,234.47,18.10,362.23,0.4224
266,503.16,172.19,518.86,202.19,0.3118
267,881.46,148.71,939.55,303.37,0.8800
267,305.16,174.99,376.19,338.67,0.8637
267,938.20,152.82,1000.06,304.91,0.8598
267,398.59,175.51,437.89,279.50,0.8516
267,48.24,161.13,168.44,370.64,0.6671
267,445.22,173.06,462.40,224.84,0.4842
267,508.45,178.13,522.86,202.00,0.3393
267,128.64,164.05,198.34,311.61,0.2882
267,842.18,176.34,877.97,250.42,0.2801
268,970.03,149.07,1050.97,310.17,0.8743
268,912.78,146.89,971.46,313.64,0.8624
268,279.07,173.59,354.06,356.00,0.8547
268,0.02,166.55,68.08,366.83,0.8060
268,391.30,174.82,432.84,280.87,0.7885
268,52.36,162.37,159.42,366.20,0.7440
268,443.58,171.79,462.51,225.41,0.4743
268,511.28,173.99,524.95,200.24,0.2946
268,428.70,174.16,446.49,226.34,0.2640
269,1013.96,145.99,1108.30,324.74,0.8797
269,246.02,173.17,333.76,372.31,0.8495
269,382.38,172.85,423.95,285.60,0.8439
269,948.01,145.89,1010.87,328.51,0.8099
269,0.00,155.84,60.70,366.12,0.6055
269,445.59,174.59,463.66,226.20,0.5912
269,933.64,145.96,960.56,257.30,0.3202
269,426.16,175.19,446.21,224.90,0.3062
270,1061.59,141.91,1176.59,345.81,0.8933
270,985.27,141.94,1056.05,349.08,0.8445
270,371.99,177.20,416.91,286.73,0.8278
270,197.29,169.87,296.95,370.47,0.8234
270,445.84,171.94,465.48,228.23,0.6266
270,603.99,172.90,617.14,219.26,0.3494
270,616.62,172.84,631.42,224.29,0.3284
270,427.58,174.10,444.88,223.36,0.2776
270,894.02,156.13,934.80,259.85,0.2512
270,605.96,172.96,627.17,223.04,0.2508
271,1120.84,143.21,1232.71,368.01,0.8834
271,1030.37,142.02,1120.24,369.78,0.8423
271,364.50,176.33,410.77,293.40,0.8105
271,117.19,172.31,257.18,367.52,0.7853
271,445.74,170.21,463.81,228.37,0.6588
271,606.98,173.44,623.26,219.71,0.4411
271,427.80,173.52,446.37,225.18,0.4268
271,516.71,177.51,529.15,201.01,0.3648
271,400.57,177.24,419.61,230.44,0.3194
271,980.80,145.46,1015.84,259.45,0.3132
272,20.75,168.34,192.38,372.15,0.8450
272,354.08,176.02,399.72,302.96,0.8376
272,1099.96,134.93,1188.38,372.82,0.8270
272,445.29,171.24,464.22,229.10,0.6192
272,1199.11,156.03,1242.00,361.21,0.5709
272,396.67,178.06,418.34,236.23,0.4323
272,423.74,175.51,444.46,227.87,0.3672
273,341.05,176.49,390.83,310.88,0.8681
273,0.00,173.04,95.53,373.07,0.8190
273,1179.86,132.44,1241.62,370.24,0.7646
273,444.55,177.57,463.53,233.22,0.6368
273,422.38,176.86,442.45,234.67,0.4237
273,390.92,177.86,414.98,242.38,0.4170
273,616.05,175.68,632.30,222.28,0.3658
273,517.56,172.51,531.61,204.97,0.3577
273,404.07,177.81,430.51,238.73,0.2811
274,324.77,171.72,382.96,318.11,0.8346
274,443.24,179.87,463.09,236.47,0.6802
274,421.85,179.19,442.54,238.87,0.5009
274,382.65,182.13,411.68,252.07,0.3601
274,397.62,183.40,416.03,243.90,0.3499
275,313.89,181.28,375.59,326.69,0.8809
275,441.45,179.40,461.81,239.60,0.6184
275,421.64,181.02,441.27,240.55,0.4944
275,624.38,181.54,639.33,226.61,0.3269
275,394.80,185.86,413.45,250.67,0.2626
275,369.35,185.26,400.48,253.68,0.2577
276,297.94,185.01,361.10,340.65,0.8612
276,440.15,183.33,461.35,242.48,0.6376
276,419.58,177.40,440.00,242.57,0.6246
276,647.20,179.47,661.24,242.21,0.3140
276,521.80,183.19,537.26,206.32,0.2924
276,485.03,180.65,500.62,212.16,0.2784
276,628.22,189.80,641.93,229.75,0.2667
277,279.19,181.48,349.42,349.57,0.8556
277,436.38,182.24,459.23,242.76,0.6958
277,418.17,177.53,438.64,242.97,0.5747
277,633.87,180.24,648.35,231.46,0.5356
277,485.20,181.98,500.54,214.41,0.4293
277,652.34,179.30,666.56,237.21,0.2853
278,248.73,177.21,333.99,357.34,0.8831
278,435.71,179.89,460.02,245.16,0.7229
278,415.55,177.33,437.73,243.40,0.5662
278,637.10,178.04,654.64,232.39,0.5558
278,526.65,178.53,542.14,208.84,0.4414
278,486.73,177.93,502.96,211.77,0.3728
278,641.84,177.69,664.53,238.03,0.2520
279,220.69,171.61,311.82,373.84,0.8934
279,433.20,177.00,458.97,247.05,0.7171
279,407.35,171.50,431.35,246.56,0.5304
279,528.81,176.48,545.62,206.04,0.4462
279,489.89,175.63,504.52,209.42,0.3473
279,412.45,172.85,452.53,247.40,0.3247
280,188.57,176.58,285.62,374.25,0.8981
280,430.70,177.90,456.57,248.35,0.7375
280,406.15,169.41,428.96,245.85,0.5497
280,646.02,174.18,664.21,231.39,0.5130
280,1220.07,207.10,1242.00,309.07,0.4619
280,667.23,174.85,683.44,237.34,0.3704
280,350.95,182.69,375.83,264.81,0.3459
280,406.90,172.90,453.05,247.73,0.3382
280,329.45,183.04,367.48,269.51,0.3075
280,530.38,174.74,546.19,204.97,0.2805
280,377.28,187.50,403.87,252.98,0.2535
281,146.05,177.25,256.32,371.66,0.9054
281,426.78,176.90,452.74,250.36,0.7637
281,402.82,169.65,426.56,247.21,0.6552
281,652.24,171.69,670.77,233.96,0.6477
281,532.87,178.03,547.83,206.33,0.3706
281,484.37,171.91,501.91,215.64,0.3342
281,672.52,172.67,693.30,252.67,0.2647
281,311.42,182.33,350.32,273.37,0.2519
282,87.78,180.00,213.35,370.56,0.8913
282,1119.03,172.95,1161.20,289.35,0.7532
282,422.75,181.06,449.97,255.34,0.7082
282,400.78,172.88,421.50,248.06,0.6003
282,657.76,173.76,678.39,237.21,0.5611
282,534.08,182.53,548.30,206.36,0.4069
282,401.31,175.69,445.77,253.79,0.3597
282,363.47,196.25,391.54,262.59,0.3428
282,485.31,181.87,500.75,217.67,0.3215
282,494.12,183.47,508.19,215.21,0.2623
283,29.10,177.30,154.18,370.70,0.8754
283,417.26,178.77,446.21,258.75,0.7791
283,1147.58,176.21,1206.40,298.95,0.7129
283,665.39,175.74,685.13,241.89,0.6317
283,535.59,180.66,549.39,212.86,0.5532
283,481.00,178.29,499.05,220.57,0.5054
283,391.49,171.72,416.75,257.92,0.4679
283,355.68,198.72,382.57,268.42,0.3935
283,275.63,186.09,319.69,292.81,0.3306
283,454.98,184.56,469.55,217.68,0.2733
284,0.39,181.06,77.55,371.13,0.8961
284,413.60,178.55,440.56,264.82,0.7596
284,1194.00,172.03,1241.47,305.72,0.6792
284,670.30,174.15,691.09,244.13,0.6732
284,384.87,174.04,411.00,261.32,0.6622
284,535.43,180.90,551.83,211.43,0.4725
284,484.45,177.68,500.67,223.53,0.4691
284,348.75,201.29,376.32,269.86,0.3759
284,455.43,186.43,469.04,216.53,0.2668
285,404.76,177.56,437.17,269.01,0.7977
285,377.66,172.35,405.21,264.74,0.7096
285,676.06,174.48,699.00,245.37,0.6063
285,482.92,181.66,500.12,222.84,0.5182
285,333.87,202.14,365.00,277.19,0.4394
285,52.05,218.11,83.97,326.58,0.3361
285,535.47,183.62,552.10,207.44,0.3123
285,226.95,188.71,284.84,312.56,0.2516
286,398.19,178.34,429.06,274.89,0.8195
286,368.22,169.08,397.90,268.21,0.7539
286,0.43,217.62,26.98,331.14,0.4329
286,682.97,171.47,706.19,247.51,0.4308
286,483.48,186.66,498.64,223.26,0.4287
286,0.00,220.69,21.77,262.91,0.3862
286,320.24,201.81,353.24,283.66,0.3574
286,536.92,180.50,553.47,209.78,0.3390
287,389.08,180.98,421.58,278.90,0.7643
287,355.93,170.16,389.16,274.83,0.7245
287,688.87,171.95,715.87,253.18,0.6917
287,303.94,199.07,340.57,289.83,0.6443
287,536.41,180.97,550.90,210.96,0.4442
287,480.90,187.56,497.32,225.74,0.4238
287,117.66,144.65,158.21,304.39,0.3107
287,145.89,178.50,223.84,336.20,0.3036
288,375.19,176.55,412.14,288.36,0.8231
288,343.48,170.28,375.38,285.29,0.7930
288,697.01,171.67,723.69,257.75,0.7436
288,535.88,180.67,550.63,211.52,0.4956
288,283.59,205.77,323.34,300.57,0.4536
288,90.14,197.02,166.10,347.25,0.2588
288,510.00,172.15,523.53,210.75,0.2535
289,360.26,176.75,400.17,297.68,0.8626
289,328.90,168.54,360.63,286.49,0.8139
289,703.45,169.04,730.24,258.62,0.7424
289,259.46,205.30,302.61,309.76,0.4630
289,475.47,182.15,493.71,230.83,0.4576
289,538.46,182.99,554.54,210.66,0.4372
290,343.75,171.06,385.55,303.12,0.8454
290,309.37,165.91,346.45,289.22,0.8126
290,710.64,168.94,740.62,264.65,0.7988
290,538.58,180.67,555.03,210.72,0.4895
290,472.76,178.26,492.08,232.05,0.2635
291,324.79,174.31,370.93,312.84,0.8901
291,717.67,167.28,748.64,268.27,0.7855
291,286.38,164.12,327.02,304.53,0.7758
291,540.28,180.80,554.57,210.42,0.4836
291,501.68,173.66,516.93,217.50,0.3523
291,469.88,187.72,489.94,233.05,0.3144
292,300.52,174.25,351.88,325.35,0.8486
292,257.84,162.20,307.00,318.76,0.8249
292,726.51,164.50,758.49,271.21,0.6353
292,500.40,167.67,517.15,218.14,0.5492
292,538.81,179.30,555.67,210.27,0.4406
292,465.45,173.36,486.88,232.97,0.4268
293,270.56,169.71,331.24,343.63,0.9087
293,736.74,162.45,774.51,279.16,0.8403
293,228.96,161.78,278.82,325.66,0.8376
293,540.89,179.04,555.96,210.59,0.4832
293,498.83,168.97,515.77,218.90,0.4191
293,462.17,191.53,480.26,235.81,0.3577
294,239.51,171.02,305.51,359.88,0.8496
294,188.53,158.15,249.46,348.28,0.8040
294,744.49,164.32,786.76,287.90,0.7672
294,497.69,169.94,514.44,222.55,0.5723
294,535.56,175.59,551.46,210.61,0.5054
294,453.41,188.06,474.45,240.72,0.3482
295,190.47,173.19,264.03,371.37,0.8418
295,766.27,164.06,806.02,295.20,0.8145
295,139.59,157.43,204.87,364.14,0.7898
295,494.31,171.35,512.62,224.88,0.6293
295,744.49,168.58,767.77,213.87,0.5987
295,540.26,178.14,555.31,210.02,0.4506
295,0.03,235.87,51.55,369.73,0.3541
295,448.78,188.82,472.24,242.69,0.3318
296,128.54,171.75,220.51,369.41,0.8427
296,782.46,161.51,823.60,302.59,0.7882
296,71.50,157.60,150.77,365.75,0.7535
296,492.77,172.74,511.11,224.39,0.6381
296,749.91,171.22,771.37,215.05,0.6356
296,446.38,176.69,468.73,244.70,0.5604
296,541.65,178.87,558.25,210.73,0.5115
297,36.75,170.97,161.63,371.63,0.8356
297,0.17,151.88,80.35,368.37,0.8090
297,798.27,160.08,847.18,314.76,0.7931
297,491.98,169.36,510.34,224.79,0.6791
297,757.57,168.80,780.78,216.12,0.6263
297,436.36,173.36,462.49,250.40,0.5150
297,542.89,178.47,559.38,210.18,0.4551
297,536.25,175.79,551.70,212.51,0.3353
298,0.12,171.22,72.11,371.10,0.8826
298,821.29,155.86,878.40,328.64,0.8549
298,488.20,165.03,509.92,230.23,0.7765
298,428.57,165.07,459.60,254.20,0.7132
298,762.61,168.86,785.27,216.17,0.6178
298,546.51,177.45,562.05,210.94,0.4557
298,533.64,174.23,549.16,212.19,0.3947
299,845.28,159.19,907.02,340.97,0.8419
299,769.67,167.53,794.29,220.14,0.7609
299,483.68,166.89,505.66,235.88,0.7285
299,416.21,165.81,453.38,258.51,0.6922
299,547.09,178.87,562.45,209.42,0.5378
299,529.92,174.13,546.67,212.02,0.4421
300,876.25,159.13,946.41,362.71,0.8715
300,478.61,164.33,500.70,240.17,0.7190
300,776.29,168.87,801.48,220.97,0.7079
300,405.54,171.85,442.74,266.04,0.6255
300,547.42,180.19,561.16,210.27,0.4705
300,532.64,177.95,547.10,213.86,0.4192
301,913.06,158.78,976.56,370.07,0.8577
301,470.98,164.33,495.82,244.97,0.7515
301,388.41,170.43,429.90,273.30,0.7290
301,783.13,172.29,809.96,223.21,0.5862
301,530.43,179.52,546.31,217.28,0.4873
301,540.04,179.23,557.73,216.34,0.4357
301,524.25,177.75,538.54,213.55,0.2820
302,959.70,157.44,1039.45,372.33,0.8273
302,463.74,163.01,488.33,252.56,0.7593
302,374.28,172.34,416.31,275.16,0.7430
302,789.84,172.00,814.74,227.15,0.5374
302,542.78,180.09,558.28,219.23,0.5156
302,526.82,177.76,543.59,218.62,0.4258
303,1022.59,153.88,1120.00,369.43,0.8895
303,452.58,161.88,482.40,260.10,0.7661
303,361.69,169.26,403.39,283.74,0.7544
303,795.57,171.86,826.19,229.69,0.5927
303,538.76,175.81,555.37,220.91,0.5694
303,522.46,175.34,538.99,217.55,0.3709
304,1111.25,151.68,1238.01,371.40,0.8841
304,338.72,167.65,385.17,294.76,0.7801
304,443.60,158.62,473.89,264.42,0.7377
304,803.25,168.66,836.13,231.01,0.6677
304,538.65,177.19,553.79,222.13,0.6101
304,519.73,173.67,536.95,220.02,0.4879
305,303.04,168.79,363.83,306.05,0.7862
305,429.14,157.77,464.15,271.87,0.7563
305,812.08,169.77,840.06,231.45,0.7322
305,537.75,177.77,554.58,221.14,0.4842
305,516.14,176.08,537.23,221.11,0.3693
305,625.37,167.21,639.65,208.00,0.2883
305,637.02,168.54,651.60,207.93,0.2511
306,268.48,172.18,342.50,317.68,0.7644
306,821.97,170.42,850.71,233.10,0.7344
306,411.99,156.59,451.98,278.50,0.6164
306,534.90,177.90,551.77,221.45,0.4824
306,514.29,175.81,535.27,224.16,0.4482
307,235.06,164.16,311.26,334.35,0.7289
307,394.09,156.38,440.98,284.70,0.7218
307,831.78,168.20,861.72,235.96,0.6605
307,512.14,174.41,531.52,223.95,0.4236
307,532.39,179.61,549.04,216.74,0.3549
307,114.41,241.72,148.28,326.97,0.2792
307,1184.90,196.41,1219.30,264.94,0.2505
308,167.28,166.29,264.07,356.39,0.8110
308,843.88,167.22,873.35,235.43,0.7137
308,364.83,148.01,422.93,296.66,0.7077
308,528.25,179.31,546.26,224.35,0.5129
308,510.85,175.57,528.31,224.40,0.4920
308,0.49,227.24,135.03,366.93,0.2838
309,87.54,166.96,211.26,366.34,0.8329
309,329.10,151.94,412.13,319.58,0.7982
309,854.97,167.07,885.89,240.39,0.6818
309,527.62,176.26,546.58,228.25,0.5222
309,507.74,177.39,526.31,228.42,0.4726
309,469.05,176.12,484.09,210.08,0.3079
310,0.41,167.62,128.82,367.51,0.7894
310,276.87,152.55,371.60,338.30,0.7791
310,865.69,168.95,900.40,244.18,0.7342
310,522.75,175.83,544.73,230.49,0.5260
310,465.04,173.84,480.95,213.80,0.4178
310,507.07,179.22,527.43,229.73,0.3808
310,634.18,167.85,652.24,211.19,0.2530
311,221.47,151.05,324.88,371.33,0.8393
311,883.14,167.58,915.73,248.11,0.7444
311,518.21,179.79,542.11,232.21,0.6918
311,503.04,181.48,521.39,233.30,0.5804
311,462.50,175.10,476.40,215.46,0.3598
311,640.37,170.99,655.85,214.16,0.2558
312,136.92,147.75,267.30,366.71,0.8765
312,895.68,165.72,934.06,255.43,0.7003
312,515.91,177.66,540.20,233.28,0.5943
312,499.41,180.67,518.13,235.31,0.5901
312,460.65,176.68,474.81,216.14,0.3837
312,641.25,170.33,657.61,214.51,0.3310
313,0.00,139.02,177.86,369.51,0.8635
313,913.24,165.53,956.11,258.04,0.7120
313,514.93,176.98,537.03,234.84,0.6000
313,497.11,181.37,516.35,236.96,0.5907
313,664.55,169.12,681.02,210.38,0.2577
314,928.40,164.53,978.79,262.41,0.7728
314,510.91,174.60,533.84,237.02,0.6962
314,494.19,177.54,514.65,238.81,0.5094
314,650.06,168.05,668.85,212.12,0.2553
315,947.37,163.48,1003.53,266.01,0.7424
315,507.57,174.00,531.99,235.22,0.7344
315,489.55,180.41,509.58,237.50,0.6006
315,668.49,164.26,687.35,212.92,0.4319
315,450.35,171.62,468.52,216.08,0.4097
315,649.25,165.21,667.73,213.28,0.4034
316,505.90,171.25,530.33,235.54,0.6940
316,969.38,161.67,1031.70,270.34,0.6336
316,485.39,175.39,506.12,236.58,0.5712
316,445.57,169.49,462.04,215.37,0.3982
317,997.18,157.32,1062.86,274.22,0.6108
317,502.31,166.43,529.72,236.99,0.5942
317,442.11,168.35,460.10,216.59,0.5896
317,480.26,173.99,502.61,237.18,0.5848
317,676.11,167.03,693.24,217.03,0.2685
318,497.87,176.51,522.36,244.13,0.7338
318,476.14,177.99,497.41,245.40,0.7072
318,1028.19,157.54,1097.31,280.31,0.5671
318,435.25,166.90,456.18,217.69,0.5365
318,681.84,155.67,701.28,216.15,0.3620
319,468.18,173.48,491.97,247.33,0.7267
319,490.86,176.55,516.57,247.78,0.6775
319,1060.05,156.53,1135.84,289.50,0.6096
319,433.28,168.72,449.84,221.69,0.5645
319,219.79,162.87,249.35,216.99,0.2936
319,439.18,167.83,488.73,237.24,0.2925
320,1097.52,150.03,1184.13,303.26,0.7832
320,487.47,176.52,517.33,251.38,0.7658
320,463.47,175.52,487.64,251.92,0.7038
320,467.61,177.04,507.45,252.64,0.5539
320,694.32,165.93,714.98,218.95,0.5419
320,427.47,177.07,445.55,224.16,0.4945
320,182.21,165.03,207.06,223.43,0.4134
321,1145.54,153.90,1233.96,314.32,0.7445
321,457.81,176.19,482.99,255.24,0.7253
321,486.16,181.14,512.42,252.73,0.6936
321,172.07,163.14,194.63,222.61,0.3568
321,699.42,170.65,716.96,218.86,0.3390
321,423.07,167.55,441.46,225.21,0.3305
322,478.85,176.94,506.53,254.51,0.7292
322,449.68,176.28,477.31,259.88,0.6681
322,416.00,175.09,440.02,228.45,0.5611
322,705.61,161.94,727.97,228.91,0.5245
322,1201.49,82.56,1242.00,332.53,0.4178
322,678.20,162.76,702.67,224.84,0.3117
323,475.12,178.23,502.93,257.20,0.7814
323,446.14,174.20,474.43,261.67,0.7790
323,713.21,164.44,734.44,227.15,0.5696
323,409.08,165.15,430.14,227.57,0.5344
323,684.33,165.47,703.64,225.37,0.2873
324,472.14,178.18,499.16,260.44,0.8006
324,441.19,174.66,469.40,264.52,0.7377
324,715.26,165.67,740.20,229.30,0.5625
324,403.05,164.85,428.01,231.38,0.5546
325,433.11,173.91,463.26,270.80,0.7531
325,467.57,177.16,499.14,265.85,0.7450
325,722.75,160.55,747.83,228.88,0.6278
325,396.71,167.10,421.98,235.24,0.5691
325,834.93,174.99,858.12,220.76,0.4234
325,691.51,158.39,713.91,228.88,0.4073
326,460.61,178.45,491.66,274.65,0.7800
326,426.95,176.50,455.50,276.35,0.7228
326,727.65,159.77,754.11,233.21,0.5960
326,389.06,169.24,416.40,239.63,0.5654
326,842.50,174.12,863.49,220.66,0.3597
327,454.38,182.67,489.55,279.26,0.6782
327,734.30,164.00,765.30,241.24,0.6546
327,417.48,174.89,446.73,282.27,0.5986
327,380.53,169.75,409.17,238.90,0.5941
327,703.37,164.01,729.02,236.13,0.5528
327,850.02,177.79,869.11,227.08,0.3903
328,407.54,172.88,440.95,288.22,0.7621
328,446.62,176.16,486.39,285.77,0.7528
328,711.63,160.80,736.52,240.82,0.7071
328,744.01,160.69,770.46,235.48,0.5575
328,852.41,172.91,875.80,227.82,0.5084
328,369.45,166.90,396.73,244.46,0.4434
329,439.75,176.55,478.93,290.76,0.8098
329,396.28,171.89,432.82,290.22,0.7478
329,751.36,159.99,780.07,248.17,0.6539
329,864.37,176.43,882.08,229.49,0.6092
329,356.99,167.45,388.93,249.02,0.6073
329,718.37,160.49,742.53,243.04,0.4991
330,428.49,177.93,469.75,298.50,0.7192
330,722.57,158.80,752.61,247.29,0.7161
330,759.17,159.89,787.92,247.90,0.7045
330,380.44,171.94,420.44,300.41,0.6997
330,345.98,168.44,379.65,248.63,0.5776
330,869.85,176.38,890.62,227.40,0.4974
330,909.95,169.54,931.43,227.29,0.3658
330,724.33,161.45,785.87,246.90,0.2623
331,364.75,174.44,407.61,306.88,0.7800
331,410.11,177.70,456.08,306.42,0.7234
331,769.17,158.72,799.78,249.78,0.7203
331,878.07,179.40,899.04,232.34,0.4985
331,333.80,171.53,364.31,253.58,0.3472
331,728.47,163.35,755.14,246.10,0.2559
332,733.95,160.39,764.68,250.07,0.7316
332,396.65,181.37,443.70,319.68,0.7307
332,773.22,157.16,809.23,251.06,0.6507
332,883.08,179.03,905.07,236.60,0.6505
332,345.17,171.23,394.08,316.55,0.6495
332,919.04,171.69,944.41,232.07,0.3774
333,737.17,156.46,770.25,257.89,0.8074
333,367.92,183.01,427.98,325.16,0.7734
333,781.42,159.47,824.39,257.58,0.7172
333,329.08,184.36,374.37,330.96,0.7116
333,890.10,179.44,912.92,239.79,0.6700
333,850.59,177.44,869.08,232.76,0.4750
333,929.45,174.25,952.53,234.72,0.3973
333,301.71,168.45,333.56,260.33,0.2961
334,793.23,157.81,833.26,264.15,0.8153
334,352.85,178.54,413.22,333.01,0.7815
334,745.11,156.32,781.33,263.79,0.7667
334,308.10,178.89,359.43,339.38,0.7128
334,897.94,180.67,922.36,246.01,0.6706
334,283.11,167.07,317.42,267.47,0.4499
334,930.17,174.43,960.32,238.47,0.3894
335,806.07,155.18,843.86,269.55,0.7872
335,906.61,179.62,933.81,249.23,0.7638
335,333.47,182.90,397.92,344.86,0.7419
335,755.08,157.29,790.99,265.99,0.7244
335,283.92,173.97,338.93,344.09,0.6637
335,941.67,173.96,969.04,241.91,0.5658
335,263.95,169.52,290.74,236.95,0.3853
335,908.31,176.12,968.89,246.34,0.2703
336,764.52,156.41,803.75,273.46,0.8430
336,305.30,182.73,370.89,358.76,0.8236
336,820.40,153.82,856.53,270.63,0.8030
336,914.58,178.87,943.45,253.68,0.7084
336,953.99,174.52,980.38,246.35,0.6445
336,252.98,175.24,314.57,357.83,0.5104
336,243.16,168.29,270.60,229.70,0.4024
336,914.89,177.74,977.25,251.08,0.2904
337,772.08,152.60,814.60,277.65,0.8493
337,834.62,150.03,875.96,283.42,0.7992
337,926.30,177.13,959.77,256.45,0.6644
337,956.11,171.02,991.44,248.69,0.6581
337,279.84,183.38,352.55,368.12,0.6161
337,223.03,177.58,290.59,370.84,0.5818
337,217.79,165.80,245.11,231.02,0.5388
337,223.59,218.14,266.89,324.53,0.2980
338,243.63,179.34,326.21,372.70,0.7510
338,783.62,150.76,829.31,281.87,0.7438
338,973.82,169.71,1005.96,252.31,0.6893
338,939.57,176.82,974.13,260.23,0.6717
338,849.44,146.23,892.41,283.52,0.6614
338,187.58,163.88,217.09,231.99,0.5200
338,191.50,177.76,259.71,370.33,0.3367
339,797.10,149.69,844.36,288.42,0.8362
339,867.92,146.28,917.03,289.48,0.8046
339,955.76,179.60,990.95,266.61,0.6594
339,988.53,172.31,1020.71,252.69,0.6181
339,216.80,174.16,293.67,368.45,0.4255
339,140.59,175.05,223.14,361.88,0.3020
340,886.22,145.32,937.28,297.15,0.8393
340,812.53,147.79,863.47,296.06,0.7591
340,1008.96,172.09,1038.06,251.55,0.6497
340,166.18,178.96,261.43,366.46,0.6466
340,76.41,165.18,179.24,369.78,0.5902
340,976.08,178.46,1008.45,273.67,0.5860
340,955.77,179.53,982.40,252.98,0.2561
