1,2914,341.13,231.74,353.96,259.64
1,2913,335.09,232.89,346.64,259.72
1,2912,362.49,219.57,384.89,270.43
1,2911,587.46,205.59,639.71,346.77
1,2910,372.05,218.75,389.91,273.99
1,2909,178.20,224.33,212.90,301.37
1,2908,220.10,230.73,241.00,285.34
1,2907,291.64,191.03,327.84,312.47
1,2906,50.25,189.66,112.18,332.57
1,2905,251.87,182.83,297.55,311.49
2,2915,354.41,221.64,373.69,265.57
2,2913,334.74,233.72,344.74,259.78
2,2912,361.37,220.92,381.09,269.14
2,2911,592.99,209.42,640.15,344.41
2,2910,372.86,218.74,391.36,275.57
2,2909,173.09,203.40,211.22,300.02
2,2908,219.90,225.15,242.94,286.24
2,2907,293.24,190.70,329.59,310.65
2,2906,45.78,190.98,108.69,336.36
2,2905,252.77,182.46,299.36,311.21
3,2914,341.16,230.75,354.48,260.12
3,2913,334.98,234.02,345.04,260.31
3,2912,361.42,222.25,379.46,268.52
3,2911,600.40,205.35,641.03,329.43
3,2910,374.96,220.18,392.38,274.64
3,2909,167.55,194.71,209.96,303.34
3,2908,219.55,227.16,242.24,286.29
3,2907,294.80,188.91,331.57,310.26
3,2906,37.11,187.80,104.48,340.79
3,2905,254.01,183.21,300.17,309.42
4,2913,337.04,233.58,346.89,259.58
4,2909,163.98,190.41,207.17,304.63
4,2908,219.41,222.66,242.92,284.07
4,2907,297.26,188.65,334.42,310.45
4,2906,31.87,186.12,100.75,342.57
4,2905,254.73,181.82,301.81,308.99
5,2914,341.94,224.46,356.73,259.04
5,2909,162.49,192.82,202.92,306.03
5,2908,219.69,220.82,243.37,283.69
5,2907,299.34,187.24,339.77,311.99
5,2906,23.37,185.69,92.60,345.10
5,2905,253.31,181.42,302.69,309.90
6,2914,343.42,224.99,358.36,259.81
6,2909,161.88,191.87,200.88,306.61
6,2908,218.49,216.36,243.33,283.94
6,2907,301.21,188.98,343.14,313.21
6,2906,16.83,184.88,87.63,348.42
6,2905,255.47,182.44,304.94,309.55
7,2914,346.08,228.45,360.08,262.66
7,2912,358.37,223.47,374.67,266.43
7,2910,377.06,217.56,396.42,275.44
7,2909,160.20,191.48,198.91,309.17
7,2908,216.50,215.56,242.29,286.00
7,2907,302.22,191.99,344.89,315.92
7,2906,6.97,182.79,78.50,349.39
7,2905,259.30,185.04,307.57,310.58
8,2914,347.36,229.09,360.75,263.64
8,2912,357.69,224.22,373.71,265.67
8,2910,377.63,218.50,396.58,275.25
8,2909,157.46,190.61,198.73,313.58
8,2908,213.90,215.15,240.28,287.44
8,2907,303.04,193.28,345.29,315.14
8,2906,-0.47,180.73,71.87,351.15
8,2905,261.38,185.19,309.38,310.82
9,2914,344.35,222.28,358.75,260.83
9,2910,378.43,219.66,397.40,276.05
9,2909,154.05,190.26,197.46,317.81
9,2908,212.69,215.48,239.06,288.93
9,2907,304.59,193.78,347.82,315.52
9,2906,-3.35,180.31,68.74,355.27
9,2905,263.39,185.42,312.00,312.11
10,2914,347.24,216.76,362.30,260.27
10,2910,377.58,218.26,397.72,276.98
10,2909,149.02,187.75,195.02,319.03
10,2908,211.66,213.24,238.80,288.97
10,2907,306.62,192.25,348.88,313.63
10,2906,-5.16,179.11,64.40,357.82
10,2905,265.57,184.46,313.90,311.87
11,2917,240.45,207.26,269.57,294.00
11,2910,377.34,217.39,398.34,276.85
11,2909,142.18,183.32,192.93,320.35
11,2908,211.03,212.13,238.25,289.38
11,2907,308.01,190.87,349.86,312.55
11,2906,-6.55,180.52,58.36,358.43
11,2905,266.74,182.90,314.93,310.36
12,2917,240.49,207.74,270.00,291.65
12,2912,360.17,224.61,380.50,272.53
12,2910,376.86,220.57,398.25,281.26
12,2909,138.18,184.35,190.69,324.21
12,2908,208.49,216.28,235.75,293.73
12,2907,309.78,193.61,350.75,315.38
12,2906,-7.96,181.83,50.10,357.29
12,2905,268.02,184.59,316.48,313.64
13,2912,359.37,225.04,380.00,273.43
13,2910,377.07,220.80,398.63,281.99
13,2909,135.27,183.32,188.53,325.40
13,2908,205.31,216.30,232.37,294.23
13,2907,311.84,192.81,353.26,315.85
13,2906,-7.87,186.75,43.55,355.91
13,2905,269.49,184.29,318.50,314.71
14,2912,358.92,225.03,380.12,273.97
14,2910,377.43,220.73,399.12,282.63
14,2909,127.09,180.65,184.28,327.96
14,2908,203.30,215.68,231.05,294.54
14,2907,312.85,193.69,353.89,316.95
14,2906,-7.98,187.61,36.13,343.41
14,2905,269.49,184.08,319.40,315.47
15,2910,377.27,218.45,400.02,281.25
15,2909,118.58,178.12,178.06,329.02
15,2908,200.53,212.39,230.07,293.76
15,2907,313.55,194.27,354.37,317.45
15,2906,-7.76,195.96,29.06,336.49
15,2905,270.29,182.30,320.94,314.57
16,2910,378.01,218.69,400.42,281.67
16,2909,112.72,178.22,175.99,334.08
16,2908,196.83,212.27,227.66,295.57
16,2907,314.41,195.59,355.62,319.10
16,2905,269.85,184.13,321.08,316.38
17,2910,377.52,219.36,400.26,282.90
17,2909,105.78,178.27,171.89,338.39
17,2908,194.23,211.87,226.96,297.43
17,2907,314.64,196.17,356.16,319.84
17,2905,269.83,184.59,321.17,317.13
18,2920,248.85,211.84,268.88,266.10
18,2910,376.86,218.97,399.80,283.01
18,2909,97.03,175.83,164.88,340.79
18,2908,190.95,210.84,224.14,298.10
18,2907,314.09,195.04,355.31,317.66
18,2905,269.69,183.51,320.93,315.69
19,2920,247.48,210.57,266.95,261.46
19,2910,376.03,216.57,399.52,281.84
19,2909,88.15,172.49,157.77,342.21
19,2908,188.26,209.57,221.61,298.74
19,2907,313.68,193.46,355.66,316.12
19,2905,268.96,183.20,320.57,314.89
20,2920,248.57,213.26,266.16,258.84
20,2910,375.84,215.72,399.85,280.63
20,2909,78.33,167.77,150.10,342.38
20,2908,186.16,208.75,219.06,298.33
20,2907,313.61,191.19,355.98,314.44
20,2905,269.13,181.92,320.84,313.18
21,2920,244.71,207.91,264.27,258.23
21,2910,376.22,214.75,400.52,280.08
21,2909,65.75,161.18,141.28,342.04
21,2908,184.76,207.10,217.73,297.97
21,2907,314.69,188.95,359.01,313.17
21,2905,268.76,177.67,320.88,310.52
22,2920,244.63,208.47,263.24,255.90
22,2910,376.66,212.29,401.47,277.87
22,2909,58.77,156.71,137.30,343.52
22,2908,183.65,204.78,215.49,296.54
22,2907,314.81,186.58,361.34,311.68
22,2905,268.99,175.64,320.91,308.74
23,2920,238.78,203.87,261.08,261.03
23,2910,376.71,211.70,401.66,277.74
23,2909,44.94,154.12,131.93,349.90
23,2908,181.71,204.21,213.34,297.50
23,2907,315.20,187.04,363.43,312.58
23,2905,269.14,176.94,321.15,309.92
24,2923,361.14,215.26,381.86,270.71
24,2910,376.79,212.07,402.05,277.95
24,2909,37.75,152.60,128.44,355.28
24,2908,178.00,202.35,209.57,297.40
24,2907,315.12,187.47,362.87,313.33
24,2905,268.83,177.22,321.57,310.68
25,2923,361.95,217.56,381.19,271.38
25,2910,376.21,213.11,401.73,278.87
25,2909,28.47,150.95,122.93,360.92
25,2908,174.28,201.92,207.37,299.29
25,2907,316.72,188.13,364.49,314.22
25,2905,269.01,178.31,322.22,311.87
26,2924,210.13,190.46,253.46,294.11
26,2923,361.97,217.84,380.25,271.10
26,2910,376.07,212.17,401.62,278.67
26,2909,17.40,149.63,112.61,367.74
26,2908,169.26,200.46,202.55,299.33
26,2907,316.95,185.64,364.60,312.62
26,2905,268.61,179.43,322.14,311.83
27,2924,205.80,190.81,249.58,294.39
27,2910,374.76,211.23,400.24,278.17
27,2909,6.53,143.38,104.25,371.00
27,2908,162.59,198.94,197.06,300.39
27,2907,316.49,184.94,363.77,312.23
27,2905,268.11,180.87,322.15,311.37
28,2924,202.31,190.70,247.22,296.82
28,2910,373.42,211.18,399.18,278.43
28,2909,-1.48,140.53,95.19,375.79
28,2908,155.67,198.56,193.18,302.98
28,2907,316.31,184.81,363.20,311.84
28,2905,268.43,181.04,322.15,310.69
29,2926,96.33,206.74,120.56,271.53
29,2924,198.23,189.22,245.17,302.27
29,2910,372.59,210.16,398.68,277.94
29,2909,-6.01,132.53,87.97,376.83
29,2908,150.21,196.83,190.57,304.38
29,2907,315.49,183.77,361.32,310.69
29,2905,268.15,179.17,321.93,309.27
30,2926,95.03,207.34,119.75,271.22
30,2924,193.61,188.12,242.56,303.19
30,2910,373.59,209.50,399.72,277.94
30,2909,-8.93,130.44,80.13,380.70
30,2908,145.77,195.93,187.76,305.73
30,2907,316.76,184.27,361.61,310.76
30,2905,268.35,177.33,322.39,308.41
31,2926,92.64,207.24,118.60,272.47
31,2924,192.45,186.01,241.98,301.70
31,2910,374.20,209.82,400.47,278.32
31,2909,-9.76,125.03,74.37,382.77
31,2908,141.64,194.90,184.20,306.91
31,2907,317.55,185.43,361.43,311.50
31,2905,269.03,178.93,323.15,309.67
32,2926,90.45,208.57,116.63,273.83
32,2910,374.17,212.08,400.94,280.32
32,2909,-13.86,132.53,58.99,389.68
32,2908,138.39,194.56,181.48,308.83
32,2907,318.79,186.15,362.38,313.53
32,2905,269.37,181.70,323.58,312.53
33,2926,87.62,208.01,114.90,273.98
33,2908,135.42,192.55,178.69,309.81
33,2907,319.36,187.29,362.10,315.05
33,2905,268.91,183.05,323.38,313.56
34,2929,251.42,229.63,265.14,266.81
34,2928,204.60,184.59,241.12,275.78
34,2926,83.43,208.83,112.30,276.09
34,2908,130.92,192.80,175.75,312.66
34,2907,319.79,190.29,361.79,316.82
34,2905,267.91,185.01,322.61,315.11
35,2929,248.74,232.22,262.27,267.84
35,2928,199.12,185.18,236.94,281.59
35,2926,77.51,208.17,108.70,277.41
35,2908,124.03,192.73,171.06,316.24
35,2907,316.94,193.32,359.56,318.52
35,2905,265.74,185.60,320.94,315.41
36,2929,246.73,233.03,261.70,270.22
36,2928,192.96,183.28,233.06,284.01
36,2926,71.89,208.80,104.61,279.74
36,2908,117.00,193.98,165.12,320.64
36,2907,313.96,191.56,357.94,318.78
36,2905,263.34,186.92,318.97,316.88
37,2929,243.60,230.58,259.14,268.65
37,2928,188.18,178.16,228.89,272.94
37,2926,64.88,207.24,100.10,279.62
37,2908,111.32,192.24,160.61,322.13
37,2907,311.59,189.23,357.18,317.51
37,2905,260.47,184.01,315.91,314.80
38,2931,367.04,211.43,396.58,284.91
38,2929,242.01,226.80,257.68,266.30
38,2928,183.20,177.55,225.14,272.44
38,2926,57.86,206.16,94.06,278.37
38,2908,106.45,190.19,157.66,323.99
38,2907,308.57,186.78,356.75,317.15
38,2905,257.42,182.69,313.75,314.49
39,2931,367.74,208.73,396.94,281.08
39,2928,176.20,177.65,222.01,281.76
39,2926,52.57,203.99,87.91,276.31
39,2908,98.75,185.44,150.66,323.21
39,2907,308.14,185.87,358.33,315.82
39,2905,257.83,180.08,313.66,312.26
40,2931,368.80,208.61,397.97,280.70
40,2928,171.08,177.15,220.94,293.05
40,2926,50.73,203.17,86.93,276.62
40,2908,93.54,183.53,146.90,324.45
40,2907,307.24,188.96,358.91,317.10
40,2905,258.90,180.04,313.96,311.82
41,2928,166.78,173.00,219.13,294.52
41,2926,47.54,202.92,84.67,277.43
41,2908,88.50,182.16,143.37,326.87
41,2907,307.21,191.70,359.51,318.59
41,2905,261.35,182.96,315.60,314.14
42,2928,163.12,167.50,216.03,290.64
42,2926,44.18,199.28,81.35,276.31
42,2908,83.27,179.14,138.86,327.84
42,2907,308.01,193.39,359.54,318.66
42,2905,263.02,184.18,316.40,314.99
43,2928,157.41,166.29,212.80,298.44
43,2926,40.80,197.19,77.43,276.40
43,2908,76.91,176.37,132.65,328.91
43,2907,308.67,193.09,358.19,317.71
43,2905,264.39,184.06,317.03,314.89
44,2928,151.87,162.63,210.60,304.18
44,2926,35.92,195.49,72.73,277.06
44,2908,71.64,173.95,128.84,332.25
44,2907,309.28,189.72,356.91,315.31
44,2905,265.88,182.21,318.27,313.03
45,2933,221.28,232.00,234.22,259.35
45,2928,146.37,155.11,206.51,301.08
45,2926,32.61,194.75,69.96,276.40
45,2908,64.28,170.47,124.49,334.28
45,2907,310.44,186.47,355.52,312.36
45,2905,266.43,179.20,318.60,310.71
46,2933,220.35,231.69,233.66,259.12
46,2928,141.72,148.83,203.31,294.69
46,2926,28.51,196.79,65.74,277.52
46,2908,53.19,168.45,116.93,337.82
46,2907,310.58,185.47,353.87,311.66
46,2905,267.68,178.32,319.08,310.37
47,2928,137.11,146.07,200.51,293.10
47,2926,24.57,197.03,59.80,278.57
47,2908,45.14,167.15,112.01,343.55
47,2907,311.32,185.88,353.46,312.87
47,2905,268.70,178.77,319.87,311.88
48,2938,254.96,216.27,270.37,262.93
48,2928,130.12,142.66,197.00,290.92
48,2908,31.87,161.59,103.88,346.96
48,2907,311.10,182.79,352.29,310.53
48,2905,269.04,178.02,319.79,311.72
49,2938,254.23,219.40,269.83,266.38
49,2928,123.60,142.22,193.37,292.22
49,2908,20.20,162.38,95.49,355.21
49,2907,311.51,186.93,352.13,314.91
49,2905,269.15,179.99,318.85,314.11
50,2938,254.55,216.64,270.86,266.29
50,2933,225.43,230.15,238.80,260.64
50,2928,119.26,141.76,190.93,298.61
50,2908,10.45,158.77,87.70,358.12
50,2907,311.27,189.53,351.64,316.22
50,2905,269.43,181.30,318.66,315.15
51,2941,234.16,228.95,246.26,267.79
51,2938,256.14,220.05,272.62,270.42
51,2933,224.28,232.67,237.79,263.39
51,2928,109.42,142.75,186.51,315.03
51,2908,1.59,156.30,79.88,362.53
51,2907,310.89,192.25,351.29,318.19
51,2905,269.14,182.50,318.08,316.76
52,2941,235.31,229.17,248.21,269.35
52,2938,254.15,221.57,271.44,272.04
52,2933,224.64,231.45,240.04,266.23
52,2928,96.89,139.28,180.13,326.74
52,2908,-2.81,153.69,74.58,367.16
52,2907,310.41,193.80,350.63,318.48
52,2905,268.91,183.96,317.24,317.99
53,2938,252.43,221.42,270.20,271.58
53,2933,227.26,231.49,241.90,267.32
53,2928,86.87,138.11,174.93,344.39
53,2907,309.48,192.87,349.66,316.93
53,2905,268.38,182.44,315.94,316.53
54,2938,251.46,220.39,270.42,272.44
54,2933,227.11,229.52,242.16,267.82
54,2928,76.65,133.59,169.69,359.10
54,2907,309.88,192.96,350.60,318.01
54,2905,268.52,182.85,315.44,316.83
55,2943,-0.83,168.08,36.09,223.38
55,2938,251.10,219.23,270.46,272.33
55,2933,227.60,228.36,242.75,268.61
55,2928,64.47,118.57,161.75,352.72
55,2907,310.76,193.20,352.63,318.84
55,2905,269.23,182.46,316.34,316.51
56,2943,1.38,181.05,26.32,218.56
56,2938,251.11,218.12,270.64,270.90
56,2933,227.08,225.90,242.33,267.01
56,2928,51.21,108.19,154.49,350.48
56,2907,311.73,192.66,355.44,318.77
56,2905,270.70,181.88,317.42,315.44
57,2938,249.94,216.83,270.33,270.81
57,2933,227.89,225.60,243.48,267.09
57,2928,31.00,95.65,143.40,340.72
57,2907,311.13,192.75,355.25,319.02
57,2905,272.03,182.29,318.34,315.31
58,2938,250.29,217.29,271.22,271.15
58,2933,227.56,225.12,243.67,267.28
58,2928,11.83,105.74,134.71,386.97
58,2907,312.52,193.99,356.83,319.80
58,2905,273.42,183.37,319.68,317.07
59,2938,249.79,216.16,272.00,271.58
59,2933,226.08,224.58,241.77,266.86
59,2928,-0.26,98.48,124.24,403.53
59,2907,312.51,193.55,356.12,319.28
59,2905,274.54,182.81,321.11,316.52
60,2949,135.70,221.97,156.73,271.52
60,2938,248.49,216.31,271.74,272.75
60,2933,223.72,226.25,239.70,269.21
60,2928,-6.90,90.24,116.16,422.17
60,2907,313.31,192.74,356.02,318.28
60,2905,275.45,184.35,322.81,317.79
61,2949,136.15,224.64,156.60,272.01
61,2938,248.15,216.36,272.17,273.67
61,2933,222.90,227.85,238.61,270.92
61,2928,-9.83,76.67,110.35,436.28
61,2907,314.17,192.01,355.77,317.30
61,2905,276.66,183.57,324.23,317.00
62,2949,137.03,224.00,157.79,271.07
62,2938,248.40,216.22,273.01,274.22
62,2933,222.40,226.60,238.13,270.22
62,2928,-12.96,63.96,100.15,444.96
62,2907,316.05,191.11,356.64,317.08
62,2905,277.90,183.30,325.10,316.73
63,2949,137.30,222.95,158.32,269.27
63,2938,247.33,214.66,272.13,273.97
63,2933,221.39,227.50,236.92,270.57
63,2907,317.01,189.79,357.06,317.00
63,2905,279.24,182.79,326.14,316.39
64,2951,268.38,223.88,284.99,269.36
64,2949,136.70,223.14,157.15,268.60
64,2938,246.50,215.22,270.96,274.45
64,2933,219.43,223.93,236.43,269.22
64,2907,318.96,189.67,358.24,317.49
64,2905,280.45,183.13,327.31,317.03
65,2951,269.12,226.50,285.82,270.65
65,2949,136.05,222.87,156.47,268.21
65,2938,245.36,213.79,269.90,273.84
65,2933,218.33,221.68,236.34,268.75
65,2907,320.36,190.01,358.85,317.85
65,2905,281.14,183.02,328.38,317.03
66,2951,270.41,228.50,287.94,272.48
66,2949,135.61,222.71,156.63,268.39
66,2938,244.45,211.93,269.26,273.40
66,2933,219.43,226.83,237.95,270.45
66,2907,323.01,192.09,360.83,319.65
66,2905,281.89,184.30,329.12,318.06
67,2951,270.34,228.40,288.11,273.64
67,2949,134.97,222.31,156.48,268.66
67,2938,243.67,212.24,268.51,274.46
67,2907,324.78,193.77,362.45,320.70
67,2905,281.77,184.92,329.59,318.52
68,2951,269.85,227.54,287.61,274.27
68,2949,134.19,222.53,155.92,268.80
68,2938,241.70,212.01,267.36,275.05
68,2907,324.98,194.14,362.56,320.37
68,2905,281.72,184.09,330.05,318.03
69,2956,366.55,211.94,394.75,281.88
69,2955,209.88,232.19,227.58,273.87
69,2951,269.86,231.69,286.63,276.36
69,2949,132.71,223.38,154.29,269.99
69,2938,240.25,214.36,265.50,277.08
69,2907,325.60,195.46,364.34,321.22
69,2905,281.54,184.19,330.39,318.28
70,2956,368.08,209.01,393.57,271.09
70,2955,207.33,230.78,223.68,272.57
70,2951,269.74,234.37,285.83,277.95
70,2949,130.83,223.30,152.50,270.28
70,2938,238.34,213.22,264.29,277.45
70,2933,218.83,232.36,236.75,271.33
70,2907,325.30,195.14,365.89,320.89
70,2905,281.22,183.31,330.68,317.77
71,2955,205.21,227.61,221.98,272.56
71,2951,269.30,234.78,285.15,277.89
71,2949,130.01,223.69,152.23,270.52
71,2938,237.56,213.08,263.62,278.00
71,2933,218.56,231.28,235.69,269.61
71,2907,326.88,193.76,369.11,320.05
71,2905,281.63,182.69,331.42,317.77
72,2955,204.23,227.86,220.89,274.07
72,2951,269.08,235.70,284.49,278.56
72,2949,129.88,223.41,152.16,270.51
72,2938,237.73,215.30,263.56,279.18
72,2933,218.67,231.56,235.01,269.33
72,2907,328.81,193.00,374.36,320.77
72,2905,282.46,182.62,332.65,317.77
73,2955,202.19,225.94,219.59,275.15
73,2951,268.82,237.13,284.32,279.63
73,2949,129.30,222.94,151.45,270.41
73,2938,236.87,215.22,263.41,279.56
73,2933,217.78,232.01,234.16,269.74
73,2907,328.55,194.27,373.16,321.60
73,2905,283.91,184.52,334.27,319.26
74,2955,200.99,223.43,218.52,274.72
74,2951,268.29,235.49,284.25,279.01
74,2949,128.90,223.19,151.22,270.46
74,2938,236.10,214.01,263.22,279.22
74,2933,217.37,231.39,233.65,269.43
74,2907,331.80,194.95,378.95,323.37
74,2905,285.23,186.18,336.11,320.21
75,2960,576.44,214.37,620.85,327.20
75,2955,199.84,223.66,217.82,276.92
75,2951,267.83,236.22,284.13,280.27
75,2949,129.12,224.54,151.26,271.39
75,2938,236.35,214.34,264.15,280.97
75,2933,216.91,233.00,233.35,271.10
75,2907,331.78,196.87,377.44,325.10
75,2905,286.94,188.26,338.24,322.24
76,2960,582.76,214.20,628.13,330.69
76,2955,198.56,223.41,217.02,277.88
76,2951,267.84,237.05,284.13,281.46
76,2949,129.26,225.13,151.06,271.66
76,2938,235.54,216.45,263.10,282.79
76,2933,216.85,233.46,233.33,271.09
76,2907,334.83,197.37,380.35,325.48
76,2905,289.10,188.58,340.52,322.35
77,2960,590.38,213.07,637.24,334.30
77,2955,196.55,224.14,215.89,280.04
77,2951,267.06,238.64,283.23,282.56
77,2949,128.92,225.78,150.47,272.10
77,2938,235.23,217.17,262.67,283.65
77,2933,216.14,233.94,233.03,271.88
77,2907,338.73,196.96,384.41,325.22
77,2905,289.89,187.78,341.89,321.59
78,2960,596.16,214.04,641.14,335.22
78,2955,194.81,225.62,213.89,280.70
78,2951,267.06,238.83,283.21,282.74
78,2949,128.93,225.75,151.02,272.01
78,2938,234.80,215.67,262.31,283.00
78,2933,214.83,233.46,232.19,271.31
78,2907,340.65,195.87,385.58,324.12
78,2905,291.22,186.40,343.31,319.81
79,2960,598.58,213.35,642.40,335.71
79,2955,193.44,224.98,212.95,280.87
79,2951,266.54,236.75,282.96,281.49
79,2949,128.65,224.13,150.96,270.72
79,2938,234.29,219.00,260.69,284.31
79,2933,215.19,232.25,232.57,270.49
79,2907,342.81,193.89,386.87,322.24
79,2905,292.90,185.26,345.41,319.64
80,2962,288.73,228.47,308.61,284.87
80,2955,192.52,221.74,213.49,280.69
80,2951,265.95,235.14,283.10,280.76
80,2949,128.54,224.44,150.70,270.61
80,2938,233.18,215.60,259.90,282.92
80,2933,214.59,231.38,232.11,269.81
80,2907,344.52,192.67,387.48,321.93
80,2905,295.16,185.97,347.97,320.26
81,2962,289.50,224.25,309.25,284.60
81,2955,191.70,220.56,213.61,280.49
81,2951,265.84,234.84,283.48,281.14
81,2949,128.29,224.93,150.35,270.83
81,2938,232.58,216.04,259.12,283.67
81,2907,346.25,192.97,389.61,323.04
81,2905,296.99,186.41,350.61,320.97
82,2962,290.30,221.44,310.08,284.25
82,2955,189.71,218.32,212.95,279.46
82,2951,264.82,234.62,282.43,281.83
82,2949,128.27,224.64,150.86,270.13
82,2938,231.50,213.44,258.75,282.39
82,2907,349.25,193.21,391.54,323.37
82,2905,297.44,186.20,351.79,320.87
83,2968,283.64,222.85,300.07,283.26
83,2962,290.50,219.61,310.16,284.07
83,2955,187.78,217.08,212.08,279.76
83,2951,264.75,234.97,282.73,282.82
83,2949,128.22,225.15,151.14,270.18
83,2938,230.69,211.56,258.69,282.60
83,2907,351.28,193.45,393.81,323.94
83,2905,297.99,185.92,352.83,320.59
84,2968,282.57,221.23,300.15,284.33
84,2962,289.36,217.74,308.76,284.56
84,2955,185.57,217.10,209.64,280.08
84,2951,264.13,235.80,282.17,283.72
84,2949,128.28,225.23,151.32,270.19
84,2938,229.59,212.09,257.54,283.61
84,2933,214.25,231.86,231.23,270.16
84,2907,354.17,194.00,398.40,324.95
84,2905,298.42,185.88,353.68,320.67
85,2968,282.37,220.63,300.71,286.81
85,2955,184.28,218.26,208.80,281.72
85,2951,260.43,232.63,279.33,283.87
85,2949,127.62,225.04,150.46,270.64
85,2938,227.99,214.25,254.99,285.65
85,2933,214.41,232.38,231.01,271.71
85,2907,355.90,195.96,401.90,326.88
85,2905,298.49,186.14,353.70,320.69
86,2968,281.71,222.10,301.23,290.06
86,2955,182.32,220.00,206.23,283.01
86,2951,258.39,234.90,277.79,287.03
86,2949,126.48,226.55,148.78,273.03
86,2938,226.15,217.51,251.98,286.56
86,2933,213.70,233.77,229.69,272.67
86,2907,354.25,196.83,402.38,327.72
86,2905,298.08,187.60,353.86,322.01
87,2968,280.84,223.25,301.74,292.31
87,2955,177.87,222.90,201.57,286.83
87,2951,256.81,237.35,276.64,289.61
87,2949,125.76,228.12,147.97,274.71
87,2938,224.43,218.64,249.99,287.71
87,2933,211.86,234.64,227.87,273.53
87,2907,354.14,195.93,403.91,327.24
87,2905,297.71,188.02,353.49,322.56
88,2968,276.82,221.06,298.89,290.82
88,2955,175.06,221.96,198.24,285.65
88,2951,254.68,235.67,275.02,288.83
88,2949,124.16,227.42,146.13,274.22
88,2938,221.84,213.29,248.37,285.99
88,2933,210.48,234.59,226.14,273.71
88,2907,352.44,194.31,406.25,325.69
88,2905,296.77,187.18,352.07,321.02
89,2968,275.00,220.32,297.65,290.44
89,2955,172.17,220.24,195.90,285.31
89,2951,252.40,234.78,273.27,288.56
89,2949,123.18,226.40,144.84,273.58
89,2938,220.01,211.51,247.09,286.70
89,2933,209.75,233.05,225.24,274.16
89,2907,352.12,194.00,410.13,325.24
89,2905,296.82,187.00,352.28,320.36
90,2968,272.63,217.67,296.15,288.13
90,2955,169.67,215.68,194.33,282.37
90,2951,251.01,231.60,271.67,285.63
90,2949,121.74,220.50,144.48,269.49
90,2938,217.97,206.20,245.14,284.45
90,2907,351.71,190.97,413.01,321.67
90,2905,296.19,183.50,352.11,317.60
91,2968,270.61,217.04,295.61,288.99
91,2955,168.11,214.87,192.41,281.83
91,2951,249.86,231.65,270.77,286.60
91,2949,121.13,220.67,144.08,269.61
91,2938,217.05,204.73,244.83,285.32
91,2907,352.59,192.79,418.21,322.65
91,2905,297.34,184.29,353.21,318.27
92,2972,514.12,392.10,638.35,480.52
92,2968,268.75,217.08,294.12,289.69
92,2955,167.43,215.64,191.93,283.55
92,2951,249.69,232.24,270.51,288.08
92,2949,120.39,222.49,142.95,271.04
92,2938,216.42,203.55,245.13,286.62
92,2907,352.51,194.54,420.49,324.72
92,2905,298.61,184.97,354.55,318.56
93,2972,514.58,392.21,639.24,480.52
93,2968,267.88,217.51,292.69,290.11
93,2955,166.65,213.16,190.95,280.41
93,2951,247.86,229.77,268.95,288.10
93,2949,119.61,221.56,142.20,269.83
93,2938,215.16,203.18,244.33,287.75
93,2907,353.70,194.19,421.33,324.49
93,2905,299.47,184.23,355.59,318.05
94,2972,514.94,391.19,639.97,480.02
94,2968,267.49,215.58,291.77,288.04
94,2951,247.18,228.94,267.98,287.34
94,2949,119.63,219.48,142.45,267.86
94,2938,214.60,203.33,244.02,287.47
94,2907,356.97,193.21,422.31,321.99
94,2905,300.97,181.90,357.37,315.32
95,2972,514.68,390.43,640.18,479.80
95,2968,266.14,215.08,290.10,287.11
95,2951,246.72,226.51,267.52,284.74
95,2949,119.88,217.40,142.86,265.76
95,2938,212.64,198.50,243.62,285.39
95,2907,355.08,189.11,418.69,318.08
95,2905,302.93,179.07,359.49,312.91
96,2975,285.18,216.79,306.15,279.77
96,2972,512.88,389.08,639.80,479.59
96,2968,264.04,211.58,289.08,286.69
96,2951,244.12,224.68,265.33,283.97
96,2949,118.65,217.51,141.64,265.17
96,2938,210.80,195.07,243.48,284.59
96,2907,355.81,185.83,415.46,315.19
96,2905,304.13,177.73,360.70,311.81
97,2975,284.43,213.15,305.83,278.32
97,2972,512.34,386.40,639.90,478.82
97,2968,262.64,208.86,288.18,285.07
97,2955,157.82,206.30,182.64,279.17
97,2951,242.68,220.81,264.18,281.55
97,2949,117.65,214.05,141.11,261.76
97,2938,208.58,190.62,242.68,282.10
97,2907,358.38,183.16,414.34,312.45
97,2905,305.35,175.15,362.88,309.12
98,2975,283.76,211.28,305.30,277.93
98,2972,511.52,384.38,639.30,478.54
98,2968,261.50,207.02,287.58,284.32
98,2955,154.70,203.50,179.64,278.55
98,2951,241.43,217.97,262.91,280.62
98,2949,116.75,212.70,140.68,260.34
98,2938,207.23,188.89,241.44,281.52
98,2907,360.31,182.36,413.09,311.56
98,2905,306.03,174.65,363.79,308.43
99,2976,491.85,215.65,525.04,292.71
99,2975,283.76,212.20,304.19,277.14
99,2968,259.74,206.53,286.15,284.36
99,2955,151.11,201.26,176.61,278.53
99,2951,239.23,216.49,260.76,280.65
99,2949,114.77,210.50,138.75,259.10
99,2938,203.74,186.10,238.80,280.61
99,2907,361.66,182.51,411.47,311.24
99,2905,305.24,174.34,363.50,307.99
100,2976,493.20,217.51,528.85,295.13
100,2975,283.15,212.28,303.54,277.46
100,2968,259.39,206.64,285.72,284.92
100,2955,148.45,199.31,174.78,278.74
100,2951,238.33,217.87,259.64,282.00
100,2949,113.89,210.02,137.77,258.60
100,2938,202.11,184.99,238.98,281.61
100,2907,363.89,184.47,412.04,312.82
100,2905,305.49,175.01,363.58,308.86
101,2976,496.42,218.94,533.77,297.40
101,2975,283.85,210.84,304.53,277.43
101,2968,256.89,205.49,284.21,284.93
101,2955,146.12,195.90,173.36,276.80
101,2951,237.49,216.31,258.80,281.24
101,2949,114.00,208.71,137.34,256.86
101,2938,198.61,183.27,237.25,281.46
101,2907,366.52,185.10,413.26,313.50
101,2905,306.16,173.78,364.02,308.19
102,2976,500.53,216.69,540.26,295.20
102,2975,283.48,207.51,304.98,275.85
102,2968,255.04,201.51,283.74,283.73
102,2955,143.20,196.10,170.95,277.31
102,2951,236.37,210.89,258.29,279.04
102,2949,113.64,207.37,136.58,255.67
102,2938,194.89,181.75,233.35,280.92
102,2907,365.79,181.62,412.13,311.22
102,2905,306.50,172.05,364.21,306.88
103,2976,502.63,217.27,543.26,296.10
103,2975,281.20,209.24,303.38,278.44
103,2968,253.21,201.69,282.38,286.51
103,2955,139.02,198.85,166.99,280.86
103,2951,233.15,214.62,255.54,282.90
103,2949,111.61,208.52,134.64,257.75
103,2938,191.98,183.32,230.10,283.80
103,2907,362.60,182.56,410.36,312.18
103,2905,304.36,172.06,362.35,307.30
104,2976,505.91,218.38,546.63,298.94
104,2975,277.42,210.36,300.03,280.38
104,2968,250.30,202.79,279.37,288.97
104,2955,133.70,200.12,162.13,283.78
104,2951,229.26,217.40,252.47,286.21
104,2949,109.47,211.90,132.03,260.79
104,2938,187.67,183.29,225.82,285.57
104,2907,360.43,181.97,409.65,312.16
104,2905,302.44,173.55,361.07,309.13
105,2976,511.28,218.30,549.99,299.84
105,2975,273.47,209.29,296.46,280.76
105,2968,247.45,202.31,276.83,289.69
105,2955,126.99,199.48,156.51,284.88
105,2951,224.39,220.52,247.53,289.12
105,2949,105.97,212.09,128.19,260.91
105,2938,184.01,182.80,221.57,286.77
105,2907,357.82,181.24,409.91,311.81
105,2905,300.71,172.85,359.58,308.82
106,2976,508.39,221.41,545.08,301.19
106,2975,270.09,212.19,293.93,283.37
106,2968,244.20,200.90,274.22,290.80
106,2955,120.76,198.42,150.75,286.01
106,2951,221.56,216.60,244.88,288.41
106,2949,102.69,212.66,124.08,261.31
106,2938,179.54,183.09,216.78,288.19
106,2907,355.93,180.58,412.14,312.31
106,2905,299.39,172.85,358.39,309.82
107,2976,508.13,226.25,543.44,303.61
107,2975,266.86,216.15,290.91,285.61
107,2968,237.02,207.33,267.32,295.92
107,2955,114.67,198.29,145.45,287.96
107,2951,217.05,220.49,240.50,292.11
107,2949,99.35,213.45,119.90,263.39
107,2938,174.95,182.43,213.16,290.19
107,2907,354.65,183.57,413.30,314.51
107,2905,297.81,175.65,356.72,312.45
108,2976,509.47,214.62,554.11,316.45
108,2975,260.00,213.40,285.80,288.00
108,2968,231.04,206.30,262.76,297.89
108,2955,106.87,198.44,138.68,290.75
108,2951,210.31,222.62,233.04,294.64
108,2938,168.37,182.77,206.20,292.91
108,2907,349.10,186.29,410.94,316.96
108,2905,295.76,177.25,354.06,314.52
109,2976,510.43,209.69,558.30,326.21
109,2975,254.92,211.35,282.19,289.31
109,2968,224.26,203.18,257.79,298.19
109,2955,98.09,198.62,131.47,292.22
109,2951,204.29,223.27,226.55,294.87
109,2938,160.41,180.72,199.33,294.29
109,2907,346.01,188.64,409.49,318.55
109,2905,293.63,177.95,350.92,315.23
110,2976,511.46,198.41,561.62,316.60
110,2975,251.52,207.95,280.02,289.82
110,2968,219.16,201.34,254.12,299.38
110,2955,91.77,199.14,126.30,294.55
110,2951,199.94,223.10,222.77,296.05
110,2938,154.85,179.24,195.40,294.90
110,2907,345.18,187.49,406.93,317.59
110,2905,293.38,177.29,350.06,314.35
111,2976,513.74,194.51,564.90,312.05
111,2975,250.67,207.00,279.34,291.38
111,2968,215.89,199.39,252.35,300.65
111,2955,87.64,199.50,122.55,296.64
111,2951,196.48,224.59,220.37,298.44
111,2938,150.75,178.44,192.93,296.61
111,2907,346.77,187.19,405.98,316.97
111,2905,294.18,176.30,350.72,313.50
112,2976,513.92,192.47,564.89,310.12
112,2975,248.71,205.29,277.88,291.69
112,2968,213.59,196.19,249.96,300.36
112,2955,83.50,200.02,118.59,298.58
112,2951,191.80,225.22,217.34,300.43
112,2938,146.53,177.75,190.53,299.40
112,2907,346.11,186.30,401.87,315.89
112,2905,294.77,175.68,351.43,312.69
113,2976,513.71,192.99,563.44,312.78
113,2975,245.99,202.98,276.03,292.25
113,2968,210.72,195.03,246.89,301.08
113,2955,78.93,199.87,114.51,300.85
113,2951,187.14,225.52,214.87,301.74
113,2938,142.35,177.22,187.72,301.27
113,2907,345.92,184.91,398.31,314.70
113,2905,294.86,175.08,351.70,312.29
114,2976,514.10,190.04,561.95,309.76
114,2975,243.23,199.76,274.60,291.78
114,2968,208.18,193.24,245.02,301.76
114,2955,73.96,197.10,110.70,300.86
114,2951,184.09,223.26,212.23,300.50
114,2938,135.07,173.96,183.35,301.11
114,2907,346.20,181.90,396.33,312.38
114,2905,294.84,173.25,351.59,310.80
115,2976,512.15,188.40,559.49,307.57
115,2975,241.46,198.37,273.94,293.20
115,2968,206.72,193.75,244.37,304.68
115,2955,69.03,195.45,106.83,301.87
115,2951,179.86,221.94,208.92,301.01
115,2938,131.75,172.39,180.56,301.93
115,2907,346.79,181.57,394.90,312.57
115,2905,294.92,172.48,351.57,310.96
116,2976,511.90,190.56,558.26,309.96
116,2975,239.13,198.10,273.29,296.06
116,2968,204.97,194.68,243.53,307.65
116,2955,63.60,194.98,102.24,303.95
116,2951,176.65,222.17,206.40,303.44
116,2938,128.82,172.04,177.91,304.70
116,2907,346.88,183.38,393.77,314.45
116,2905,294.52,173.92,350.54,312.99
117,2983,541.75,185.98,584.96,319.61
117,2982,276.20,224.18,289.55,258.29
117,2976,510.74,191.67,556.43,311.77
117,2975,236.44,200.41,270.83,298.80
117,2968,201.67,194.96,241.04,310.30
117,2955,57.15,193.54,96.61,305.43
117,2951,170.87,222.72,201.30,305.80
117,2938,124.50,170.30,174.17,306.12
117,2907,346.50,184.60,392.91,315.61
117,2905,293.92,173.56,349.65,313.41
118,2983,544.96,185.15,588.85,314.56
118,2982,275.17,223.52,288.30,257.50
118,2976,508.73,192.57,554.88,312.92
118,2975,234.30,197.87,269.94,299.39
118,2968,198.23,193.66,238.36,311.68
118,2955,49.76,191.36,91.61,306.90
118,2951,167.21,222.03,197.70,307.18
118,2938,118.17,168.26,170.36,307.64
118,2907,345.94,185.01,391.95,316.40
118,2905,293.32,173.10,348.31,313.56
119,2983,543.54,184.87,590.07,314.93
119,2982,274.85,225.70,288.12,260.62
119,2976,508.45,193.23,553.92,313.82
119,2975,232.18,198.01,268.57,302.24
119,2968,197.00,192.87,236.35,313.88
119,2955,42.65,192.26,87.76,311.73
119,2951,164.48,222.74,194.86,310.34
119,2938,113.71,169.09,166.95,310.84
119,2907,343.54,185.38,389.63,316.69
119,2905,292.45,173.09,347.26,313.65
120,2983,531.67,184.94,585.40,317.72
120,2982,272.30,226.24,285.54,260.85
120,2976,508.81,192.47,555.92,315.62
120,2975,229.55,198.77,266.82,305.08
120,2968,193.03,192.84,232.60,317.84
120,2955,30.91,194.05,77.66,316.70
120,2951,159.45,224.09,190.75,314.34
120,2938,107.26,170.18,160.94,315.23
120,2907,341.80,187.23,385.61,318.11
120,2905,291.07,174.51,345.55,315.03
121,2983,528.63,185.81,582.57,317.32
121,2982,268.61,227.58,281.70,261.78
121,2976,503.93,192.61,548.67,317.04
121,2975,223.27,196.78,261.57,306.84
121,2968,187.16,190.89,227.77,319.79
121,2955,18.34,194.31,66.16,319.91
121,2951,151.20,222.74,183.49,316.38
121,2938,98.30,169.63,152.31,318.39
121,2907,337.57,185.36,380.48,317.12
121,2905,286.74,174.47,341.42,315.39
122,2983,521.80,190.35,571.27,317.97
122,2976,494.01,193.39,537.44,319.30
122,2975,214.19,196.74,252.68,310.24
122,2968,177.38,189.48,218.47,321.71
122,2955,3.70,193.07,50.94,321.62
122,2951,137.99,222.40,171.75,319.83
122,2938,82.35,166.67,138.24,320.63
122,2907,330.87,184.51,374.65,316.67
122,2905,278.90,175.07,333.24,316.46
123,2987,560.35,217.05,587.39,322.65
123,2983,520.32,198.97,575.36,321.44
123,2976,484.61,192.13,526.79,319.42
123,2975,202.55,194.12,241.47,311.25
123,2968,163.77,188.02,205.68,324.28
123,2955,-5.64,188.12,35.30,317.25
123,2951,121.41,220.87,156.98,322.21
123,2938,64.77,161.79,123.66,322.44
123,2907,321.27,184.10,368.27,317.53
123,2905,268.71,175.25,323.53,316.79
124,2987,553.50,215.12,581.98,321.96
124,2975,190.27,191.49,230.85,312.80
124,2968,149.08,185.74,192.50,327.11
124,2951,105.16,220.50,142.56,324.78
124,2938,46.02,156.20,108.40,322.65
124,2907,313.53,182.95,363.86,317.70
124,2905,260.00,175.56,314.24,316.85
125,2987,554.53,214.48,583.13,321.00
125,2975,184.55,190.63,226.41,315.40
125,2968,138.55,184.48,185.32,331.46
125,2951,92.92,221.94,132.16,329.59
125,2938,31.46,153.31,97.33,325.91
125,2907,308.27,183.82,361.68,318.83
125,2905,253.77,174.99,308.21,316.66
126,2990,487.66,192.41,530.21,314.19
126,2987,560.55,211.01,590.71,321.83
126,2975,180.83,191.90,224.71,319.37
126,2968,132.60,184.23,180.98,336.28
126,2951,85.22,223.15,127.35,334.21
126,2938,22.73,151.62,91.63,330.05
126,2907,305.83,185.52,361.69,320.72
126,2905,252.21,175.63,307.15,317.92
127,2990,487.89,192.20,528.09,312.14
127,2987,566.46,210.43,598.27,324.05
127,2975,177.74,189.70,223.82,321.30
127,2968,126.90,183.70,175.73,339.57
127,2951,78.45,220.75,122.23,335.47
127,2938,13.77,148.78,86.00,333.89
127,2907,304.60,184.73,361.11,319.74
127,2905,252.58,175.67,307.40,317.55
128,2987,573.12,208.86,608.51,327.98
128,2975,174.24,187.03,222.87,322.20
128,2968,120.95,180.40,172.18,341.93
128,2951,71.48,218.40,116.34,337.51
128,2938,6.30,145.05,81.68,336.62
128,2907,303.21,185.06,357.97,319.62
128,2905,253.61,175.28,308.06,316.98
129,2987,580.37,208.43,620.18,333.36
129,2975,170.66,184.93,222.21,323.65
129,2968,112.69,176.62,167.20,345.49
129,2951,65.72,217.89,112.24,341.58
129,2938,0.18,142.09,76.60,342.24
129,2907,303.05,185.19,355.48,319.47
129,2905,253.22,174.83,308.08,316.77
130,2992,234.08,228.06,248.04,259.32
130,2987,583.85,207.14,626.20,334.57
130,2975,171.55,183.97,222.39,325.77
130,2968,103.14,169.44,161.68,347.10
130,2951,57.80,217.58,105.31,346.38
130,2938,-3.43,138.68,72.03,345.68
130,2907,301.64,183.33,351.32,317.66
130,2905,252.80,173.18,307.53,316.26
131,2992,235.02,228.77,248.21,257.12
131,2987,589.09,207.16,634.02,336.37
131,2975,167.94,183.75,220.38,329.54
131,2968,95.54,165.81,157.23,351.24
131,2951,50.34,218.91,98.62,351.64
131,2938,-5.37,136.44,68.35,349.92
131,2907,300.73,182.94,347.94,317.54
131,2905,253.16,171.93,307.48,316.26
132,2994,386.36,218.00,410.39,278.40
132,2992,234.11,227.62,247.14,256.57
132,2987,593.66,206.97,639.24,336.27
132,2975,160.89,182.73,214.97,332.59
132,2968,89.34,162.13,153.12,354.31
132,2951,39.23,216.40,94.28,357.00
132,2938,-6.99,131.87,63.33,350.48
132,2907,300.58,182.16,346.42,316.66
132,2905,253.92,169.54,308.06,315.13
133,2994,389.43,218.03,413.17,278.45
133,2975,156.91,180.99,211.37,334.23
133,2968,85.27,160.51,152.06,360.71
133,2951,31.11,215.18,87.33,361.18
133,2938,-7.85,128.46,58.45,352.88
133,2907,301.86,182.38,346.16,317.16
133,2905,253.41,168.30,307.95,314.50
134,2994,392.64,217.31,416.19,277.88
134,2975,154.81,177.97,212.42,337.73
134,2968,83.25,157.94,150.98,365.35
134,2951,27.98,211.19,85.07,362.28
134,2938,-8.34,123.01,53.49,353.71
134,2907,302.88,182.94,345.95,317.40
134,2905,252.82,168.15,307.89,314.64
135,2994,394.75,215.59,418.57,276.93
135,2975,152.90,173.37,214.14,339.23
135,2968,76.53,155.29,147.44,371.32
135,2951,20.92,205.39,78.98,363.90
135,2938,-9.14,116.74,46.86,352.77
135,2907,303.10,182.34,345.35,316.73
135,2905,251.87,166.24,307.83,313.68
136,3002,379.31,215.90,397.88,274.66
136,2975,147.91,170.00,208.47,341.33
136,2968,66.42,149.69,142.10,377.90
136,2951,8.56,204.49,70.00,370.60
136,2907,302.95,181.78,344.61,315.65
136,2905,250.93,166.81,308.17,314.35
137,2975,141.27,167.60,202.35,346.45
137,2968,60.43,145.38,138.30,384.27
137,2951,1.01,203.53,63.89,377.23
137,2907,301.52,181.15,343.19,314.77
137,2905,249.69,166.63,307.57,314.45
138,3001,166.08,170.02,218.66,357.22
138,2975,138.79,165.20,199.33,350.87
138,2968,48.58,142.93,130.10,395.43
138,2951,-4.02,205.77,56.72,385.88
138,2907,299.68,180.76,343.15,315.44
138,2905,246.32,165.20,305.03,315.18
139,2975,131.88,164.94,194.68,358.95
139,2968,35.99,135.56,123.74,401.87
139,2951,-8.86,205.64,45.00,389.84
139,2907,300.60,180.71,346.30,316.64
139,2905,245.12,164.98,304.07,316.48
140,2975,123.87,163.50,188.92,367.26
140,2968,24.82,126.90,118.67,407.45
140,2907,300.67,180.59,349.42,317.28
140,2905,244.12,165.32,303.55,317.91
141,2975,117.15,159.48,187.46,375.15
141,2968,10.21,119.80,110.52,418.10
141,2907,300.75,181.15,352.15,318.38
141,2905,242.41,165.04,302.36,318.47
142,3005,194.14,211.67,218.54,277.31
142,3001,150.37,176.89,205.57,380.14
142,2975,111.61,154.76,188.76,382.83
142,2968,1.65,111.87,104.18,427.05
142,2907,300.84,181.90,354.55,319.54
142,2905,242.89,165.18,302.99,319.16
143,3005,191.44,207.58,218.38,276.89
143,2975,104.59,147.61,188.98,386.60
143,2968,-3.16,82.61,99.09,420.41
143,2907,300.95,182.64,356.23,320.10
143,2905,243.90,166.18,304.02,319.23
144,3007,396.36,220.59,418.41,280.90
144,3005,190.59,207.93,217.31,276.49
144,2975,98.30,138.38,188.72,389.42
144,2968,-7.38,89.78,90.13,438.51
144,2907,300.94,182.95,356.53,320.30
144,2905,244.97,164.31,304.83,317.91
145,3007,401.04,221.53,421.64,281.28
145,3005,189.14,207.54,216.10,276.21
145,2975,86.58,130.45,185.71,395.94
145,2907,299.79,182.79,355.02,320.07
145,2905,245.77,164.98,305.39,318.03
146,3007,403.98,222.35,423.36,280.23
146,3005,188.65,206.69,215.52,275.43
146,2975,73.91,124.95,182.49,407.76
146,2907,298.37,181.04,353.01,318.12
146,2905,246.47,164.82,305.88,316.90
147,3007,407.31,220.96,427.37,281.41
147,3005,188.66,206.83,215.74,276.16
147,2975,56.80,119.55,175.62,417.95
147,2907,297.77,179.88,350.18,317.10
147,2905,246.54,162.96,306.09,316.20
148,3007,411.04,222.29,432.00,284.72
148,3006,434.39,211.99,462.08,296.03
148,3005,188.70,208.43,215.15,277.69
148,2975,39.20,118.05,170.52,435.68
148,2907,299.30,180.08,349.72,317.65
148,2905,248.23,165.60,307.12,318.65
149,3011,212.78,217.38,226.80,269.64
149,3007,412.97,222.53,434.67,286.29
149,3006,436.98,202.76,469.79,300.37
149,3005,189.57,209.11,216.01,279.40
149,2975,19.84,108.87,165.72,448.60
149,2907,300.60,180.22,349.65,317.07
149,2905,249.01,167.40,308.07,319.96
150,3007,414.64,221.93,437.25,287.30
150,3006,439.13,196.98,476.72,306.44
150,3005,188.77,209.38,215.81,281.06
150,2975,9.45,96.58,162.03,455.11
150,2907,300.94,182.31,348.90,319.17
150,2905,249.03,169.24,308.19,321.37
151,3012,160.41,196.07,187.35,277.95
151,3007,416.85,221.20,440.56,287.92
151,3006,441.65,194.67,482.21,309.82
151,3005,188.80,208.39,217.01,281.76
151,2975,-0.09,80.21,152.99,457.93
151,2907,302.28,183.01,348.97,320.10
151,2905,249.21,171.74,308.46,322.14
152,3012,159.08,192.84,187.35,278.30
152,3007,420.82,218.06,444.72,285.86
152,3006,442.54,192.22,483.84,309.25
152,3005,188.26,205.20,217.30,280.84
152,2975,-6.08,58.12,142.95,453.38
152,2907,303.10,182.20,348.67,319.78
152,2905,248.63,171.15,307.66,320.10
153,3014,123.37,190.50,154.26,284.71
153,3012,158.21,194.77,186.56,281.50
153,3007,423.68,218.31,448.75,290.36
153,3006,441.57,191.67,482.81,309.56
153,3005,186.93,205.07,216.53,281.95
153,2975,-9.26,39.74,135.17,453.63
153,2907,302.05,182.21,347.46,318.91
153,2905,247.89,171.05,307.07,319.85
154,3014,122.02,187.32,153.98,285.68
154,3012,156.42,196.88,185.12,283.85
154,3006,441.02,193.29,481.40,309.52
154,3005,185.53,205.76,216.26,284.41
154,2975,-10.99,27.84,125.82,455.70
154,2907,300.65,182.46,346.48,319.16
154,2905,246.44,170.68,306.27,319.05
155,3014,121.32,186.98,155.66,289.48
155,3012,155.46,199.10,184.07,286.37
155,3006,437.75,190.55,480.09,307.96
155,3005,184.76,206.38,215.84,285.36
155,2975,-13.83,35.08,112.28,466.24
155,2907,299.98,181.54,347.37,319.35
155,2905,245.46,170.26,305.61,319.41
156,3014,119.99,190.01,153.83,292.08
156,3012,157.58,201.01,185.06,288.23
156,3006,435.03,192.97,477.56,309.03
156,3005,182.41,208.35,213.87,289.26
156,2975,-17.16,46.29,95.35,476.65
156,2907,299.51,182.36,349.18,320.66
156,2905,245.22,171.73,305.45,321.49
157,3015,467.86,188.40,514.71,331.09
157,3014,118.82,191.28,152.83,294.54
157,3012,155.42,201.31,184.65,290.81
157,3006,432.77,194.16,476.01,312.78
157,3005,181.02,208.68,213.44,292.36
157,2975,-21.23,67.70,73.43,490.64
157,2907,300.66,184.56,353.24,323.82
157,2905,244.83,174.11,305.54,324.20
158,3015,469.22,189.70,518.90,333.04
158,3014,117.09,191.86,151.04,295.91
158,3012,153.87,198.78,184.18,291.16
158,3006,431.17,195.86,478.09,318.82
158,2907,301.44,187.81,356.09,326.68
158,2905,245.81,176.12,306.74,325.98
159,3017,52.21,224.49,95.49,285.60
159,3015,469.76,192.19,519.58,336.37
159,3014,114.97,190.71,149.48,297.06
159,3012,152.53,197.34,183.24,291.54
159,3006,429.05,195.85,477.61,320.71
159,2907,303.16,190.84,358.35,329.19
159,2905,247.05,177.30,307.69,326.84
160,3017,48.95,225.44,93.17,285.50
160,3015,470.60,192.75,520.17,336.21
160,3014,113.63,188.59,149.70,297.61
160,3012,152.87,197.75,182.94,292.07
160,2907,304.56,191.66,359.99,329.52
160,2905,247.50,177.12,308.53,326.25
161,3017,47.54,225.68,91.06,284.53
161,3015,469.98,190.21,518.25,330.87
161,3014,109.82,187.59,147.56,298.35
161,3012,150.56,199.03,181.17,293.50
161,3005,176.89,207.24,212.98,296.47
161,2907,305.54,191.24,361.28,328.85
161,2905,247.29,176.25,308.89,325.62
162,3019,24.48,223.38,58.33,281.75
162,3017,50.70,225.04,91.35,283.39
162,3015,470.06,185.80,518.40,324.17
162,3014,107.04,185.55,145.20,298.23
162,3012,146.22,199.97,176.24,294.54
162,3005,179.13,205.82,215.30,293.76
162,2907,305.32,187.68,360.48,325.48
162,2905,248.55,173.78,310.17,322.43
163,3019,22.32,222.82,56.36,282.30
163,3017,46.28,224.07,88.97,283.48
163,3015,469.25,179.95,517.76,317.30
163,3014,103.75,184.75,142.35,298.12
163,3012,143.15,202.94,172.99,296.21
163,3006,432.78,195.56,477.41,321.26
163,3005,179.09,205.03,215.13,294.44
163,2907,305.49,186.13,358.85,323.41
163,2905,249.66,171.76,310.94,320.15
164,3017,44.72,224.94,88.87,284.95
164,3015,469.97,184.47,518.85,317.77
164,3014,102.15,184.77,142.09,300.46
164,3012,147.01,203.88,175.04,296.62
164,3006,432.62,197.01,478.16,323.26
164,3005,178.87,207.43,216.11,297.50
164,2907,307.29,185.48,359.89,323.40
164,2905,251.76,173.91,312.55,321.87
165,3020,222.55,227.02,237.71,273.03
165,3017,46.43,225.32,90.51,286.20
165,3015,468.88,188.07,517.57,319.43
165,3014,101.83,184.72,144.67,303.64
165,3012,149.83,205.02,176.22,297.58
165,3006,432.61,198.89,475.95,326.07
165,3005,178.46,207.82,216.75,300.72
165,2907,308.99,186.85,361.20,325.36
165,2905,254.15,175.40,314.11,323.14
166,3020,225.44,228.62,240.06,271.27
166,3017,48.03,226.15,91.46,286.46
166,3015,470.44,189.85,519.63,321.37
166,3014,100.77,184.32,143.38,304.93
166,3012,144.86,204.63,171.72,298.50
166,2907,311.67,187.83,363.19,326.49
166,2905,257.61,177.20,317.00,324.40
167,3022,554.71,214.32,583.76,304.75
167,3020,226.42,226.80,242.01,270.78
167,3019,24.33,223.71,58.90,284.00
167,3017,49.41,224.76,93.76,285.88
167,3015,472.31,190.18,522.94,321.94
167,3014,99.62,181.67,141.89,304.39
167,3012,148.45,196.93,178.04,296.80
167,2907,313.46,187.90,365.03,326.63
167,2905,259.35,177.27,318.43,324.14
168,3022,562.16,213.77,590.52,304.46
168,3020,226.90,224.14,244.89,271.10
168,3019,23.41,223.87,58.29,283.29
168,3017,48.53,224.62,92.62,286.44
168,3015,476.21,190.48,527.51,323.19
168,3014,98.90,179.01,143.87,305.15
168,3012,143.82,194.43,174.44,298.43
168,2907,313.06,187.78,364.52,326.21
168,2905,258.97,177.30,317.92,323.67
169,3022,568.82,211.67,597.50,306.46
169,3020,224.73,221.85,242.43,270.31
169,3019,22.10,222.37,56.70,281.53
169,3017,48.20,221.95,92.85,284.69
169,3015,476.51,187.12,524.76,319.79
169,3014,97.38,174.35,144.48,303.78
169,3012,140.30,186.90,171.96,296.34
169,3005,177.44,197.29,217.29,300.83
169,2907,312.50,185.27,365.09,324.09
169,2905,259.08,174.98,317.66,321.82
170,3022,572.44,208.11,602.46,307.33
170,3020,223.03,218.94,240.66,268.88
170,3019,19.79,220.52,54.84,279.96
170,3017,47.07,218.87,92.91,282.42
170,3015,479.28,183.37,525.95,314.57
170,3014,92.16,171.26,141.29,304.78
170,3012,136.73,182.03,169.36,295.61
170,3005,173.16,194.23,214.10,301.14
170,2907,312.45,182.14,363.73,321.91
170,2905,257.35,171.66,315.81,318.44
171,3022,576.52,205.83,608.45,310.32
171,3020,221.32,218.47,239.28,269.38
171,3019,17.97,219.57,53.40,279.55
171,3017,41.68,217.73,90.07,281.84
171,3015,480.29,184.16,525.88,314.88
171,3014,87.50,168.98,136.86,305.32
171,3012,135.95,180.51,169.74,298.54
171,3005,171.59,193.61,211.97,303.09
171,2907,310.19,180.51,359.94,320.31
171,2905,255.43,170.41,314.35,317.32
172,3022,580.79,204.71,614.85,313.29
172,3020,220.08,219.70,237.98,270.48
172,3019,15.61,219.75,51.86,280.49
172,3017,37.35,216.55,87.14,281.58
172,3015,476.05,190.35,523.72,318.98
172,3014,83.46,168.99,133.99,307.19
172,3012,136.13,180.00,170.43,301.62
172,3005,170.14,191.44,211.10,304.38
172,2907,309.72,178.37,359.99,318.89
172,2905,253.98,169.48,313.42,316.31
173,3030,526.17,207.31,559.01,316.40
173,3022,586.04,204.13,620.48,315.32
173,3020,219.65,220.75,237.25,271.27
173,3019,12.60,222.16,47.29,282.27
173,3017,36.79,219.07,85.20,284.20
173,3014,78.95,168.54,131.71,310.27
173,3012,133.27,179.05,168.79,304.67
173,3005,167.01,188.60,209.34,306.02
173,2907,311.15,177.97,362.11,319.06
173,2905,252.96,169.50,313.03,316.71
174,3030,531.98,208.00,566.36,319.69
174,3022,593.16,205.17,627.64,317.00
174,3020,218.12,222.53,236.21,273.11
174,3017,35.37,221.25,82.90,286.44
174,3014,75.71,168.12,130.67,312.57
174,3012,130.22,179.89,167.52,307.68
174,3005,164.09,187.09,207.42,308.44
174,2907,310.02,179.38,363.13,321.00
174,2905,252.85,171.55,313.31,319.46
175,3030,539.25,204.99,575.44,319.56
175,3020,217.40,218.13,235.77,271.19
175,3017,32.47,219.11,79.49,284.46
175,3014,71.29,163.25,130.10,312.79
175,3012,129.62,175.47,166.65,305.82
175,3005,161.59,183.07,206.94,308.64
175,2907,310.96,179.33,365.18,320.85
175,2905,251.92,170.79,313.43,318.22
176,3030,547.44,201.42,585.56,320.58
176,3020,217.85,213.32,236.57,268.06
176,3017,33.74,217.77,76.86,282.05
176,3014,66.98,156.73,125.15,310.45
176,3012,125.30,172.46,163.23,305.77
176,3005,160.98,179.29,207.24,308.99
176,2907,311.53,178.10,366.49,319.40
176,2905,254.57,170.14,315.63,316.76
177,3030,555.68,203.46,594.83,323.98
177,3020,217.79,213.71,236.02,269.19
177,3019,4.79,216.14,41.72,279.61
177,3014,59.83,152.58,119.81,310.42
177,3012,121.07,169.84,161.45,307.60
177,3005,159.58,178.58,206.41,311.02
177,2907,312.67,178.38,368.13,319.57
177,2905,256.30,170.78,317.18,317.15
178,3030,564.63,204.63,606.00,326.26
178,3020,217.96,213.29,235.97,269.22
178,3014,54.55,150.31,115.17,312.71
178,3012,117.21,166.00,159.77,306.77
178,3005,155.03,178.06,203.20,313.50
178,2907,312.64,176.83,367.58,317.65
178,2905,257.24,169.37,317.89,315.51
179,3030,572.79,205.16,616.66,328.58
179,3020,218.21,213.95,235.20,268.58
179,3014,47.55,147.08,110.00,315.05
179,3012,110.88,163.18,153.85,307.74
179,3005,151.89,176.37,201.92,316.24
179,2907,311.58,174.94,365.35,315.51
179,2905,258.11,166.45,318.36,312.44
180,3037,207.57,211.29,223.00,271.99
180,3030,582.37,205.60,627.93,332.00
180,3020,217.68,213.64,234.71,269.60
180,3014,40.02,145.98,105.05,319.16
180,3012,106.55,164.47,150.53,313.93
180,3005,151.65,176.45,202.08,320.69
180,2907,310.83,175.27,362.58,315.61
180,2905,259.14,168.00,318.96,313.34
181,3030,590.00,199.49,637.16,332.30
181,3020,217.62,213.76,234.62,270.15
181,3014,33.40,144.56,100.11,322.70
181,3012,102.58,159.96,151.28,316.91
181,3005,149.39,173.49,201.04,323.77
181,2907,310.24,174.53,360.27,315.43
181,2905,260.68,168.81,319.93,313.65
182,3030,599.39,196.62,644.01,332.74
182,3020,217.17,214.11,234.10,271.12
182,3014,26.26,142.35,94.24,326.38
182,3012,96.81,157.08,149.33,320.04
182,3005,148.57,168.66,202.07,325.04
182,2907,310.70,174.54,359.34,315.84
182,2905,261.74,169.22,320.61,314.09
183,3020,217.41,212.42,234.92,271.39
183,3014,17.34,138.93,88.14,329.24
183,3012,92.34,151.38,147.42,319.77
183,3005,147.61,165.93,202.83,328.22
183,2907,311.94,176.91,360.05,318.34
183,2905,262.70,169.84,321.16,315.56
184,3020,217.48,211.40,234.96,271.88
184,3014,10.98,134.34,83.31,331.54
184,3012,86.68,146.78,145.18,323.82
184,3005,145.02,164.04,201.39,332.09
184,2907,312.94,177.95,360.41,319.19
184,2905,263.45,170.10,321.80,316.67
185,3020,213.13,212.49,231.73,273.15
185,3014,2.69,131.91,76.27,336.93
185,3012,81.57,146.64,144.35,331.69
185,3005,141.68,164.75,200.28,338.22
185,2907,312.96,179.46,359.40,320.86
185,2905,261.74,170.71,320.78,318.13
186,3020,215.31,212.76,233.46,273.96
186,3014,-1.76,128.22,71.55,341.48
186,3012,73.00,145.43,141.99,337.48
186,3005,140.52,163.33,200.06,342.38
186,2907,312.81,181.06,358.69,322.29
186,2905,260.98,170.01,320.46,318.19
187,3020,217.09,212.07,235.22,272.91
187,3014,-4.28,123.75,67.16,343.77
187,3012,72.88,142.52,142.99,339.17
187,3005,137.47,158.35,199.18,347.09
187,2907,313.12,177.51,358.04,318.57
187,2905,260.26,166.69,319.99,314.73
188,3020,217.03,212.17,234.87,273.57
188,3014,-7.85,121.71,57.47,343.86
188,3012,67.34,141.13,138.86,346.08
188,3005,132.77,154.72,197.58,351.87
188,2907,312.78,177.05,357.56,318.98
188,2905,259.96,167.26,319.80,315.56
189,3048,205.03,207.34,222.54,270.48
189,3020,217.23,211.00,235.39,273.75
189,3014,-8.80,119.20,50.90,346.27
189,3012,62.28,136.80,135.09,350.64
189,3005,130.16,150.24,197.41,355.04
189,2907,313.92,176.54,359.78,318.56
189,2905,260.36,166.97,319.73,315.46
190,3048,208.43,213.61,224.72,273.59
190,3020,217.93,218.26,235.97,277.78
190,3012,54.98,133.45,130.11,356.64
190,3005,124.28,148.48,194.43,360.81
190,2907,313.30,178.09,362.48,321.03
190,2905,260.13,169.55,319.59,319.15
191,3049,244.89,229.21,256.80,258.24
191,3048,204.97,214.59,221.85,275.04
191,3020,219.09,222.02,236.73,280.38
191,3012,43.23,127.99,124.60,361.79
191,3005,118.44,143.97,194.40,367.11
191,2907,315.50,179.98,366.89,322.94
191,2905,260.01,171.59,319.40,321.92
192,3048,203.96,215.31,220.42,274.54
192,3020,220.40,224.22,237.98,281.81
192,3012,37.31,122.85,120.02,365.09
192,3005,113.68,141.20,195.43,376.29
192,2907,316.90,181.70,370.38,325.08
192,2905,261.43,172.84,320.31,323.97
193,3048,202.06,214.43,219.63,275.15
193,3020,219.42,224.39,237.82,282.05
193,3012,17.41,116.66,109.59,372.54
193,3005,109.07,140.75,193.98,386.50
193,2907,317.16,184.15,372.26,327.59
193,2905,262.16,173.22,320.51,323.64
194,3020,218.65,220.18,237.72,280.88
194,3012,7.14,109.08,103.68,375.84
194,3005,99.65,138.93,191.34,399.21
194,2907,316.74,183.76,372.15,327.59
194,2905,262.86,173.35,321.28,323.73
195,3049,247.21,231.04,259.66,260.76
195,3020,216.86,216.27,237.08,280.04
195,3012,-0.97,104.25,94.96,384.37
195,3005,95.61,136.46,191.71,414.09
195,2907,315.02,182.41,368.87,326.32
195,2905,263.25,172.48,321.37,322.62
196,3051,209.73,209.56,227.69,280.49
196,3020,216.24,214.76,237.32,280.62
196,3012,-5.57,96.46,86.86,384.71
196,3005,81.43,126.65,187.47,424.56
196,2907,314.53,180.97,366.88,324.24
196,2905,263.20,170.98,321.03,320.34
197,3051,209.25,210.16,227.41,281.91
197,3048,197.68,211.49,217.38,277.64
197,3020,215.22,214.24,236.75,282.13
197,3012,-8.28,97.26,79.03,395.25
197,3005,66.13,114.99,181.61,435.85
197,2907,313.54,179.27,363.83,322.11
197,2905,263.87,171.47,321.32,320.25
198,3048,196.01,210.51,216.23,277.90
198,3020,214.22,213.93,236.05,283.48
198,3012,-11.26,101.80,67.14,403.11
198,3005,51.66,100.84,175.86,443.45
198,2907,313.06,179.02,361.23,322.09
198,2905,263.99,171.59,321.43,320.60
199,3049,246.86,231.87,259.83,261.65
199,3048,195.93,211.83,216.04,279.12
199,3020,216.09,218.21,237.29,287.00
199,3012,-12.02,104.90,59.05,423.62
199,3005,31.45,84.93,167.92,455.36
199,2907,314.41,180.21,360.59,323.47
199,2905,263.79,173.20,321.51,322.21
200,3054,173.07,217.79,191.85,283.40
200,3049,247.51,232.29,260.27,262.17
200,3020,214.78,217.14,237.06,287.18
200,3005,17.99,72.03,162.79,462.25
200,2907,315.36,182.52,360.50,325.10
200,2905,263.52,175.26,321.59,324.25
201,3054,172.22,214.93,192.77,283.03
201,3020,216.26,217.10,238.87,287.55
201,3005,8.33,51.75,160.79,462.67
201,2907,317.09,183.29,361.19,325.15
201,2905,265.48,175.36,323.01,324.18
202,3054,170.16,214.83,191.88,284.57
202,3020,216.75,216.36,240.19,288.78
202,3005,1.41,37.62,155.45,462.80
202,2907,318.24,186.79,361.94,328.46
202,2905,266.12,176.40,323.21,324.38
203,3054,169.01,213.11,191.71,283.69
203,3048,194.47,211.90,216.78,283.11
203,3020,218.60,215.86,242.16,289.23
203,3005,-5.97,23.92,141.83,462.82
203,2907,318.39,185.68,362.16,327.40
203,2905,265.24,175.34,322.69,323.68
204,3057,209.52,208.60,229.03,285.99
204,3054,168.80,209.98,192.80,281.58
204,3048,194.00,209.67,218.14,282.67
204,3020,218.75,213.45,242.50,288.23
204,3005,-12.10,18.15,125.17,465.04
204,2907,315.44,180.15,359.63,322.54
204,2905,265.04,172.14,322.65,320.76
205,3058,116.09,161.31,170.49,341.40
205,3057,209.50,208.46,227.68,284.00
205,3054,166.93,209.44,190.16,280.49
205,3048,192.77,208.36,216.93,281.09
205,3020,218.46,212.01,242.02,287.92
205,3005,-14.62,-14.88,113.25,405.68
205,2907,316.61,178.75,360.81,321.62
205,2905,265.47,170.84,322.79,319.34
206,3058,108.24,155.25,166.68,341.24
206,3057,209.49,205.93,228.56,284.66
206,3054,165.33,206.91,188.45,279.34
206,3048,191.48,206.40,216.78,280.34
206,3020,217.40,209.53,240.95,286.42
206,2907,318.49,176.65,366.05,319.86
206,2905,264.49,169.41,322.28,318.11
207,3058,101.33,153.61,163.62,345.48
207,3054,161.87,206.12,185.66,281.84
207,3048,190.83,206.32,218.19,282.24
207,3020,217.73,213.19,240.56,288.67
207,2907,319.22,177.53,370.40,321.11
207,2905,264.00,170.71,321.78,320.02
208,3061,15.05,140.75,93.97,350.70
208,3058,91.86,153.65,159.77,353.92
208,3054,160.37,208.34,183.80,284.65
208,3048,188.70,207.12,217.93,285.04
208,3020,217.32,212.59,239.85,289.22
208,2907,319.66,179.43,374.76,323.67
208,2905,263.74,172.50,321.31,322.35
209,3061,5.47,136.64,89.41,355.91
209,3058,84.42,153.40,157.18,359.96
209,3054,158.96,207.97,182.12,284.82
209,3048,187.63,207.56,218.00,286.52
209,3020,216.72,211.23,239.84,290.42
209,2907,320.19,181.48,377.59,326.36
209,2905,263.86,174.97,321.89,324.81
210,3061,0.11,132.97,87.71,360.94
210,3058,78.38,152.60,154.23,363.72
210,3054,159.11,209.42,182.19,287.31
210,3048,187.45,207.77,218.77,287.42
210,3020,216.62,211.98,240.43,292.41
210,2907,320.64,184.20,379.90,329.56
210,2905,264.93,175.82,323.24,325.81
211,3061,-4.09,130.84,82.99,363.77
211,3058,72.13,150.32,151.92,367.98
211,3054,158.60,210.23,181.77,287.87
211,3048,187.93,207.01,220.00,287.54
211,3020,217.94,212.41,242.80,292.68
211,2907,321.31,182.94,380.27,327.84
211,2905,266.49,175.27,325.40,325.91
212,3061,-6.02,130.18,78.09,366.22
212,3058,65.66,146.96,147.83,371.65
212,3054,157.96,209.12,181.93,287.66
212,3048,187.36,207.17,219.84,288.06
212,3020,217.12,209.71,242.34,292.37
212,2907,321.11,183.85,378.96,328.06
212,2905,268.76,175.30,327.88,325.16
213,3061,-7.01,125.99,72.52,363.47
213,3058,58.34,138.72,142.73,371.13
213,3054,156.53,207.05,181.50,287.38
213,3048,186.87,205.45,220.69,286.91
213,3020,217.98,207.84,242.69,292.04
213,2907,323.73,180.69,379.60,324.40
213,2905,270.62,172.59,330.17,321.90
214,3058,48.82,131.36,136.37,372.07
214,3054,156.22,206.55,181.42,287.85
214,3048,186.35,204.57,220.19,286.56
214,3020,218.69,207.66,245.08,292.43
214,2907,324.71,178.72,378.33,321.76
214,2905,271.36,171.26,331.21,320.37
215,3058,41.59,128.33,131.55,379.33
215,3054,155.36,205.39,181.10,287.71
215,3048,185.77,204.09,220.22,286.82
215,3020,220.78,209.24,248.86,293.91
215,2907,324.47,178.54,376.11,322.11
215,2905,272.69,171.34,332.45,320.79
216,3058,34.36,123.47,126.62,384.55
216,3054,154.73,204.70,181.42,288.33
216,3048,185.03,202.86,219.91,287.74
216,3020,219.46,209.33,247.53,295.43
216,2907,325.83,179.11,375.95,322.92
216,2905,274.73,171.60,334.23,321.16
217,3058,18.72,120.92,117.32,395.57
217,3054,154.17,204.80,181.66,290.21
217,3048,184.62,202.96,220.45,289.33
217,3020,218.99,211.04,247.38,298.10
217,2907,327.26,181.43,376.40,324.70
217,2905,277.61,174.47,336.51,323.75
218,3058,8.51,116.18,111.42,405.92
218,3054,154.05,204.08,182.63,291.52
218,3048,184.64,202.63,220.02,290.37
218,3020,220.60,210.52,250.21,298.45
218,2907,331.00,183.63,378.78,327.36
218,2905,278.79,175.24,338.19,324.16
219,3058,0.53,111.82,105.53,413.77
219,3054,152.87,201.32,182.71,290.82
219,3048,185.82,202.01,219.40,289.58
219,3020,219.51,206.33,250.30,296.05
219,2907,333.83,182.08,381.45,326.20
219,2905,280.55,174.04,340.54,322.66
220,3058,-5.29,107.01,97.72,416.93
220,3054,150.81,200.43,181.36,290.94
220,3048,186.14,200.41,218.80,290.06
220,3020,216.50,204.74,248.98,296.04
220,2907,333.57,181.19,381.49,325.55
220,2905,281.12,173.18,341.32,321.95
221,3058,-9.25,96.32,87.98,408.80
221,3054,148.95,201.36,180.57,292.29
221,3048,185.26,199.75,217.36,290.99
221,3020,214.28,203.81,246.61,296.93
221,2907,331.53,180.12,379.70,323.59
221,2905,281.45,172.41,341.38,321.03
222,3058,-10.74,91.83,80.17,407.59
222,3054,145.39,199.62,178.37,293.00
222,3048,184.36,199.89,216.77,292.39
222,3020,213.25,203.44,245.60,298.22
222,2907,329.42,177.98,378.45,322.10
222,2905,281.04,171.27,340.86,319.92
223,3069,233.06,204.82,260.96,296.09
223,3054,141.17,199.23,176.25,294.40
223,3048,183.99,199.32,217.08,293.47
223,3020,213.17,202.92,245.97,299.11
223,2907,331.52,177.05,381.47,322.15
223,2905,281.58,171.00,341.29,319.91
224,3069,234.92,205.40,261.17,294.91
224,3054,137.64,198.99,174.38,295.57
224,3048,182.30,198.83,215.36,294.66
224,3020,212.50,201.81,244.43,301.50
224,2907,331.05,177.30,383.62,323.32
224,2905,281.79,171.65,341.29,321.22
225,3069,236.19,205.53,261.31,295.44
225,3054,136.58,198.76,172.76,296.44
225,3048,180.52,198.25,213.86,295.12
225,3020,211.56,201.53,242.60,304.16
225,2907,330.09,178.76,384.86,324.30
225,2905,281.00,173.11,340.99,323.33
226,3073,269.60,226.84,284.01,267.84
226,3069,235.22,206.25,260.43,297.84
226,3054,131.80,196.73,169.23,297.73
226,3048,176.03,198.94,210.72,297.17
226,3020,205.93,202.50,239.21,305.69
226,2907,330.37,181.68,385.87,327.05
226,2905,280.81,174.35,340.88,324.84
227,3069,234.13,206.98,259.48,299.58
227,3054,126.95,197.42,164.66,299.63
227,3048,173.00,198.55,208.97,299.29
227,3020,203.51,201.84,237.16,306.33
227,2907,332.14,183.32,388.22,328.06
227,2905,280.08,175.43,340.47,325.55
228,3069,232.85,207.05,258.62,300.42
228,3054,125.03,196.17,161.64,299.74
228,3048,169.31,197.23,205.55,299.40
228,3020,200.92,199.85,234.78,306.39
228,2907,332.92,184.16,387.62,328.36
228,2905,280.94,175.77,341.45,325.75
229,3069,232.61,205.20,259.49,299.33
229,3054,121.20,191.50,158.63,297.60
229,3048,164.31,195.87,201.81,300.09
229,3020,195.01,197.22,230.86,306.48
229,2907,333.97,183.47,387.79,327.65
229,2905,282.96,173.96,342.61,323.91
230,3073,269.21,227.39,280.75,261.90
230,3069,231.24,203.87,259.35,300.05
230,3054,119.48,191.48,155.90,298.66
230,3048,161.66,193.52,198.56,299.48
230,3020,191.96,194.93,228.87,306.46
230,2907,335.29,181.14,387.81,324.79
230,2905,282.98,172.51,342.80,322.16
231,3073,269.69,226.09,281.23,259.16
231,3069,231.17,202.56,260.31,299.06
231,3054,116.00,194.74,152.93,302.06
231,3048,157.47,191.52,195.13,298.83
231,3020,190.47,196.50,227.48,307.70
231,2907,335.92,178.33,386.91,322.56
231,2905,284.42,171.31,344.05,320.65
232,3077,47.66,216.86,74.26,279.75
232,3073,269.96,226.53,281.44,259.43
232,3069,230.38,203.29,260.49,301.33
232,3054,112.81,194.05,150.57,303.50
232,3048,153.39,191.80,192.24,301.47
232,3020,188.42,197.65,225.26,309.88
232,2907,336.35,178.48,385.55,322.52
232,2905,286.58,171.88,344.79,321.07
233,3077,48.51,215.10,74.52,275.92
233,3073,269.84,226.80,281.55,259.52
233,3069,228.73,201.36,260.67,303.18
233,3054,108.57,191.11,147.61,305.11
233,3048,151.52,192.40,189.56,303.96
233,3020,185.67,194.45,223.13,310.17
233,2907,336.94,179.20,384.61,322.76
233,2905,287.63,172.40,344.73,321.70
234,3073,270.37,227.84,282.04,259.58
234,3069,227.19,201.14,260.87,307.13
234,3054,101.11,187.75,143.17,306.37
234,3048,149.73,191.52,188.03,305.41
234,3020,183.60,194.01,221.01,312.18
234,2907,337.80,180.65,384.58,322.67
234,2905,287.40,173.99,344.55,323.05
235,3073,271.09,229.06,282.83,259.90
235,3069,226.50,201.08,261.92,309.08
235,3054,93.43,186.47,139.30,308.51
235,3048,148.24,190.39,186.93,306.87
235,3020,181.74,193.91,219.64,314.24
235,2907,338.82,182.85,386.19,324.15
235,2905,288.22,175.32,344.79,324.10
236,3073,271.07,229.34,282.59,259.60
236,3069,224.69,200.61,261.68,310.32
236,3054,89.73,183.31,138.55,309.25
236,3048,145.77,189.42,185.09,308.60
236,3020,180.56,194.17,217.94,316.46
236,2907,338.71,184.46,385.12,326.17
236,2905,288.13,174.72,344.53,324.05
237,3073,271.13,231.02,282.90,260.66
237,3069,222.66,200.15,261.01,312.64
237,3054,85.04,181.96,137.52,312.14
237,3048,140.79,188.71,180.25,310.54
237,3020,178.19,191.66,214.61,316.77
237,2907,337.50,185.75,383.55,327.83
237,2905,287.21,174.44,343.53,323.41
238,3073,270.79,230.42,282.34,260.43
238,3069,220.82,200.41,260.31,314.65
238,3054,75.38,181.09,131.84,314.20
238,3048,137.20,187.43,176.30,311.78
238,3020,174.30,191.19,211.20,319.87
238,2907,335.00,183.20,381.29,325.88
238,2905,285.90,173.06,342.56,322.70
239,3073,270.52,229.03,281.94,259.25
239,3069,218.81,196.46,259.72,313.93
239,3054,64.25,178.97,124.25,314.61
239,3048,135.53,184.17,174.78,311.53
239,3020,171.08,187.60,208.61,320.11
239,2907,333.28,180.43,381.20,324.22
239,2905,282.92,171.23,341.11,321.67
240,3073,270.85,229.22,282.14,259.03
240,3069,216.25,195.99,256.53,314.70
240,3054,59.17,177.07,123.61,316.47
240,3048,131.07,181.90,171.78,313.25
240,3020,168.31,187.79,206.26,322.85
240,2907,333.42,179.94,383.60,323.91
240,2905,283.85,170.61,341.95,321.70
241,3080,412.65,202.73,443.77,309.63
241,3073,271.11,229.68,282.68,259.74
241,3069,214.31,194.98,255.07,317.49
241,3054,52.70,176.43,118.51,319.43
241,3048,126.60,181.34,169.91,316.21
241,3020,165.99,187.63,204.83,325.34
241,2907,333.50,181.26,384.57,325.76
241,2905,283.97,171.56,341.80,323.39
242,3073,271.15,230.61,282.78,260.41
242,3069,213.45,194.08,254.27,320.33
242,3054,46.83,174.97,114.06,321.43
242,3048,119.21,180.25,165.96,319.45
242,3020,161.26,183.96,202.57,327.02
242,2907,333.20,182.45,383.53,327.59
242,2905,283.45,172.35,341.32,324.71
243,3073,270.89,233.52,282.19,262.32
243,3069,211.68,193.83,252.60,324.04
243,3054,42.12,174.37,108.92,324.24
243,3048,115.74,179.81,164.67,323.74
243,3020,156.31,181.48,199.33,329.42
243,2907,332.86,184.85,382.55,329.77
243,2905,283.04,175.13,341.15,327.48
244,3073,271.02,235.71,282.50,264.87
244,3069,209.89,195.37,251.05,329.37
244,3054,36.69,174.92,102.94,329.19
244,3048,111.11,181.55,161.47,329.38
244,3020,151.12,182.06,195.74,334.56
244,2907,332.41,189.89,382.72,334.60
244,2905,283.82,179.31,341.70,332.14
245,3080,419.34,209.00,451.32,316.79
245,3069,207.88,195.33,249.28,331.72
245,3054,27.25,173.51,92.58,331.66
245,3048,103.43,178.57,155.24,332.02
245,3020,144.25,179.69,191.99,337.68
245,2907,332.97,189.33,382.61,334.74
245,2905,284.68,179.02,342.18,332.08
246,3080,421.27,208.97,452.97,315.28
246,3069,205.69,192.53,247.36,330.69
246,3054,20.35,170.01,85.19,331.67
246,3048,97.02,173.13,150.63,333.04
246,3020,144.20,177.80,192.07,339.35
246,2907,333.45,186.05,382.78,332.14
246,2905,285.20,176.67,342.17,329.60
247,3080,423.24,207.22,455.07,313.99
247,3069,203.05,191.11,245.61,332.35
247,3054,9.92,167.27,76.96,334.33
247,3048,90.25,166.99,148.05,335.03
247,3020,143.51,174.90,190.29,340.20
247,2907,333.43,183.41,381.97,329.45
247,2905,284.52,174.40,341.54,327.45
248,3080,425.04,206.54,456.99,313.40
248,3073,268.44,231.01,280.08,259.89
248,3069,200.58,187.85,245.38,332.89
248,3054,1.15,164.64,66.96,335.44
248,3048,86.87,163.35,145.90,337.66
248,3020,140.16,171.53,187.28,340.95
248,2907,332.53,180.48,379.68,326.05
248,2905,283.96,171.71,340.72,324.57
249,3080,426.02,205.26,458.96,313.85
249,3073,268.69,230.57,280.72,260.06
249,3069,197.88,185.27,244.88,333.15
249,3054,-3.69,161.71,59.75,335.89
249,3048,76.36,159.83,137.42,339.62
249,3020,127.48,168.85,183.45,345.39
249,2907,331.96,181.00,377.98,326.68
249,2905,284.78,170.89,340.83,324.72
250,3073,269.03,230.14,281.04,259.40
250,3069,194.09,183.56,243.10,335.01
250,3054,-5.59,159.47,55.18,335.97
250,3048,81.81,160.34,139.64,344.30
250,3020,113.25,165.45,174.71,348.24
250,2907,332.23,181.11,377.60,327.41
250,2905,284.37,170.85,340.02,324.08
251,3073,269.68,231.40,281.32,259.73
251,3069,190.35,180.58,242.58,336.41
251,3054,-7.03,157.67,49.74,336.11
251,3020,97.29,161.85,164.89,351.63
251,2907,331.89,182.13,377.07,328.79
251,2905,283.90,171.85,339.73,324.43
252,3073,270.46,231.57,282.00,260.09
252,3069,186.77,179.60,241.05,340.72
252,3054,-6.89,154.43,46.80,338.52
252,3020,86.03,158.74,160.45,355.05
252,2907,332.27,183.79,377.47,330.97
252,2905,284.24,173.04,340.01,326.06
253,3087,14.09,149.36,94.75,356.96
253,3080,438.22,204.68,470.25,314.84
253,3073,270.37,231.70,281.56,259.69
253,3069,183.95,177.47,239.58,340.85
253,3054,-7.45,163.60,41.70,347.66
253,3020,78.07,154.87,156.43,356.72
253,2907,331.98,182.58,376.58,330.76
253,2905,282.84,173.01,338.52,326.57
254,3087,8.26,142.57,97.16,365.66
254,3080,440.93,203.48,472.65,314.49
254,3073,269.52,230.50,281.21,259.48
254,3069,180.52,176.81,237.66,341.85
254,3020,66.88,152.74,148.17,360.83
254,2907,329.29,182.06,373.60,329.00
254,2905,280.81,173.17,336.45,327.34
255,3087,2.60,139.01,92.35,366.37
255,3080,440.83,202.51,473.19,316.40
255,3069,178.84,174.03,238.78,341.47
255,3020,67.62,151.62,144.63,363.75
255,2907,327.82,180.88,371.80,326.79
255,2905,279.66,172.15,335.50,326.18
256,3089,505.97,366.92,638.82,478.66
256,3087,-3.31,133.33,84.64,364.62
256,3080,442.19,203.95,474.73,316.85
256,3069,175.45,175.04,235.99,346.09
256,3020,60.09,149.95,133.87,368.37
256,2907,326.84,182.65,371.22,327.02
256,2905,278.82,171.96,334.56,326.50
257,3089,507.29,366.86,638.88,478.85
257,3087,-6.15,128.92,77.92,363.10
257,3069,172.51,174.85,233.66,351.29
257,3020,56.91,147.69,131.76,373.12
257,2907,328.70,182.82,374.40,328.10
257,2905,278.30,171.89,333.42,326.91
258,3089,509.51,370.86,639.41,480.16
258,3087,-8.11,130.87,69.61,367.80
258,3073,270.44,235.63,281.73,263.20
258,3069,169.50,175.00,231.19,356.72
258,3020,48.77,148.06,123.59,379.45
258,2907,329.16,185.37,376.43,331.44
258,2905,277.23,174.11,332.24,329.97
259,3087,-8.17,126.99,62.59,359.30
259,3073,267.76,235.74,279.04,263.39
259,3069,166.29,173.73,229.08,361.55
259,3020,43.57,146.70,121.04,386.92
259,2907,327.32,186.68,375.57,333.84
259,2905,275.89,175.30,331.21,332.12
260,3073,266.21,236.05,277.99,264.30
260,3069,161.92,171.38,224.86,359.41
260,3020,29.11,147.79,112.98,396.46
260,2907,324.69,188.70,371.61,336.16
260,2905,276.08,178.22,331.24,334.50
261,3069,157.93,172.94,222.51,366.90
261,3020,16.95,145.39,104.58,404.43
261,2907,325.94,190.97,374.57,338.56
261,2905,275.93,179.64,331.02,335.76
262,3093,249.03,235.47,259.52,263.10
262,3069,153.46,171.68,220.67,374.52
262,3020,5.81,143.46,95.50,416.25
262,2907,323.77,191.45,371.23,339.18
262,2905,275.59,179.39,330.56,335.39
263,3097,455.47,204.61,489.13,334.14
263,3096,236.30,235.99,247.12,263.89
263,3093,248.43,236.03,259.10,263.38
263,3069,150.22,169.63,221.21,382.35
263,3020,-0.93,134.63,88.46,419.60
263,2907,323.00,188.76,369.73,336.34
263,2905,274.96,177.96,329.78,333.70
264,3096,236.72,234.04,246.80,260.77
264,3093,247.62,233.94,257.42,260.33
264,3069,144.99,164.45,217.98,382.91
264,3020,-5.25,128.18,81.26,423.70
264,2907,322.78,184.75,368.71,332.92
264,2905,275.32,174.38,330.33,330.57
265,3099,429.32,206.05,455.91,283.47
265,3096,237.09,230.94,247.36,258.21
265,3069,141.96,161.48,218.15,390.90
265,3020,-7.48,120.26,75.08,427.83
265,2907,322.53,181.71,367.74,330.60
265,2905,275.40,171.37,330.31,328.54
266,3099,432.04,224.26,454.00,285.78
266,3096,237.16,231.80,247.06,258.78
266,3069,139.29,158.80,218.95,397.73
266,3020,-7.35,118.92,71.45,433.38
266,2907,322.01,182.15,366.99,330.88
266,2905,274.58,171.29,329.53,328.48
267,3101,248.03,225.76,259.30,253.47
267,3096,236.40,226.95,247.16,255.79
267,3069,136.10,152.09,220.93,402.61
267,3020,-11.88,95.61,59.11,382.53
267,2907,321.55,180.12,366.61,328.93
267,2905,273.11,169.68,328.76,326.11
268,3096,236.80,227.63,247.46,255.98
268,3069,131.32,143.18,219.62,393.88
268,3020,-12.89,95.74,49.68,365.38
268,2907,320.38,182.37,366.19,331.39
268,2905,271.41,170.57,327.42,326.89
269,3096,236.39,227.84,247.47,256.11
269,3069,127.81,137.66,219.52,390.60
269,2907,318.83,182.72,364.92,330.83
269,2905,269.12,169.66,325.86,325.84
270,3096,236.27,227.56,247.62,256.06
270,3069,123.04,134.52,217.94,392.19
270,2907,317.65,182.72,363.65,330.41
270,2905,268.05,170.25,325.05,326.89
271,3096,236.82,226.67,248.12,254.66
271,3069,118.72,129.19,218.91,393.20
271,2907,316.06,180.51,362.50,327.17
271,2905,267.04,169.04,324.33,325.17
272,3069,110.74,124.25,213.98,393.95
272,2907,314.69,178.88,363.00,324.65
272,2905,266.11,167.16,323.51,323.02
273,3069,103.94,119.94,210.33,395.02
273,2907,314.10,176.87,365.14,323.31
273,2905,263.86,166.42,322.50,321.83
274,3069,96.36,115.01,206.26,399.31
274,2907,313.65,175.87,368.15,323.39
274,2905,262.13,165.55,321.84,321.48
275,3069,88.96,114.88,202.70,418.29
275,2907,313.76,176.61,369.27,324.01
275,2905,260.84,165.94,321.50,322.50
276,3069,76.51,111.49,196.85,433.72
276,2907,312.84,177.98,370.41,325.16
276,2905,259.74,167.46,321.31,323.71
277,3096,238.50,224.83,249.30,253.66
277,3069,59.68,106.59,189.21,449.16
277,2907,314.00,180.04,373.82,327.55
277,2905,259.26,170.37,321.34,325.10
278,3069,45.22,94.11,184.46,457.79
278,2907,313.53,180.48,374.76,327.59
278,2905,258.94,171.21,321.55,325.89
279,3069,33.63,83.21,181.00,458.92
279,2907,314.05,179.56,375.13,327.30
279,2905,260.39,169.96,322.96,324.92
280,3109,507.92,174.51,553.86,329.72
280,3069,15.77,66.76,173.69,460.69
280,2907,313.99,178.31,372.44,325.75
280,2905,261.44,168.72,323.90,323.63
281,3109,511.55,173.27,558.95,331.34
281,3096,241.04,227.96,251.28,254.54
281,3069,5.77,45.57,168.24,455.82
281,2907,315.37,174.70,371.09,322.14
281,2905,262.51,166.22,324.86,320.87
282,3112,184.05,214.91,203.91,270.26
282,3111,205.47,217.31,218.44,263.39
282,3109,514.10,170.96,563.57,330.16
282,3069,0.23,32.88,163.66,457.42
282,2907,316.13,174.94,369.19,322.36
282,2905,262.19,166.53,324.81,321.94
283,3112,184.50,214.11,205.43,273.34
283,3111,206.55,216.70,220.02,265.19
283,3109,514.96,176.64,567.64,335.69
283,3069,-3.03,22.03,158.43,459.98
283,2907,317.01,176.16,368.82,323.45
283,2905,262.82,168.35,325.98,324.12
284,3112,186.23,215.06,207.04,274.89
284,3111,207.16,218.55,220.87,267.57
284,3109,519.45,176.56,575.11,340.23
284,3069,-6.01,14.21,152.08,463.79
284,2907,318.10,178.27,369.34,326.10
284,2905,263.57,170.59,327.02,326.44
285,3116,169.19,217.75,189.03,276.82
285,3112,187.36,215.35,208.65,276.69
285,3111,209.64,220.15,224.14,269.57
285,3109,524.13,173.98,582.25,340.67
285,3096,247.18,229.09,258.04,257.33
285,3069,-7.75,11.10,145.63,463.39
285,2907,319.75,180.82,370.35,328.49
285,2905,263.94,172.46,327.40,327.95
286,3119,381.38,222.68,401.84,285.91
286,3116,171.40,218.94,190.59,278.05
286,3112,188.40,217.44,208.74,278.64
286,3111,211.18,220.38,226.65,271.37
286,3109,527.81,186.28,583.48,344.41
286,2907,321.88,183.85,371.55,331.81
286,2905,264.33,174.56,327.55,329.78
287,3119,385.08,225.25,405.55,289.32
287,3116,171.76,219.86,192.14,280.74
287,3112,190.45,219.34,211.09,281.24
287,3111,212.09,220.18,227.80,272.09
287,3109,537.19,191.06,591.72,344.33
287,2907,323.60,185.22,372.67,332.79
287,2905,265.77,174.59,328.45,331.14
288,3123,266.47,237.24,277.73,275.02
288,3119,390.66,223.60,411.42,288.73
288,3116,177.49,221.61,196.93,280.99
288,3112,193.57,218.24,214.15,280.47
288,3111,216.76,219.90,233.16,272.69
288,3109,550.48,177.41,607.30,328.65
288,2907,328.60,183.82,377.55,330.59
288,2905,267.78,172.92,330.65,329.51
289,3119,396.48,219.68,418.81,288.15
289,3116,182.49,219.96,201.93,280.10
289,3112,197.51,217.29,218.06,280.05
289,3111,222.58,219.74,239.94,273.04
289,2907,331.42,181.43,382.07,328.56
289,2905,271.23,171.80,334.82,328.72
290,3119,402.63,218.28,426.31,288.30
290,3116,186.49,218.50,206.30,280.34
290,3112,202.05,217.30,222.72,281.05
290,3111,226.96,217.00,245.71,271.93
290,2907,335.72,179.25,389.84,327.70
290,2905,275.76,169.93,339.08,327.16
291,3119,408.32,214.57,434.15,288.71
291,3116,191.56,217.98,211.52,280.33
291,3112,206.61,214.58,228.24,280.41
291,3111,233.45,216.05,251.93,270.85
291,2907,341.01,177.31,398.80,327.84
291,2905,281.33,169.58,344.72,327.24
292,3127,475.45,225.70,492.26,276.57
292,3122,137.68,222.39,157.70,271.42
292,3119,411.79,213.68,439.21,290.41
292,3116,192.64,218.24,213.11,280.60
292,3112,208.70,213.31,231.17,280.41
292,3111,236.91,217.86,254.62,271.44
292,2907,344.93,176.36,406.57,327.88
292,2905,284.10,169.90,347.45,327.23
293,3127,478.96,225.64,496.60,277.16
293,3122,137.22,222.76,157.50,272.13
293,3119,412.28,212.90,440.91,290.52
293,3116,193.50,218.22,214.45,281.23
293,3112,209.71,213.87,232.65,280.79
293,3111,238.75,217.24,256.37,271.25
293,2907,346.28,176.38,410.70,329.09
293,2905,286.66,171.13,350.22,327.73
294,3127,483.06,224.13,501.48,277.65
294,3122,139.41,222.04,158.43,270.64
294,3119,415.17,212.26,444.55,289.27
294,3112,211.34,213.39,234.94,280.98
294,3111,242.91,226.52,258.96,273.86
294,2907,348.29,177.48,413.74,330.24
294,2905,289.81,170.92,353.57,327.03
295,3127,486.69,224.39,506.09,279.72
295,3126,97.65,220.36,118.93,276.40
295,3122,140.75,221.49,158.78,269.39
295,3119,419.85,213.52,449.13,289.89
295,3112,212.96,214.04,236.50,281.53
295,3111,244.18,222.68,260.17,270.97
295,2907,350.20,179.24,415.25,331.93
295,2905,293.02,172.13,356.89,327.76
296,3127,492.66,225.60,512.55,280.58
296,3126,101.18,220.95,122.90,277.53
296,3122,143.15,221.53,161.34,270.97
296,3119,424.82,212.59,453.44,288.23
296,3112,216.32,213.90,239.95,281.97
296,3111,247.54,218.76,263.92,269.50
296,2907,355.20,178.94,417.78,330.11
296,2905,298.02,171.04,361.45,326.63
297,3127,501.40,225.10,521.92,281.23
297,3126,107.27,222.47,128.30,277.10
297,3122,148.04,220.36,165.89,270.37
297,3119,431.73,209.89,460.31,286.19
297,3116,202.63,218.72,222.30,281.23
297,3112,221.02,213.15,245.34,282.07
297,3111,251.87,218.42,268.30,270.12
297,2907,361.17,177.12,421.45,328.84
297,2905,303.25,170.36,367.08,325.90
298,3127,508.64,225.84,528.90,281.55
298,3126,112.89,221.29,132.85,275.36
298,3122,151.21,218.74,169.58,268.95
298,3119,439.82,208.59,468.69,285.06
298,3116,207.57,216.12,227.40,280.53
298,3112,225.36,211.35,249.83,281.09
298,3111,254.86,216.89,271.52,270.18
298,2907,366.34,175.76,425.31,327.46
298,2905,309.96,169.16,373.42,324.40
299,3126,117.01,221.80,136.33,275.45
299,3122,152.73,219.26,171.62,270.94
299,3119,443.10,208.45,472.95,286.65
299,3116,209.42,215.11,229.50,281.17
299,3112,227.26,211.28,252.22,281.81
299,3111,257.74,215.91,274.51,270.23
299,2907,370.48,175.14,427.26,326.76
299,2905,314.14,169.29,377.62,324.88
300,3134,540.24,229.31,561.80,280.21
300,3130,54.55,184.78,80.78,287.06
300,3126,119.86,220.67,138.03,273.08
300,3122,153.30,217.72,172.72,270.23
300,3116,210.01,212.31,231.82,281.80
300,3112,229.28,209.44,254.78,279.64
300,3111,259.41,215.06,276.53,269.98
300,2907,375.35,173.10,430.34,325.32
300,2905,316.97,169.18,381.15,324.95
301,3136,308.22,225.35,319.01,255.06
301,3135,565.38,177.73,603.68,332.04
301,3134,543.86,228.15,566.76,281.68
301,3122,153.30,217.77,173.30,270.31
301,3116,210.57,211.59,233.27,283.43
301,3112,230.46,209.56,256.68,279.76
301,3111,261.29,214.00,278.36,269.16
301,2907,380.05,174.07,433.43,326.78
301,2905,320.31,170.22,385.00,325.85
302,3135,571.92,178.14,610.84,327.67
302,3134,548.52,229.36,571.70,283.27
302,3127,530.47,225.68,550.07,281.18
302,3122,153.21,217.51,173.51,270.28
302,3116,211.70,210.67,234.74,284.20
302,3112,231.47,209.00,258.85,280.65
302,3111,262.61,214.15,279.93,269.36
302,2907,383.29,174.59,435.96,327.45
302,2905,322.98,170.96,387.37,326.95
303,3135,577.21,177.46,621.42,338.28
303,3134,554.08,229.36,577.10,284.68
303,3127,534.48,226.10,553.73,282.49
303,3122,152.68,216.64,173.86,270.75
303,3119,456.55,208.60,486.19,288.42
303,3116,211.01,209.56,235.02,284.78
303,3112,232.36,208.32,259.66,281.03
303,3111,265.09,214.67,283.10,270.49
303,2907,386.86,175.71,438.72,327.76
303,2905,324.24,170.84,389.18,326.83
304,3135,583.30,176.48,630.07,344.88
304,3134,559.98,230.47,582.56,286.57
304,3127,540.00,226.55,559.07,283.50
304,3122,153.12,216.28,174.36,271.04
304,3119,461.44,211.11,490.49,289.36
304,3116,212.02,209.55,236.29,285.11
304,3112,233.46,209.31,260.38,283.27
304,3111,266.46,212.79,285.31,270.73
304,2907,389.84,179.05,440.72,330.64
304,2905,327.78,170.69,392.07,326.77
305,3135,591.28,172.48,639.41,347.32
305,3134,566.99,231.47,589.47,288.12
305,3127,548.67,226.47,568.59,284.22
305,3122,155.04,217.46,176.14,272.04
305,3116,215.34,209.57,239.56,286.08
305,3112,236.50,209.90,264.19,285.77
305,3111,270.60,212.64,290.29,271.33
305,2907,393.40,179.33,445.12,329.45
305,2905,330.77,169.68,395.33,325.93
306,3137,329.24,224.94,340.17,257.50
306,3135,598.79,171.12,644.27,347.53
306,3122,158.58,216.36,180.18,273.04
306,3116,219.38,209.34,243.62,286.54
306,3112,241.49,207.48,269.66,285.40
306,3111,275.32,213.32,295.22,271.98
306,2907,399.40,177.63,451.43,327.41
306,2905,337.53,168.56,402.27,324.60
307,3137,333.34,223.97,344.97,255.60
307,3122,162.74,216.33,184.14,274.61
307,3116,221.81,208.29,247.46,287.09
307,3112,245.44,206.76,273.88,287.64
307,3111,280.10,212.69,300.66,272.61
307,2907,404.02,175.87,457.43,326.50
307,2905,343.84,169.38,407.86,324.99
308,3137,336.75,221.34,348.70,253.81
308,3122,165.44,215.64,186.58,274.20
308,3116,224.75,208.36,250.51,286.93
308,3112,248.64,206.42,277.47,288.46
308,3111,284.37,211.21,305.35,271.51
308,2907,409.71,174.95,465.13,326.53
308,2905,350.34,169.38,414.56,324.92
309,3122,167.28,214.06,188.04,273.42
309,3116,227.55,206.10,253.14,285.68
309,3112,250.62,205.24,279.98,288.39
309,3111,287.91,209.72,309.65,270.47
309,2907,414.66,175.41,472.37,327.61
309,2905,355.21,169.45,420.14,324.88
310,3122,168.51,214.06,188.68,274.39
310,3116,227.69,205.89,253.70,287.00
310,3112,251.58,205.91,281.34,290.02
310,3111,289.51,210.22,311.24,271.68
310,2907,419.51,177.41,480.89,329.70
310,2905,359.25,170.34,424.12,325.99
311,3140,128.40,223.53,137.65,247.28
311,3122,170.19,213.84,190.39,274.11
311,3116,228.51,206.03,254.56,288.21
311,3112,252.16,205.73,282.48,291.32
311,3111,291.36,211.75,313.13,273.26
311,2907,422.90,179.40,484.80,332.12
311,2905,363.39,170.89,428.34,326.73
312,3140,130.72,224.92,140.54,248.36
312,3137,344.65,220.02,357.81,246.31
312,3122,171.47,214.69,192.35,274.89
312,3116,229.75,207.61,255.29,290.67
312,3112,252.81,204.94,283.82,293.02
312,3111,291.67,211.66,315.15,274.07
312,2907,427.34,178.83,489.66,331.84
312,2905,367.53,170.19,433.31,325.77
313,3140,133.21,228.46,142.49,249.20
313,3122,172.10,216.05,193.64,276.63
313,3116,230.60,207.64,257.05,293.03
313,3112,255.06,203.84,286.23,294.16
313,3111,293.34,211.33,316.76,274.72
313,2907,430.49,178.85,492.81,331.67
313,2905,371.05,169.03,437.12,325.59
314,3140,135.90,228.38,144.82,248.29
314,3122,173.87,215.64,195.64,275.89
314,3116,230.46,207.17,257.79,294.33
314,3112,257.12,201.60,288.53,294.31
314,3111,295.10,210.42,318.53,274.51
314,2907,434.54,176.32,495.38,329.11
314,2905,375.85,167.84,441.72,324.83
315,3140,137.20,227.24,146.15,247.34
315,3122,175.99,214.25,198.97,274.68
315,3116,229.26,206.43,257.23,295.99
315,3112,257.20,199.90,289.41,295.39
315,3111,295.76,209.48,320.26,274.63
315,2907,438.11,174.43,497.85,327.51
315,2905,378.47,167.67,444.58,324.68
316,3147,142.79,214.00,165.45,280.97
316,3122,176.37,213.54,200.40,273.16
316,3116,226.95,205.41,255.75,296.81
316,3112,256.18,199.92,288.82,297.36
316,3111,294.49,209.43,319.42,274.99
316,2907,440.71,174.20,498.85,327.42
316,2905,381.36,169.34,447.37,325.89
317,3149,52.43,161.59,86.03,301.71
317,3147,141.00,211.45,163.71,278.95
317,3122,177.13,212.31,201.62,272.05
317,3116,227.21,202.31,255.78,295.22
317,3112,254.42,198.08,289.09,297.95
317,3111,295.01,207.64,320.11,274.27
317,2907,443.20,173.45,500.08,327.04
317,2905,384.11,169.49,449.70,325.77
318,3149,49.65,161.03,82.73,301.51
318,3147,138.65,210.02,161.83,278.64
318,3122,178.28,212.44,203.16,272.77
318,3116,225.92,200.50,254.93,295.25
318,3112,253.33,198.49,289.78,299.88
318,3111,296.06,207.66,321.13,275.32
318,2907,446.49,174.57,502.69,327.66
318,2905,385.94,170.80,451.82,327.79
319,3149,47.92,162.94,82.42,306.56
319,3147,135.16,211.71,158.60,280.13
319,3122,179.46,214.27,204.19,275.36
319,3116,223.87,200.39,254.26,298.09
319,3112,252.46,200.35,289.97,303.56
319,3111,296.69,209.76,321.54,277.98
319,2907,448.94,178.01,504.80,330.58
319,2905,387.03,171.88,453.07,329.50
320,3147,130.58,213.75,155.14,283.73
320,3122,180.30,217.30,205.09,278.50
320,3116,221.10,204.20,252.90,303.44
320,3112,250.42,202.00,288.66,307.00
320,3111,297.45,212.28,321.87,280.80
320,2907,451.69,181.89,505.74,334.36
320,2905,388.67,173.38,454.34,330.46
321,3147,123.71,215.30,151.34,286.94
321,3122,181.76,219.53,206.36,280.36
321,3116,218.63,206.69,251.61,307.22
321,3112,249.22,201.38,287.98,308.94
321,3111,298.44,214.29,322.79,283.57
321,2907,450.71,183.60,505.33,336.29
321,2905,390.40,174.82,455.68,332.00
322,3147,118.05,214.24,148.95,286.90
322,3122,182.68,219.55,207.10,280.41
322,3116,216.42,205.35,251.09,308.43
322,3112,249.27,199.61,288.18,309.79
322,3111,298.66,213.31,323.23,283.56
322,2907,452.09,182.37,506.36,335.18
322,2905,392.02,172.93,457.31,330.64
323,3149,34.68,164.05,70.42,312.61
323,3147,112.72,213.64,145.65,287.41
323,3122,184.42,221.35,208.47,280.94
323,3116,214.67,204.22,249.52,310.07
323,3112,246.29,197.93,286.80,311.94
323,3111,297.77,213.20,323.14,284.66
323,2907,450.79,180.77,506.89,334.58
323,2905,393.02,171.71,458.04,330.18
324,3151,357.48,225.49,371.52,261.49
324,3149,33.15,163.26,69.40,315.25
324,3147,107.60,213.87,142.60,288.83
324,3122,184.67,221.72,208.53,281.47
324,3116,219.53,202.67,261.49,314.02
324,3112,244.94,196.76,287.02,314.18
324,3111,296.88,213.02,322.57,285.22
324,2907,451.89,179.91,510.95,334.72
324,2905,393.11,173.48,458.49,331.40
325,3151,358.23,227.45,371.15,261.97
325,3147,102.52,214.29,135.35,289.37
325,3122,184.13,222.06,207.11,281.35
325,3112,243.32,195.82,286.70,316.74
325,3111,296.72,213.31,322.57,285.87
325,2907,452.72,180.42,514.47,335.69
325,2905,393.62,175.25,459.27,332.87
326,3154,201.78,190.66,240.75,321.12
326,3151,357.98,226.88,370.56,260.65
326,3147,99.26,215.30,128.25,288.29
326,3112,241.37,194.94,285.67,318.82
326,3111,295.64,211.95,322.46,285.82
326,2907,456.32,180.72,521.42,336.54
326,2905,394.86,175.56,460.70,333.41
327,3156,141.06,223.37,152.72,249.98
327,3155,375.68,229.13,390.05,262.25
327,3154,195.15,188.79,238.44,323.43
327,3151,359.26,226.35,371.60,258.93
327,3112,238.94,193.29,284.83,320.81
327,3111,294.91,211.43,322.62,286.23
327,2907,458.13,181.08,526.11,337.58
327,2905,396.72,175.15,462.80,333.14
328,3155,375.44,229.32,390.22,262.91
328,3154,190.64,188.07,236.88,325.25
328,3151,358.97,227.89,371.10,259.23
328,3149,18.19,154.46,59.90,320.13
328,3112,235.74,192.64,283.45,321.99
328,3111,293.95,211.43,321.73,286.71
328,2907,460.01,184.08,529.01,340.11
328,2905,398.80,176.23,465.15,334.55
329,3155,375.09,228.74,390.09,262.86
329,3154,187.78,187.17,234.39,324.90
329,3151,359.23,227.44,371.26,258.65
329,3112,232.75,188.93,281.60,322.08
329,3111,294.08,210.52,322.27,286.57
329,2907,464.17,185.28,531.66,340.83
329,2905,401.29,175.41,468.62,333.22
330,3155,374.31,228.63,388.71,261.92
330,3154,185.31,187.74,231.75,326.66
330,3151,358.81,227.47,370.75,257.94
330,3112,231.32,186.53,280.64,322.93
330,3111,293.59,209.35,322.12,286.36
330,2907,465.70,184.06,531.03,339.34
330,2905,402.98,172.90,470.14,330.46
331,3155,374.46,228.31,388.22,260.87
331,3154,178.41,185.29,228.10,328.46
331,3151,357.49,226.25,369.43,256.90
331,3112,228.52,184.73,278.27,324.64
331,3111,291.89,207.89,320.46,286.01
331,2907,466.96,181.32,529.96,335.77
331,2905,403.83,171.59,471.00,329.07
332,3160,120.06,221.77,131.26,244.19
332,3159,385.52,228.83,399.05,260.66
332,3155,373.52,228.49,387.15,260.87
332,3154,170.51,183.32,224.26,329.75
332,3151,355.85,226.46,367.51,257.33
332,3149,-0.33,148.91,48.85,327.33
332,3112,223.94,182.77,274.40,328.07
332,3111,288.60,207.47,317.69,286.78
332,2907,466.26,179.66,527.67,333.28
332,2905,403.67,171.28,470.96,328.95
333,3159,384.96,228.66,397.77,258.95
333,3155,372.52,228.86,385.71,260.11
333,3154,164.07,179.86,219.55,329.87
333,3151,354.60,226.26,366.15,256.33
333,3149,-1.61,146.14,47.80,328.22
333,3112,216.47,180.86,268.48,330.23
333,3111,285.63,205.31,315.21,285.81
333,2907,465.64,177.44,526.00,331.65
333,2905,403.71,171.44,470.62,330.23
334,3162,261.23,205.88,280.92,281.21
334,3155,372.15,227.82,384.93,258.88
334,3154,159.27,177.33,216.13,330.94
334,3151,353.96,225.52,365.52,255.84
334,3149,-2.33,141.52,46.98,330.91
334,3112,211.81,178.50,265.21,332.88
334,3111,284.02,203.88,314.29,285.90
334,2907,466.35,177.36,525.95,331.86
334,2905,403.82,171.58,470.49,330.70
335,3162,258.15,205.83,279.72,283.50
335,3155,372.41,228.06,384.80,259.12
335,3154,154.54,176.44,212.78,334.39
335,3151,354.06,225.63,365.57,256.38
335,3149,-1.45,142.82,47.71,326.68
335,3112,207.11,178.29,261.73,337.22
335,3111,282.69,203.77,313.59,286.70
335,2907,468.40,178.48,527.26,333.05
335,2905,403.88,171.66,470.14,331.40
336,3163,577.08,207.25,623.92,314.64
336,3162,254.58,204.68,278.04,285.60
336,3155,372.26,227.49,384.60,258.26
336,3154,148.29,176.40,207.68,338.65
336,3151,353.25,224.73,364.68,255.52
336,3112,202.38,175.19,257.83,339.45
336,3111,280.23,203.07,312.13,287.11
336,2907,468.31,179.65,527.36,334.07
336,2905,403.47,170.50,469.98,329.50
337,3163,577.44,208.42,626.37,314.64
337,3162,252.49,204.79,277.84,289.46
337,3159,383.48,227.95,396.32,258.34
337,3155,371.86,227.88,384.33,258.84
337,3154,142.54,175.48,203.07,342.77
337,3151,353.67,226.01,365.12,256.38
337,3112,196.40,172.75,253.06,343.76
337,3111,278.87,203.33,311.54,288.47
337,2907,468.49,181.93,527.23,335.27
337,2905,402.80,170.17,469.51,328.35
338,3163,576.86,209.76,623.26,313.44
338,3162,249.54,205.07,276.50,291.44
338,3159,382.44,229.23,395.33,258.76
338,3155,372.46,229.60,384.45,259.58
338,3154,135.51,173.54,197.50,345.69
338,3151,352.70,226.21,363.93,256.55
338,3112,189.42,170.00,247.95,346.47
338,3111,277.68,203.63,311.70,290.50
338,2907,468.93,183.61,527.54,336.20
338,2905,402.35,170.38,469.37,328.35
339,3163,575.06,211.59,619.41,313.72
339,3162,247.37,206.66,275.41,295.10
339,3159,382.42,230.38,394.89,260.01
339,3155,369.90,230.06,381.76,260.61
339,3154,126.35,171.53,191.30,350.40
339,3151,352.36,228.15,363.55,258.52
339,3112,181.69,169.70,243.12,352.66
339,3111,275.88,204.95,311.03,293.04
339,2907,465.10,184.18,525.27,336.37
339,2905,401.48,171.29,468.94,329.10
340,3163,572.61,211.66,615.62,313.04
340,3162,244.38,206.43,273.26,296.01
340,3155,368.63,231.71,380.28,262.02
340,3154,123.38,167.50,188.14,352.96
340,3151,350.81,228.75,361.92,258.79
340,3112,173.66,167.65,238.70,359.19
340,3111,273.92,204.43,310.21,294.28
340,2907,464.63,183.49,525.29,336.51
340,2905,400.50,171.83,468.33,329.71
341,3163,570.25,209.20,612.67,310.80
341,3162,241.25,204.09,271.25,295.02
341,3155,367.37,229.94,379.40,261.05
341,3154,109.10,163.89,177.69,356.30
341,3151,350.13,227.84,361.16,257.73
341,3112,164.23,164.03,233.89,365.04
341,3111,272.40,202.35,309.39,293.47
341,2907,463.88,179.32,527.20,333.37
341,2905,400.28,171.45,468.35,329.35
342,3163,565.23,209.56,609.70,312.28
342,3162,238.56,203.50,269.28,295.46
342,3155,365.86,229.42,378.45,260.99
342,3154,97.65,161.14,170.04,361.82
342,3151,350.15,227.36,361.13,257.50
342,3112,154.63,159.67,228.20,369.72
342,3111,270.83,201.98,308.79,294.13
342,2907,466.90,178.77,532.08,333.54
342,2905,400.27,172.94,468.73,331.31
343,3163,560.56,207.53,608.20,311.44
343,3162,236.40,200.85,267.33,293.80
343,3159,379.07,227.59,391.82,259.33
343,3155,365.51,227.60,378.17,259.09
343,3154,86.42,156.70,163.18,367.95
343,3151,350.28,226.14,361.28,256.16
343,3112,148.54,154.13,226.27,376.27
343,3111,271.10,199.37,309.05,292.74
343,2907,467.95,178.90,535.33,333.82
343,2905,401.24,172.27,469.32,331.35
344,3163,558.50,205.08,609.20,309.96
344,3162,234.42,197.21,265.77,292.12
344,3159,379.10,224.03,392.04,256.42
344,3155,364.87,224.25,378.02,256.78
344,3154,74.92,151.25,155.77,373.00
344,3151,349.69,223.50,361.04,254.03
344,3112,144.45,145.96,224.85,380.14
344,3111,270.12,195.33,308.59,290.75
344,2907,469.79,178.85,538.35,332.99
344,2905,403.25,169.45,470.93,326.18
345,3163,558.94,205.54,612.47,311.99
345,3162,232.96,197.23,264.26,293.81
345,3159,378.99,225.63,392.22,257.50
345,3155,364.25,225.46,377.67,258.08
345,3154,67.95,151.95,148.45,383.55
345,3151,350.07,223.82,361.40,254.38
345,3112,138.75,140.88,221.21,387.56
345,3111,269.94,195.30,309.02,292.16
345,2907,470.07,180.39,540.37,334.38
345,2905,404.15,170.50,471.98,327.68
346,3163,558.82,206.89,613.21,314.03
346,3162,231.17,199.13,262.99,297.70
346,3159,378.63,226.34,392.20,259.03
346,3155,363.37,226.65,377.19,259.78
346,3154,56.80,148.96,138.73,391.39
346,3151,350.00,226.85,360.92,256.47
346,3112,134.11,138.88,217.96,394.37
346,3111,269.00,196.82,308.36,295.12
346,2907,469.91,182.46,540.74,335.63
346,2905,404.88,171.24,472.87,329.18
347,3163,557.39,206.66,609.41,313.31
347,3162,228.71,200.19,260.62,300.91
347,3159,376.67,227.18,389.99,259.70
347,3155,361.28,226.72,375.23,259.91
347,3154,46.57,143.34,128.79,397.22
347,3151,348.39,227.44,359.10,256.84
347,3112,124.60,132.78,210.79,401.46
347,3111,266.82,197.48,306.30,297.62
347,2907,469.04,182.71,540.07,335.58
347,2905,404.83,170.31,473.21,327.80
348,3173,340.31,225.95,353.48,259.13
348,3163,554.59,207.43,602.73,312.81
348,3162,224.56,200.98,257.48,303.13
348,3159,374.87,228.65,388.32,261.30
348,3155,359.39,228.68,373.11,261.66
348,3154,30.02,138.40,115.34,410.69
348,3112,105.39,129.16,200.28,421.15
348,3111,263.36,199.42,302.65,300.84
348,2907,467.31,182.62,536.88,334.99
348,2905,403.57,171.42,472.68,329.77
349,3173,337.08,227.97,350.06,260.54
349,3163,549.94,207.49,594.99,312.32
349,3162,218.37,200.81,252.38,304.32
349,3155,354.64,229.04,368.57,262.22
349,3154,10.18,132.85,98.34,423.69
349,3112,78.69,122.62,186.10,439.41
349,3111,257.96,199.39,297.57,302.89
349,2907,465.48,181.73,532.44,333.81
349,2905,401.19,171.54,470.34,330.00
350,3163,544.45,206.44,587.82,311.31
350,3162,211.98,199.17,246.78,304.70
350,3155,350.70,227.37,364.76,260.75
350,3154,-3.45,126.75,81.76,438.59
350,3112,49.84,112.82,168.98,450.19
350,3111,251.06,196.56,291.18,303.15
350,2907,461.48,180.06,528.12,332.23
350,2905,397.12,171.05,466.63,329.52
351,3177,326.66,228.03,339.25,260.52
351,3176,359.89,230.96,373.07,259.81
351,3163,539.09,207.14,582.39,312.42
351,3162,207.19,197.93,242.85,305.37
351,3155,348.54,228.74,362.15,261.71
351,3154,-12.28,119.61,63.03,443.04
351,3112,28.40,103.59,156.24,456.05
351,3111,246.98,194.74,288.04,304.24
351,2907,459.14,180.77,524.42,333.87
351,2905,393.58,172.79,462.98,331.80
352,3177,326.95,228.96,339.47,260.86
352,3176,358.32,230.88,371.29,260.25
352,3163,534.30,208.12,580.12,313.37
352,3162,203.81,195.45,240.52,305.71
352,3155,347.06,229.28,360.26,262.19
352,3112,8.51,83.35,140.67,456.24
352,3111,243.44,192.71,285.25,305.03
352,2907,456.66,182.05,522.62,335.50
352,2905,389.88,173.01,459.35,332.20
353,3177,326.12,228.80,339.26,261.81
353,3176,354.92,230.34,369.10,261.23
353,3163,532.85,208.67,580.74,314.15
353,3162,201.41,194.51,239.09,307.38
353,3155,346.91,230.63,359.64,262.88
353,3112,-2.92,53.88,127.04,449.15
353,3111,241.61,192.45,283.64,306.73
353,2907,453.38,184.26,520.19,336.90
353,2905,387.84,173.60,457.09,333.93
354,3177,324.72,227.34,338.55,261.97
354,3176,355.61,229.63,369.24,260.29
354,3163,532.03,208.87,580.76,314.06
354,3162,199.14,192.82,237.02,307.79
354,3159,363.67,227.74,377.03,259.16
354,3155,344.49,229.53,357.69,261.99
354,3112,-11.03,35.45,110.20,445.67
354,3111,239.26,190.68,282.17,307.35
354,2907,451.30,185.35,518.57,337.18
354,2905,386.29,171.99,455.40,332.40
