1,3805,172.27,202.20,217.61,348.46
1,3804,134.90,191.06,210.67,367.21
1,3803,203.26,205.49,257.93,342.91
1,3802,65.31,151.44,153.90,440.66
1,3801,271.99,196.72,385.03,386.82
1,3800,392.10,176.27,541.39,415.02
2,3805,172.79,197.16,229.90,359.44
2,3804,138.48,195.68,205.90,363.05
2,3803,208.03,207.35,257.77,341.46
2,3802,68.32,149.74,164.14,445.06
2,3801,268.33,196.99,378.78,386.52
2,3800,393.20,177.85,544.40,416.48
3,3806,138.63,165.62,193.98,409.77
3,3805,175.84,199.33,234.54,357.85
3,3804,146.93,198.10,215.09,361.28
3,3803,214.71,209.14,258.70,338.17
3,3802,73.45,144.82,183.34,451.51
3,3801,265.97,196.84,371.76,384.27
3,3800,398.81,178.96,551.01,416.92
4,3805,182.48,200.62,240.14,354.46
4,3804,151.13,203.16,209.08,355.33
4,3803,222.78,209.47,262.80,335.77
4,3802,78.50,140.67,205.98,458.36
4,3801,262.78,197.79,359.63,379.85
4,3800,403.59,178.23,554.41,416.75
5,3805,188.26,202.65,244.02,353.14
5,3803,229.37,209.49,266.81,336.02
5,3802,80.19,140.57,223.32,461.56
5,3801,260.50,198.75,347.17,375.88
5,3800,410.87,180.74,556.45,416.24
6,3805,190.08,202.55,247.95,354.13
6,3803,233.57,209.59,269.27,336.77
6,3802,79.38,145.39,232.36,461.59
6,3801,255.36,199.60,331.80,371.96
6,3800,421.42,180.83,557.92,412.51
7,3805,191.90,203.83,249.56,353.75
7,3803,235.48,210.81,268.48,337.75
7,3802,79.40,145.99,238.78,459.50
7,3801,243.29,200.88,315.65,373.43
7,3800,434.99,182.34,559.99,409.65
8,3805,192.66,203.60,250.62,351.26
8,3802,82.86,148.12,246.27,459.23
8,3801,238.03,200.15,305.59,373.27
8,3800,450.01,183.76,559.25,405.03
9,3809,72.18,212.36,96.68,240.24
9,3805,196.14,204.48,249.98,349.24
9,3802,88.64,149.53,251.52,457.03
9,3801,236.44,198.54,303.56,375.25
9,3800,468.16,184.35,562.01,401.00
10,3809,71.95,212.56,96.54,240.95
10,3805,201.97,206.06,250.73,348.07
10,3802,93.83,150.59,254.33,454.92
10,3801,228.20,194.57,302.52,379.72
10,3800,481.13,185.18,564.46,399.59
11,3809,72.05,212.22,96.41,239.95
11,3802,106.21,149.45,259.13,451.07
11,3801,225.05,191.60,304.51,380.52
11,3800,492.02,185.79,571.46,401.39
12,3809,72.14,212.25,96.58,239.86
12,3802,118.27,148.85,261.84,447.42
12,3801,222.20,193.02,300.12,381.23
12,3800,503.70,181.12,590.15,407.28
13,3809,72.11,212.23,96.68,239.64
13,3802,142.35,145.56,269.24,435.23
13,3801,222.59,194.28,297.96,381.24
13,3800,512.70,177.76,610.00,412.39
14,3809,72.08,212.46,96.58,240.26
14,3802,163.04,148.48,289.92,438.10
14,3801,226.42,196.06,297.38,384.01
14,3800,517.42,175.63,623.41,415.12
15,3812,271.94,202.66,322.29,345.49
15,3809,72.04,212.94,97.34,242.32
15,3802,174.45,148.38,297.95,437.34
15,3800,519.16,176.40,631.65,417.95
16,3812,279.60,204.14,325.08,342.14
16,3809,72.03,212.35,97.05,240.94
16,3802,180.94,148.97,298.40,439.35
16,3800,519.70,176.27,636.62,419.73
17,3812,288.39,206.43,330.14,341.66
17,3809,72.01,212.18,96.94,240.32
17,3802,185.55,151.23,297.05,441.97
17,3800,519.57,176.00,639.42,421.84
18,3814,354.40,213.81,375.28,240.58
18,3813,174.95,194.41,225.03,364.04
18,3812,295.40,206.69,335.45,340.85
18,3809,72.22,212.33,97.27,240.29
18,3802,194.73,153.40,311.37,445.38
18,3800,519.54,174.68,641.04,423.24
19,3814,354.68,214.47,373.03,240.49
19,3813,173.36,191.99,226.83,384.01
19,3812,298.96,204.26,345.45,345.08
19,3809,71.83,213.12,97.30,242.61
19,3802,200.20,151.89,324.89,447.04
19,3800,523.31,174.33,643.34,424.90
20,3813,170.85,184.01,225.77,389.79
20,3812,302.50,201.99,356.31,347.27
20,3809,71.69,212.34,97.02,241.44
20,3802,203.18,153.49,337.09,452.14
20,3800,529.44,173.88,645.44,423.94
21,3815,375.18,197.97,391.65,240.69
21,3813,165.58,180.29,224.01,394.82
21,3812,304.34,200.08,365.63,348.40
21,3809,71.66,211.96,96.85,240.14
21,3802,206.46,153.72,348.51,454.72
21,3800,539.16,173.10,647.85,420.85
22,3813,153.93,176.35,216.90,396.94
22,3812,307.31,201.85,372.01,348.79
22,3809,71.64,212.22,96.67,239.82
22,3802,207.23,153.71,355.50,455.69
22,3800,550.05,172.32,649.78,418.53
23,3816,1.20,165.10,29.98,425.04
23,3813,145.58,174.25,212.46,398.45
23,3812,314.26,204.02,378.76,348.42
23,3809,71.78,212.74,96.96,240.22
23,3802,210.51,155.52,361.66,456.19
23,3800,564.83,170.85,652.23,414.59
24,3816,1.76,163.81,33.41,427.57
24,3813,132.87,172.87,207.96,400.10
24,3812,320.01,205.57,382.37,348.53
24,3809,71.57,212.43,97.05,239.76
24,3802,217.69,156.63,365.31,456.68
24,3800,579.64,169.93,653.71,411.55
25,3816,2.13,162.91,37.84,430.40
25,3813,114.72,172.22,203.28,401.24
25,3812,327.10,205.00,385.38,346.06
25,3809,71.24,212.61,96.70,239.61
25,3802,228.50,157.86,367.03,456.75
25,3800,588.64,170.01,652.29,409.98
26,3818,500.97,206.63,519.74,233.00
26,3817,240.51,180.81,306.92,374.88
26,3816,2.45,160.60,42.15,429.31
26,3813,101.39,173.55,201.76,400.73
26,3812,334.13,204.88,387.14,344.62
26,3809,71.20,212.89,96.63,240.02
26,3802,244.49,158.14,373.03,456.65
26,3800,597.55,171.67,651.26,409.70
27,3819,203.70,198.53,234.05,246.38
27,3817,240.74,180.59,311.19,378.45
27,3816,2.90,159.89,47.43,429.46
27,3813,89.16,175.31,201.04,400.32
27,3812,341.28,206.83,388.60,344.15
27,3809,71.25,212.68,96.66,239.53
27,3802,263.66,159.14,381.56,456.20
27,3800,605.90,179.14,650.34,409.59
28,3819,200.21,196.36,232.03,245.96
28,3817,239.15,181.98,315.04,379.31
28,3816,3.57,158.42,53.93,429.31
28,3813,82.39,176.06,202.35,399.06
28,3812,348.54,201.51,391.36,334.31
28,3809,70.92,212.54,96.40,239.57
28,3802,282.23,159.05,390.43,455.02
28,3800,613.15,197.49,649.12,416.11
29,3821,174.53,214.55,197.75,246.28
29,3819,203.03,205.45,232.07,247.80
29,3817,240.64,185.83,319.22,379.98
29,3816,4.57,158.55,61.52,428.79
29,3813,75.92,176.09,202.12,397.90
29,3809,69.49,222.20,98.37,259.00
29,3802,294.17,158.33,397.11,455.22
30,3819,205.18,209.60,231.75,247.39
30,3817,245.28,188.36,324.17,379.77
30,3816,5.74,158.49,69.91,428.92
30,3813,73.16,176.14,201.14,397.19
30,3809,69.70,214.51,97.35,249.56
30,3802,302.58,156.18,404.34,454.64
31,3819,206.73,212.31,231.62,246.98
31,3817,248.62,191.95,327.51,379.28
31,3816,7.17,160.08,79.34,428.98
31,3813,72.59,176.84,198.48,396.36
31,3809,69.74,212.00,96.41,244.85
31,3802,310.30,157.72,416.48,456.65
32,3823,266.88,194.51,301.79,266.13
32,3817,251.25,191.42,333.44,377.41
32,3816,9.79,159.86,94.76,429.90
32,3813,72.01,178.09,193.36,396.36
32,3802,315.67,157.91,429.87,458.59
33,3824,182.73,196.61,212.39,247.60
33,3817,258.07,193.20,341.06,375.11
33,3816,8.81,163.35,104.34,430.34
33,3813,68.07,178.81,182.64,399.07
33,3802,322.65,155.43,448.53,458.00
34,3824,181.58,196.95,212.13,246.97
34,3817,266.72,194.97,347.34,374.08
34,3816,14.46,163.24,127.62,429.76
34,3802,324.98,156.15,461.28,460.40
35,3824,179.11,197.34,211.49,247.27
35,3817,260.49,194.49,336.74,370.49
35,3816,14.04,165.26,138.14,429.34
35,3802,325.72,155.83,471.39,460.29
36,3824,178.93,201.10,210.89,247.87
36,3816,12.96,166.78,145.31,428.99
36,3802,327.78,156.23,479.99,461.73
37,3816,13.10,166.00,151.35,428.32
37,3802,330.95,154.05,485.05,460.73
38,3828,298.08,200.32,366.97,368.55
38,3816,17.18,166.36,155.48,427.40
38,3802,338.37,154.23,489.91,460.05
39,3828,296.68,194.94,376.84,375.42
39,3816,25.76,167.10,158.29,425.01
39,3802,349.44,153.47,493.64,459.40
40,3828,299.00,200.00,383.82,378.72
40,3816,40.38,166.50,163.99,422.73
40,3802,363.39,151.81,497.53,456.97
41,3828,299.36,200.85,387.85,379.85
41,3816,55.82,168.36,167.50,422.49
41,3802,380.48,151.44,504.70,456.07
42,3831,1.48,164.50,108.04,413.17
42,3828,300.50,201.47,391.46,380.42
42,3816,70.61,167.74,170.47,420.18
42,3802,399.18,152.43,513.95,455.75
43,3831,-0.32,167.85,107.73,410.21
43,3828,302.26,202.06,394.07,379.56
43,3816,83.58,166.24,175.86,419.58
43,3802,411.84,152.73,521.81,455.75
44,3831,-1.34,170.66,106.18,406.48
44,3828,304.65,199.60,393.91,375.66
44,3816,94.82,166.29,181.80,419.47
44,3802,421.99,151.39,528.42,455.95
45,3831,-3.00,174.65,100.56,403.93
45,3828,308.82,198.74,395.67,373.90
45,3816,106.51,168.21,196.90,420.79
45,3802,430.91,150.82,536.20,455.64
46,3831,-4.84,177.61,91.68,400.51
46,3828,309.78,198.65,395.69,373.10
46,3816,113.51,169.40,213.35,421.16
46,3802,439.87,151.70,554.39,456.86
47,3831,-10.10,183.34,69.75,395.14
47,3828,317.61,200.81,401.54,373.02
47,3816,117.63,170.82,226.49,422.36
47,3802,444.15,150.68,571.22,458.25
48,3836,71.96,212.52,97.21,239.09
48,3831,-10.17,185.60,56.68,388.95
48,3828,318.93,199.60,402.65,371.35
48,3816,119.34,171.98,236.47,423.93
48,3802,447.43,149.81,585.19,459.42
49,3836,71.91,212.59,97.16,238.99
49,3831,-9.85,189.79,44.49,382.82
49,3828,318.91,197.46,407.02,369.79
49,3816,120.67,172.42,243.44,424.95
49,3802,451.88,151.34,596.92,460.32
50,3836,71.75,212.64,96.96,239.17
50,3835,453.71,205.34,505.82,348.67
50,3831,-8.60,194.73,35.07,376.81
50,3828,318.84,196.36,404.19,366.67
50,3816,122.93,172.84,248.93,425.81
50,3802,454.29,151.96,602.43,461.11
51,3836,71.38,212.79,96.96,240.78
51,3835,465.25,207.39,512.13,346.53
51,3831,-6.21,208.19,29.38,376.10
51,3828,321.90,195.83,403.00,365.54
51,3816,129.04,174.13,254.14,426.19
51,3802,460.38,151.66,607.75,461.74
52,3838,358.02,198.42,423.17,369.34
52,3836,71.17,213.02,97.42,242.55
52,3835,473.66,210.50,516.30,346.17
52,3831,-3.62,225.72,26.43,379.08
52,3828,326.79,198.27,402.33,356.83
52,3816,139.46,174.93,260.27,426.66
52,3802,468.00,152.55,609.89,463.07
53,3838,360.57,197.43,432.12,373.89
53,3836,70.94,212.49,96.87,240.85
53,3835,479.50,210.67,522.45,347.58
53,3831,-1.68,238.33,24.10,377.48
53,3816,154.84,174.04,266.70,425.44
53,3802,476.87,152.64,611.45,463.47
54,3838,360.32,197.25,438.96,376.77
54,3836,70.81,212.59,96.65,240.74
54,3835,483.84,207.66,532.64,350.24
54,3816,171.45,173.47,271.91,425.15
54,3802,492.06,151.85,618.60,462.70
55,3838,360.28,196.14,443.17,377.07
55,3836,71.11,212.48,97.01,240.61
55,3835,487.50,206.68,544.27,353.27
55,3816,187.08,173.23,280.81,426.00
55,3802,511.22,150.30,626.47,460.26
56,3838,361.89,196.90,446.42,377.27
56,3836,71.02,212.76,96.80,240.67
56,3835,488.35,208.07,552.11,355.02
56,3816,199.94,171.41,289.34,425.10
56,3802,526.81,148.67,632.67,459.74
57,3838,363.66,197.63,448.01,377.11
57,3836,71.02,212.78,96.59,240.11
57,3835,488.63,206.16,558.49,354.94
57,3816,210.21,171.01,301.64,424.91
57,3802,538.86,149.96,638.87,460.62
58,3838,366.91,198.12,449.11,376.40
58,3836,71.10,212.82,96.75,239.80
58,3835,488.77,206.49,562.99,355.54
58,3816,218.76,172.37,318.72,427.02
58,3802,546.62,149.32,644.00,460.33
59,3842,176.40,216.32,199.14,246.55
59,3841,352.28,211.17,371.61,241.49
59,3838,368.09,196.75,448.63,374.15
59,3836,71.21,212.98,96.91,240.64
59,3835,491.38,207.28,567.61,355.59
59,3816,223.54,173.55,334.90,428.61
59,3802,551.57,150.21,646.15,459.94
60,3842,176.54,216.57,199.04,246.72
60,3841,351.77,211.44,370.75,241.78
60,3838,367.89,195.92,447.79,372.78
60,3836,71.39,212.97,96.86,240.13
60,3835,494.06,207.58,569.66,354.57
60,3816,225.58,175.63,346.84,429.81
60,3802,554.04,150.04,646.37,459.80
61,3842,176.69,216.84,198.72,246.35
61,3841,351.79,211.59,370.37,241.80
61,3838,369.32,196.46,448.54,372.66
61,3836,71.56,213.20,96.99,240.20
61,3835,503.37,208.91,575.10,353.56
61,3816,225.59,178.40,355.17,430.09
61,3802,555.25,149.51,645.59,459.28
62,3842,170.38,215.09,196.24,246.47
62,3841,351.67,211.73,370.08,242.66
62,3838,367.80,196.67,441.04,370.03
62,3836,71.41,213.31,96.74,240.31
62,3835,515.42,208.29,580.21,351.40
62,3816,229.30,180.01,362.75,429.36
62,3802,556.50,155.03,644.99,461.84
63,3842,166.63,214.38,195.74,246.50
63,3841,352.22,211.83,369.90,242.52
63,3838,370.05,197.00,440.20,369.04
63,3836,71.35,213.47,96.79,240.36
63,3835,525.10,207.10,582.38,349.73
63,3816,237.11,180.04,370.14,428.42
63,3802,556.97,170.32,644.41,465.98
64,3844,415.17,203.50,470.62,376.76
64,3842,163.97,214.41,195.87,246.80
64,3838,371.43,200.24,437.23,369.07
64,3836,71.43,213.36,97.13,240.38
64,3835,533.93,207.11,585.91,349.36
64,3816,248.87,179.26,377.25,426.98
64,3802,559.12,178.55,644.59,467.10
65,3844,421.23,202.61,483.05,377.78
65,3842,161.90,214.37,195.77,246.63
65,3838,376.70,202.64,441.30,369.15
65,3836,71.56,213.46,97.21,240.28
65,3835,540.16,207.62,592.13,349.82
65,3816,263.36,179.34,382.49,427.01
65,3802,563.19,189.19,645.14,468.34
66,3844,425.11,202.55,496.87,380.22
66,3842,157.73,214.35,189.33,245.68
66,3838,383.94,200.50,448.42,368.71
66,3836,71.57,213.83,97.15,240.77
66,3835,545.02,207.01,601.05,350.29
66,3816,280.73,177.28,386.67,425.49
66,3802,574.47,199.80,648.60,469.48
67,3844,425.86,203.31,505.94,381.60
67,3842,156.07,214.74,185.97,245.11
67,3838,389.85,200.86,455.05,368.35
67,3836,71.59,213.76,96.97,240.20
67,3835,548.47,208.53,611.55,352.56
67,3816,298.57,176.28,394.44,425.05
67,3802,584.17,208.43,650.03,471.33
68,3844,427.00,203.92,511.49,381.46
68,3838,396.59,201.19,465.18,370.35
68,3836,71.55,213.93,96.77,240.35
68,3835,550.69,210.73,620.58,354.33
68,3816,311.74,175.55,401.68,425.59
69,3844,430.02,204.83,514.65,381.12
69,3838,402.68,199.63,471.68,370.83
69,3836,71.62,213.94,96.82,240.37
69,3835,550.39,213.17,625.27,355.52
69,3816,324.05,173.88,415.28,427.58
70,3844,433.52,205.95,518.87,381.21
70,3838,408.03,196.60,475.01,366.04
70,3836,71.66,213.87,96.78,239.72
70,3835,552.33,212.98,629.72,355.20
70,3816,333.93,174.82,434.18,430.20
71,3844,433.70,205.43,520.47,380.89
71,3842,156.81,215.24,183.37,244.65
71,3838,414.28,195.27,479.49,362.55
71,3836,71.82,214.28,96.84,240.31
71,3835,556.25,213.44,632.99,354.79
71,3816,338.85,176.63,449.92,431.79
