1,171.05,98.26,249.47,327.85,0.9117
1,349.76,80.71,435.72,331.13,0.9074
1,577.54,83.47,639.74,282.14,0.9049
1,97.54,98.97,164.05,320.45,0.8985
1,435.11,92.52,523.54,329.45,0.8750
1,516.60,112.67,559.63,237.31,0.7781
1,179.78,95.61,213.02,178.74,0.4780
2,89.62,99.29,158.79,322.19,0.9165
2,350.37,80.97,443.87,331.88,0.8939
2,575.58,85.08,639.69,282.78,0.8938
2,179.65,95.37,252.21,322.88,0.8934
2,440.50,91.31,523.20,329.91,0.8680
2,515.99,111.90,559.40,238.74,0.7723
2,180.08,95.18,215.83,187.65,0.5565
2,326.34,133.87,351.34,218.69,0.3056
3,571.61,88.25,639.26,284.10,0.9044
3,355.04,80.67,446.72,330.92,0.8958
3,189.15,93.81,259.65,321.89,0.8932
3,75.73,100.68,154.25,323.59,0.8910
3,443.79,91.93,527.06,328.69,0.8356
3,518.02,112.78,558.98,236.21,0.6817
3,178.98,91.59,220.57,255.27,0.5929
3,324.66,126.39,351.21,219.92,0.3134
4,63.67,101.28,151.95,320.79,0.9311
4,357.57,82.30,452.45,330.67,0.8947
4,194.54,90.27,267.55,319.06,0.8914
4,571.73,87.99,639.01,283.93,0.8903
4,447.84,90.03,528.39,327.38,0.8598
4,517.98,112.92,560.07,236.14,0.7211
4,179.47,93.89,220.85,256.48,0.6823
5,60.96,101.89,148.83,322.76,0.9021
5,359.68,83.50,454.09,331.46,0.8975
5,199.17,91.28,277.97,321.07,0.8908
5,569.09,86.18,638.32,285.62,0.8894
5,450.98,88.27,528.73,325.01,0.8717
5,178.79,94.21,220.85,253.97,0.7415
5,511.84,113.53,556.01,237.26,0.6876
6,567.69,84.97,638.12,286.96,0.9186
6,54.65,103.17,145.34,322.83,0.9180
6,205.56,91.85,284.20,320.87,0.9166
6,364.25,85.38,457.99,328.92,0.9090
6,453.47,88.59,533.91,323.63,0.8385
6,178.77,93.83,218.46,255.39,0.8069
6,509.74,112.12,554.84,234.98,0.5386
7,209.54,93.14,290.17,319.62,0.9137
7,365.45,83.88,460.97,330.63,0.9076
7,55.53,101.67,140.45,322.69,0.9073
7,565.38,86.63,636.69,286.01,0.9068
7,457.48,87.38,542.08,324.79,0.8604
7,179.53,94.06,221.70,256.08,0.8048
8,367.80,83.34,461.41,329.73,0.9107
8,213.32,93.65,299.64,318.87,0.9048
8,54.49,100.28,130.72,324.34,0.8874
8,461.01,87.47,541.36,325.19,0.8772
8,559.28,88.52,636.16,287.62,0.8691
8,180.66,93.90,222.99,254.29,0.8248
8,622.38,172.59,640.00,237.13,0.2740
9,370.05,82.85,463.90,328.78,0.9107
9,220.23,95.47,305.25,319.97,0.9087
9,464.18,85.34,541.88,323.74,0.9022
9,51.41,97.45,119.86,324.50,0.8860
9,561.14,89.54,634.90,287.67,0.8843
9,178.66,95.54,223.29,255.96,0.8267
9,620.14,175.01,640.00,237.77,0.4101
10,372.32,81.88,464.24,328.51,0.9147
10,219.77,96.03,313.07,321.19,0.9124
10,468.84,85.45,547.16,323.90,0.9005
10,46.76,100.71,109.96,323.26,0.8880
10,561.73,87.34,630.33,288.34,0.8553
10,178.69,95.62,222.41,255.33,0.8337
10,621.05,174.48,640.00,238.12,0.3665
11,375.19,82.25,465.68,324.90,0.9138
11,470.83,87.47,556.54,323.00,0.8979
11,40.99,98.71,102.17,322.53,0.8952
11,225.44,96.91,314.18,320.78,0.8888
11,561.31,87.55,624.40,282.69,0.8535
11,179.93,95.67,221.61,253.97,0.8487
11,603.45,101.91,640.00,243.48,0.3072
11,618.69,172.24,640.00,239.47,0.2843
12,34.79,99.84,95.78,323.96,0.9122
12,376.96,82.68,465.72,321.37,0.9091
12,469.87,89.21,561.66,322.09,0.8986
12,556.58,89.42,619.45,286.42,0.8709
12,229.41,96.08,316.86,318.59,0.8672
12,179.27,95.23,221.39,254.44,0.8506
12,604.55,102.09,639.97,237.21,0.4247
13,378.88,81.20,467.15,326.67,0.9267
13,234.98,95.11,318.66,315.96,0.9013
13,30.03,99.36,90.92,323.28,0.8981
13,473.66,89.25,566.28,320.42,0.8978
13,555.27,86.84,616.59,287.17,0.8682
13,178.49,95.65,221.16,255.00,0.8395
13,602.51,100.65,640.00,241.13,0.5712
14,382.06,81.28,470.59,321.99,0.9314
14,240.97,95.15,319.03,314.06,0.9192
14,477.11,89.94,569.09,322.66,0.9039
14,20.38,97.85,87.20,324.33,0.8973
14,553.63,85.68,614.35,285.84,0.8724
14,178.29,94.68,220.95,255.28,0.8563
14,598.65,99.72,640.00,239.41,0.6582
15,244.45,91.10,319.12,311.52,0.9270
15,384.64,81.24,473.01,322.42,0.9195
15,479.36,89.50,572.85,322.49,0.8926
15,4.08,98.62,86.40,326.08,0.8639
15,178.14,94.23,221.24,255.51,0.8569
15,547.54,85.50,611.01,283.71,0.8439
15,600.28,105.81,640.00,239.51,0.7203
16,248.44,90.81,320.81,311.64,0.9097
16,388.40,81.74,476.80,320.60,0.9056
16,480.58,90.23,573.10,322.29,0.8919
16,0.50,91.04,87.16,329.50,0.8732
16,178.60,93.71,221.12,255.37,0.8586
16,596.34,106.69,639.36,240.07,0.7747
16,545.97,86.64,603.01,283.76,0.7731
17,392.23,85.60,478.69,319.43,0.9151
17,251.87,91.08,326.00,311.28,0.8994
17,482.97,90.41,572.33,322.26,0.8981
17,0.34,96.29,88.52,333.29,0.8865
17,179.15,93.94,220.98,254.97,0.8604
17,596.71,105.96,638.75,238.89,0.7730
17,543.03,85.43,605.03,283.84,0.7432
18,394.36,86.51,479.88,321.08,0.9213
18,255.41,90.79,329.86,310.83,0.9080
18,0.00,100.42,87.07,335.97,0.8959
18,485.87,90.50,572.36,321.86,0.8810
18,179.08,94.28,221.41,254.66,0.8540
18,594.07,106.76,639.76,239.12,0.7774
18,544.71,88.06,603.61,283.74,0.6620
19,257.73,88.42,330.79,309.62,0.9217
19,397.19,85.79,488.48,320.02,0.9115
19,0.00,104.70,85.65,328.74,0.8877
19,179.37,94.55,220.39,255.54,0.8649
19,491.72,89.93,576.90,318.96,0.8604
19,592.75,105.31,639.63,240.21,0.7891
19,544.90,89.81,603.08,282.48,0.5792
20,401.11,86.43,492.39,317.71,0.9074
20,0.28,103.67,81.63,328.07,0.8964
20,260.04,95.27,341.89,310.43,0.8892
20,179.31,94.14,220.43,255.33,0.8630
20,495.98,91.32,580.41,316.40,0.8582
20,590.15,107.38,638.87,241.58,0.7469
20,547.93,92.94,598.70,282.17,0.3764
21,264.73,96.64,344.94,311.30,0.9030
21,0.42,100.66,75.79,328.90,0.8981
21,403.21,86.78,495.72,318.87,0.8969
21,502.61,87.92,589.85,318.04,0.8684
21,179.12,93.88,220.06,255.16,0.8537
21,588.50,106.91,638.71,244.14,0.7017
21,479.96,115.14,516.36,148.56,0.3455
22,267.48,96.89,345.92,310.48,0.9144
22,405.14,87.07,498.94,318.77,0.8981
22,0.34,95.88,70.58,327.46,0.8764
22,506.42,85.86,591.85,312.85,0.8701
22,179.19,93.95,220.40,254.66,0.8520
22,587.22,108.06,638.68,243.44,0.7302
22,481.13,114.50,514.56,147.53,0.4333
23,269.27,98.22,347.99,309.89,0.9102
23,507.93,86.13,590.60,313.50,0.9068
23,406.89,85.72,498.99,318.11,0.8834
23,178.98,93.31,220.02,254.95,0.8664
23,0.15,93.84,50.71,324.70,0.7708
23,584.14,107.36,637.74,244.14,0.7182
23,485.08,114.09,515.25,144.90,0.5146
24,272.68,100.14,348.11,306.94,0.9149
24,409.59,87.49,505.36,318.62,0.8880
24,179.16,93.39,220.07,254.41,0.8701
24,509.08,87.33,592.38,309.19,0.8538
24,583.68,108.67,636.35,243.95,0.7020
24,0.00,73.57,40.49,324.96,0.6483
24,483.59,112.64,514.94,146.22,0.5437
25,275.58,99.47,352.28,304.24,0.9142
25,412.69,84.99,507.71,318.48,0.8950
25,179.16,93.58,219.80,254.42,0.8687
25,507.96,89.93,596.18,307.19,0.8273
25,584.78,110.50,636.76,240.89,0.7102
25,484.43,111.63,515.03,147.17,0.5242
25,0.21,102.21,25.25,327.55,0.4235
26,279.64,96.98,356.21,305.98,0.9067
26,416.23,83.76,512.83,317.51,0.8991
26,178.80,93.13,219.45,254.65,0.8727
26,511.75,89.55,597.43,308.09,0.8334
26,585.72,109.41,636.28,242.07,0.6571
26,485.81,112.31,512.03,145.39,0.5893
27,287.58,94.60,358.40,303.85,0.9192
27,424.37,84.70,519.45,315.27,0.9027
27,179.19,93.23,219.85,254.78,0.8733
27,516.10,90.36,599.01,308.96,0.8088
27,583.17,108.17,634.51,241.08,0.6229
27,484.80,112.65,510.75,145.75,0.3243
28,427.57,85.06,521.82,317.29,0.9165
28,295.66,93.53,365.54,302.96,0.9140
28,178.84,93.60,219.41,255.44,0.8666
28,517.68,92.21,601.66,312.14,0.8003
28,583.23,108.08,636.39,241.72,0.6594
28,504.95,93.17,544.97,286.45,0.4332
29,432.08,84.14,522.23,316.61,0.9072
29,303.04,94.56,373.20,303.10,0.8976
29,178.76,95.79,219.38,254.04,0.8596
29,518.62,94.26,604.60,312.52,0.8269
29,506.36,93.33,545.87,282.87,0.5307
29,582.88,109.31,635.60,241.58,0.4700
30,304.76,92.95,380.78,302.53,0.9138
30,178.56,94.45,219.17,254.78,0.8712
30,435.15,83.27,523.89,314.29,0.8635
30,528.47,92.88,609.12,313.31,0.8239
30,503.43,91.81,547.59,284.02,0.6575
30,586.52,109.38,636.65,241.34,0.3763
31,307.40,92.30,384.23,302.92,0.9250
31,178.21,95.26,219.07,254.55,0.8754
31,437.93,82.47,525.21,313.51,0.8226
31,531.75,91.42,613.74,316.52,0.8151
31,501.55,91.03,550.26,281.17,0.6384
32,313.13,93.96,390.56,302.70,0.8806
32,177.96,94.43,218.92,254.05,0.8580
32,539.87,90.68,615.86,315.97,0.8138
32,440.01,87.95,537.30,314.83,0.7823
32,500.98,90.77,563.15,275.17,0.6858
33,317.86,95.80,396.24,301.59,0.9134
33,177.92,93.91,218.75,253.89,0.8661
33,542.99,89.70,615.61,314.42,0.8440
33,442.92,86.52,531.16,311.63,0.8107
33,499.31,90.13,561.94,277.22,0.7248
34,321.96,95.00,398.12,303.72,0.9102
34,177.99,96.19,218.83,253.81,0.8721
34,545.64,89.84,620.91,312.47,0.8287
34,446.83,88.72,535.98,309.56,0.7927
34,498.40,89.83,551.63,282.20,0.7911
35,320.68,102.55,399.40,299.59,0.8981
35,178.36,94.51,218.80,253.93,0.8763
35,548.33,87.75,623.07,310.53,0.8236
35,449.54,89.38,543.36,311.36,0.8036
35,498.38,92.40,548.03,280.17,0.6966
36,177.55,93.99,218.71,253.61,0.8838
36,324.58,101.79,401.28,302.25,0.8742
36,453.19,90.31,542.93,308.87,0.8710
36,551.64,86.11,631.96,309.02,0.8526
36,495.33,92.74,546.64,269.83,0.5467
37,329.81,101.34,411.30,302.97,0.8983
37,553.78,86.93,635.45,309.55,0.8789
37,454.30,90.47,544.31,307.31,0.8766
37,177.87,95.25,218.94,254.03,0.8679
38,336.80,100.22,411.40,300.28,0.9262
38,458.09,91.40,546.23,308.71,0.8955
38,556.22,86.69,636.08,310.46,0.8832
38,177.64,95.17,218.48,253.63,0.8761
38,445.41,107.85,476.05,224.53,0.3799
39,341.56,96.29,412.65,302.48,0.9215
39,458.28,86.51,548.70,311.14,0.9075
39,562.08,87.17,635.60,311.80,0.8838
39,177.41,96.24,218.52,253.63,0.8635
39,444.94,107.08,473.62,224.62,0.5909
40,345.47,95.68,414.42,296.21,0.9138
40,463.06,85.21,548.93,310.57,0.9136
40,563.29,88.55,636.62,310.43,0.8971
40,176.82,94.71,218.25,254.28,0.8768
40,444.38,108.77,473.95,224.97,0.6791
41,464.26,84.84,551.50,308.97,0.9141
41,565.81,85.34,636.79,309.21,0.9035
41,348.76,93.78,414.43,296.82,0.9024
41,176.51,94.21,218.17,254.27,0.8678
41,443.44,109.55,472.60,227.88,0.6665
42,564.65,85.48,639.95,307.08,0.9127
42,465.75,83.85,553.19,307.09,0.8924
42,176.43,92.71,218.08,253.41,0.8786
42,350.04,91.15,415.47,299.07,0.8515
42,443.38,110.68,472.04,237.27,0.7508
43,568.74,87.13,640.00,307.23,0.9106
43,351.36,93.74,418.97,294.99,0.8907
43,461.10,84.84,556.12,303.78,0.8814
43,176.28,93.43,217.94,253.20,0.8757
43,442.38,110.64,472.46,241.85,0.8124
44,571.58,92.68,640.00,309.30,0.8977
44,355.67,89.54,423.04,295.66,0.8956
44,176.90,92.55,217.76,253.94,0.8781
44,459.17,87.23,558.75,305.61,0.8454
44,441.24,111.26,471.82,241.38,0.8001
45,361.46,95.79,437.20,295.74,0.8975
45,574.88,90.52,640.00,309.73,0.8910
45,176.81,92.41,217.94,253.77,0.8764
45,467.16,86.48,561.26,308.84,0.8383
45,438.49,111.31,470.39,241.54,0.7986
45,460.16,93.32,512.55,296.03,0.2522
46,363.24,97.61,441.38,296.44,0.9074
46,176.53,92.50,217.70,253.37,0.8800
46,577.43,89.86,640.00,309.08,0.8656
46,480.98,90.59,564.31,305.21,0.8143
46,437.65,110.33,468.05,242.17,0.7663
46,460.12,98.57,504.98,288.51,0.4282
47,367.19,98.07,443.44,297.17,0.9179
47,487.03,88.12,573.31,306.14,0.8942
47,176.91,92.64,217.79,254.16,0.8808
47,577.79,83.00,640.00,309.48,0.8394
47,454.62,96.10,498.25,276.56,0.6999
47,436.77,109.67,466.83,244.35,0.6865
48,369.78,100.45,444.25,298.73,0.9255
48,488.61,86.79,581.75,305.82,0.9158
48,580.72,90.14,640.00,308.34,0.8981
48,176.61,93.89,217.48,254.19,0.8689
48,454.08,96.05,499.81,276.53,0.7537
48,434.49,110.91,464.46,246.06,0.5754
49,372.81,99.85,445.62,297.82,0.9286
49,489.55,87.54,585.70,305.36,0.9090
49,583.62,90.37,639.88,306.61,0.8802
49,176.67,92.88,217.68,253.57,0.8758
49,453.17,95.22,498.06,275.61,0.8300
49,433.31,109.36,461.49,242.06,0.6638
50,375.20,98.39,444.10,296.53,0.9196
50,491.78,90.29,587.72,306.59,0.9115
50,586.52,90.20,639.77,304.35,0.8876
50,176.81,91.89,217.53,254.10,0.8822
50,443.54,93.39,498.52,276.29,0.8510
51,377.28,97.90,448.69,296.38,0.9161
51,494.94,90.08,591.05,304.78,0.9139
51,590.44,89.44,639.75,303.11,0.8810
51,176.69,92.14,217.69,253.24,0.8760
51,444.54,94.38,499.33,276.57,0.8413
52,497.16,87.31,591.65,307.53,0.9111
52,384.91,96.13,451.99,292.33,0.8862
52,589.78,88.23,639.57,303.19,0.8760
52,176.70,92.73,217.28,252.91,0.8698
52,445.25,94.70,499.87,273.44,0.8695
53,499.84,89.99,599.60,305.19,0.9024
53,391.20,94.86,458.37,292.22,0.8869
53,177.00,92.23,217.54,253.19,0.8772
53,591.37,88.56,639.69,303.47,0.8531
53,446.83,94.09,498.72,273.46,0.8497
54,500.56,87.68,603.12,305.12,0.9020
54,401.13,95.41,461.06,288.88,0.8773
54,176.63,91.97,217.56,253.86,0.8758
54,445.12,90.50,493.61,275.83,0.8461
54,591.85,88.24,639.71,303.33,0.8370
55,504.08,89.11,604.19,304.37,0.9052
55,176.93,92.29,217.60,252.96,0.8839
55,402.31,92.15,468.60,292.28,0.8832
55,446.62,91.53,490.93,275.93,0.8132
55,592.04,89.15,639.79,301.76,0.8066
56,510.03,86.11,604.21,301.74,0.8943
56,176.52,92.42,217.47,253.39,0.8673
56,406.48,94.49,474.38,290.98,0.8618
56,449.02,94.20,489.41,277.20,0.6884
56,594.08,89.12,639.99,303.86,0.6720
57,176.01,91.95,217.37,253.07,0.8782
57,518.44,88.62,602.87,301.40,0.8666
57,409.16,95.69,479.23,288.72,0.8345
57,596.53,90.55,640.00,302.77,0.5906
57,448.47,98.48,488.10,276.06,0.2777
58,525.85,87.47,604.92,301.49,0.8877
58,176.00,92.98,217.19,252.60,0.8592
58,408.08,95.74,482.14,292.18,0.7746
58,609.02,102.14,640.00,303.47,0.6122
59,527.65,89.64,610.98,307.63,0.9040
59,176.37,92.56,217.27,252.94,0.8683
59,407.45,99.76,485.38,287.76,0.7821
59,611.61,102.69,639.94,303.94,0.4961
59,585.85,109.34,621.98,236.25,0.2826
60,530.90,93.49,610.64,302.98,0.9180
60,175.96,93.07,217.22,253.29,0.8595
60,408.85,96.58,488.68,290.28,0.8000
60,610.90,108.45,640.00,300.71,0.5898
61,532.00,93.73,614.04,301.89,0.8798
61,176.46,92.85,217.58,252.97,0.8732
61,416.82,99.26,492.97,288.81,0.8542
61,615.27,109.46,640.00,300.06,0.5013
62,176.09,92.94,218.06,254.00,0.8750
62,536.42,95.67,616.06,300.57,0.8674
62,423.45,100.56,497.17,289.55,0.8584
62,399.32,100.52,450.07,275.56,0.4720
62,617.02,110.14,639.86,292.75,0.3737
62,415.93,96.04,449.19,175.07,0.2954
63,539.11,90.97,623.73,304.46,0.8736
63,175.60,92.62,218.18,254.27,0.8659
63,428.47,101.35,500.15,287.31,0.8378
63,397.94,97.47,447.82,273.55,0.7123
63,620.79,115.29,639.64,260.24,0.3467
64,542.74,91.38,627.33,303.60,0.8802
64,174.43,94.03,218.46,254.32,0.8633
64,430.14,98.56,503.37,286.26,0.8260
64,395.29,96.03,450.49,275.64,0.7701
64,620.93,114.85,639.99,204.57,0.3190
65,545.55,92.68,628.40,303.90,0.9007
65,172.67,94.00,218.74,254.46,0.8541
65,432.32,98.02,503.18,282.93,0.8406
65,395.22,96.12,446.98,274.24,0.8363
65,624.95,116.47,639.99,204.23,0.2577
66,548.18,91.70,629.53,301.45,0.8947
66,436.86,97.28,503.78,284.55,0.8871
66,395.14,93.52,460.85,273.29,0.8582
66,173.64,93.61,219.18,254.36,0.8564
67,440.96,95.86,505.45,284.08,0.9142
67,394.49,93.23,459.08,273.24,0.9080
67,550.87,89.56,631.26,296.37,0.8603
67,174.54,94.73,219.27,254.35,0.8560
68,391.83,92.07,453.85,273.50,0.9169
68,442.94,95.13,506.23,283.79,0.9040
68,174.54,93.70,220.15,254.39,0.8642
68,551.45,91.28,629.66,298.25,0.8629
69,390.03,91.89,450.01,273.29,0.9123
69,555.65,87.91,632.28,297.12,0.8897
69,444.09,94.10,509.32,285.51,0.8761
69,176.47,93.69,220.14,253.89,0.8641
69,617.80,106.99,640.00,274.49,0.4272
69,624.57,109.39,640.00,176.12,0.2561
70,387.95,91.34,447.67,273.65,0.9087
70,558.20,86.80,634.76,293.36,0.8898
70,447.38,93.79,513.22,283.00,0.8862
70,177.77,93.23,220.83,253.60,0.8558
70,615.85,103.43,640.00,277.48,0.3660
70,624.15,106.96,639.95,176.77,0.2774
71,451.66,94.80,516.23,282.73,0.9051
71,386.36,93.11,444.75,272.78,0.9022
71,559.69,87.04,637.20,293.82,0.8944
71,177.29,92.63,222.49,254.57,0.8383
72,454.87,96.68,519.77,281.83,0.9108
72,384.21,93.10,442.67,272.64,0.9068
72,564.48,87.52,638.50,293.02,0.8893
72,178.27,92.31,224.61,255.32,0.8605
73,382.97,94.78,440.06,270.94,0.9061
73,566.63,87.13,639.19,294.50,0.9038
73,457.22,96.58,518.78,283.67,0.8852
73,177.02,92.47,226.56,253.80,0.8585
74,381.08,94.87,439.06,271.28,0.9090
74,568.07,87.87,639.45,294.37,0.8941
74,458.33,98.16,523.57,282.27,0.8620
74,176.75,93.19,227.24,253.64,0.8578
75,377.89,97.40,439.02,270.56,0.9044
75,462.27,98.12,526.99,282.40,0.8726
75,175.87,93.23,228.58,253.15,0.8674
75,570.45,89.56,639.83,297.15,0.8617
76,374.01,97.88,438.85,271.50,0.9157
76,175.22,92.27,229.15,253.92,0.8807
76,462.49,98.66,529.60,281.76,0.8734
76,569.33,89.97,640.00,293.30,0.8518
77,175.32,92.08,229.86,253.51,0.8852
77,370.96,97.72,437.50,270.82,0.8803
77,465.54,98.19,532.12,280.80,0.8677
77,571.84,90.30,640.00,292.74,0.7801
77,559.25,108.81,585.88,226.78,0.3188
78,178.21,91.94,229.64,253.77,0.8779
78,468.66,96.98,537.69,283.36,0.8707
78,368.55,99.32,428.57,270.49,0.8520
78,577.99,90.99,640.00,286.64,0.7901
78,560.14,107.78,591.53,257.26,0.4634
78,401.22,102.19,441.49,254.41,0.4616
79,178.21,91.44,230.22,253.10,0.8815
79,369.82,98.40,422.26,271.83,0.8602
79,580.78,93.71,639.97,293.06,0.8456
79,475.89,96.36,541.23,282.99,0.8453
79,402.76,104.52,442.23,245.38,0.6165
79,554.29,108.19,590.88,209.70,0.4706
80,481.64,95.77,545.78,280.67,0.8980
80,368.32,96.64,420.05,269.53,0.8861
80,178.40,91.97,231.16,253.26,0.8800
80,583.93,92.32,640.00,293.19,0.8651
80,405.29,107.49,442.28,242.15,0.6930
80,550.42,108.67,592.84,208.11,0.5242
80,561.70,107.25,597.23,272.10,0.3690
81,484.33,97.90,551.15,279.66,0.9047
81,366.12,95.83,417.44,268.39,0.8878
81,179.62,89.58,231.68,253.75,0.8727
81,585.64,93.36,640.00,292.46,0.8167
81,404.54,108.14,442.73,240.59,0.7419
81,562.73,115.24,603.48,271.09,0.4416
81,549.32,110.31,591.19,202.00,0.4018
82,487.26,98.62,555.13,279.49,0.9107
82,179.15,90.52,233.35,253.14,0.8895
82,363.15,95.49,415.52,267.89,0.8735
82,590.60,88.93,640.00,290.23,0.8340
82,400.60,104.82,443.71,243.40,0.7455
82,561.53,112.32,606.53,273.24,0.4839
83,489.11,97.92,558.65,279.16,0.8887
83,179.24,92.47,234.05,253.37,0.8831
83,361.06,94.94,413.35,267.45,0.8663
83,591.10,97.88,640.00,291.84,0.8541
83,400.64,104.60,442.63,243.99,0.7817
83,561.29,111.02,611.62,273.22,0.5763
84,492.76,98.88,562.69,277.26,0.8875
84,179.23,92.60,234.63,254.09,0.8811
84,358.36,94.11,413.79,266.75,0.8686
84,593.15,97.32,640.00,290.33,0.8571
84,399.14,104.99,443.74,244.09,0.7927
84,558.66,111.92,608.40,272.51,0.6159
85,494.78,100.72,564.12,277.10,0.9003
85,179.41,93.15,235.53,254.13,0.8836
85,356.70,93.74,411.21,265.56,0.8606
85,397.49,105.67,443.93,243.50,0.8066
85,596.24,102.78,640.00,286.51,0.7848
85,559.34,108.05,608.76,273.38,0.6872
86,496.27,101.62,567.72,277.31,0.9032
86,180.49,92.97,236.55,253.97,0.8870
86,354.37,95.08,409.18,263.02,0.8712
86,396.67,105.94,443.73,242.80,0.8228
86,559.32,108.92,612.73,271.43,0.7433
86,606.74,105.48,640.00,282.66,0.7000
87,495.85,102.01,568.41,277.72,0.8954
87,180.66,92.81,237.70,254.38,0.8893
87,350.31,95.30,408.70,264.14,0.8695
87,397.45,106.08,443.28,242.65,0.7753
87,555.89,109.00,605.47,270.46,0.7301
87,612.99,101.65,639.86,282.02,0.7295
88,349.58,94.95,406.28,267.83,0.8868
88,181.27,92.31,238.59,255.00,0.8798
88,496.34,103.28,572.09,277.73,0.8580
88,397.12,105.87,442.09,243.42,0.7720
88,615.67,102.31,640.00,280.72,0.7124
88,553.42,109.12,603.70,272.90,0.6800
89,347.66,94.38,404.52,268.40,0.9067
89,181.21,92.82,239.72,254.24,0.8688
89,501.23,101.20,572.87,277.99,0.8217
89,396.72,105.43,442.02,243.32,0.8009
89,617.75,104.15,640.00,276.11,0.6881
89,553.64,110.16,600.37,269.98,0.5778
90,338.36,94.17,404.07,269.19,0.9004
90,182.65,90.72,242.37,254.89,0.8901
90,396.34,105.94,442.88,243.29,0.8113
90,515.48,99.40,579.64,278.08,0.7553
90,557.93,112.55,597.53,267.04,0.5878
90,620.96,110.51,639.98,208.00,0.5084
91,331.35,94.88,402.84,268.44,0.9118
91,183.77,92.23,243.31,254.04,0.8952
91,520.15,98.96,583.53,276.64,0.8313
91,397.31,106.31,442.32,243.28,0.7911
91,621.91,113.42,639.99,200.91,0.5431
91,560.67,113.05,597.68,266.47,0.3502
92,330.04,93.55,400.04,267.99,0.9103
92,183.96,92.69,242.78,254.61,0.8891
92,523.90,98.96,588.59,274.36,0.8507
92,394.03,106.68,442.33,243.05,0.8169
92,622.50,117.18,639.74,198.78,0.5017
93,324.74,96.28,399.22,267.90,0.9139
93,184.53,92.88,243.41,254.54,0.8942
93,521.62,96.43,594.86,274.38,0.8665
93,389.87,107.16,442.37,243.00,0.8339
93,625.53,118.39,639.77,199.72,0.4194
94,323.88,97.51,396.52,266.93,0.9091
94,185.46,92.55,243.60,254.05,0.8996
94,388.78,107.14,442.68,243.65,0.8442
94,520.18,100.16,592.38,274.56,0.8395
94,628.25,119.35,639.90,198.40,0.4540
95,324.27,97.44,394.24,266.98,0.9126
95,186.08,93.24,243.73,254.30,0.9016
95,385.10,107.67,442.31,243.87,0.8303
95,519.00,100.96,591.92,272.72,0.8044
95,628.65,122.50,639.93,202.64,0.2937
96,325.41,97.59,392.72,266.38,0.9158
96,185.71,93.37,243.61,253.77,0.9056
96,386.13,107.67,442.81,244.41,0.8274
96,516.58,102.00,595.79,271.96,0.7139
96,513.13,113.42,553.35,267.23,0.3125
97,323.17,97.36,391.87,266.16,0.9200
97,185.22,93.13,243.74,253.09,0.9065
97,389.16,107.63,442.45,244.59,0.8373
97,536.37,100.90,614.79,273.63,0.8281
97,512.73,113.70,551.41,268.10,0.6010
98,322.43,96.86,390.28,266.63,0.9217
98,185.30,93.21,244.12,252.22,0.8877
98,387.42,108.22,441.86,244.77,0.8412
98,541.64,101.02,618.28,274.20,0.8118
98,510.50,112.68,554.50,268.31,0.6647
98,439.43,119.67,469.62,159.16,0.2579
99,324.16,96.92,388.89,266.40,0.9154
99,185.11,92.97,244.43,251.53,0.8879
99,543.30,102.99,619.45,273.33,0.8465
99,387.45,107.54,441.38,243.38,0.8383
99,509.39,117.37,555.00,268.14,0.6799
100,323.80,94.82,388.45,265.90,0.9072
100,185.47,93.33,244.41,251.56,0.8766
100,543.79,103.58,620.38,272.82,0.8754
100,386.44,107.69,440.12,243.68,0.8447
100,507.53,116.09,554.93,268.70,0.6882
101,321.74,94.27,386.37,265.70,0.8945
101,185.76,92.71,244.42,251.41,0.8796
101,547.97,103.32,620.09,273.27,0.8746
101,386.41,106.46,439.86,242.49,0.8370
101,506.24,113.18,552.73,266.19,0.6611
101,526.90,109.19,565.64,263.16,0.3771
102,318.80,94.80,384.08,265.31,0.8924
102,550.68,101.85,619.14,273.94,0.8867
102,185.69,91.48,243.22,251.91,0.8775
102,385.57,106.86,439.04,243.62,0.8362
102,503.03,112.95,547.56,267.09,0.6818
102,533.43,109.16,568.44,253.77,0.4946
103,316.34,95.12,378.91,263.34,0.8968
103,185.37,91.99,244.67,251.76,0.8819
103,560.02,99.64,619.80,272.71,0.8732
103,385.90,106.50,438.56,243.51,0.8512
103,499.56,110.46,546.13,265.85,0.7146
103,534.25,110.45,572.21,250.38,0.6052
104,315.57,95.50,374.40,264.91,0.9105
104,185.68,91.71,243.22,252.49,0.8653
104,565.41,99.82,622.69,270.66,0.8581
104,384.60,106.32,438.06,244.02,0.8415
104,495.44,111.92,543.15,266.08,0.6890
104,532.96,111.00,573.89,252.09,0.6287
105,313.65,94.07,371.08,263.76,0.9092
105,569.72,98.74,626.52,271.16,0.8845
105,185.42,91.60,244.41,252.40,0.8840
105,383.51,105.77,438.65,244.39,0.8425
105,488.64,110.49,541.00,265.19,0.6634
105,535.56,110.89,576.85,250.81,0.6456
106,312.98,95.89,369.85,263.53,0.9101
106,185.13,91.40,242.81,252.06,0.8853
106,575.29,95.64,633.46,269.48,0.8836
106,383.20,105.59,438.37,244.70,0.8360
106,476.78,111.02,540.74,266.22,0.6496
106,532.99,109.46,575.95,250.20,0.6472
107,312.03,96.03,369.05,263.26,0.9172
107,184.65,91.82,242.32,250.17,0.8823
107,578.01,96.49,638.12,269.46,0.8781
107,384.37,105.40,437.88,244.84,0.8430
107,531.14,110.13,573.87,249.81,0.7175
107,471.71,111.78,540.67,265.51,0.6921
108,311.07,99.13,367.68,263.53,0.9198
108,184.22,90.94,244.33,252.41,0.8889
108,581.68,97.51,639.81,268.13,0.8860
108,384.50,105.73,437.50,245.03,0.8514
108,523.58,107.53,572.73,252.54,0.7247
108,461.99,113.50,540.07,265.46,0.7097
109,310.31,96.43,365.77,262.82,0.9136
109,583.57,98.30,640.00,268.99,0.9056
109,184.70,90.52,244.13,252.28,0.8977
109,384.76,105.73,437.51,245.47,0.8410
109,456.72,113.96,538.85,265.22,0.7393
109,524.19,109.41,573.44,250.90,0.7214
110,308.40,96.19,364.83,264.77,0.9115
110,585.59,97.69,640.00,268.17,0.9031
110,184.75,90.60,244.18,252.40,0.8924
110,385.04,105.78,437.65,245.72,0.8342
110,455.36,114.79,538.61,265.33,0.7961
110,521.02,107.61,571.94,252.39,0.7421
111,308.00,95.04,363.77,265.00,0.9008
111,185.30,89.76,244.50,253.50,0.8977
111,588.36,97.16,640.00,268.90,0.8897
111,385.25,106.53,438.07,245.67,0.8349
111,456.07,117.25,538.17,265.63,0.7813
111,516.95,108.22,571.11,252.25,0.6562
112,184.88,90.83,242.59,252.03,0.8940
112,306.83,96.56,361.58,265.32,0.8934
112,591.56,100.43,640.00,268.63,0.8880
112,384.86,106.75,439.18,246.38,0.8483
112,456.71,113.73,536.73,265.11,0.8084
112,514.55,109.04,568.07,251.74,0.7629
113,184.79,90.75,244.68,252.46,0.8978
113,305.77,96.52,360.60,265.23,0.8878
113,594.34,99.84,640.00,269.70,0.8725
113,384.10,107.26,440.58,245.97,0.8526
113,455.46,113.06,535.21,265.44,0.8280
113,513.47,108.92,567.09,251.65,0.7767
114,304.96,96.05,358.95,264.22,0.8942
114,185.57,91.42,244.57,252.60,0.8776
114,386.66,107.52,440.82,246.98,0.8590
114,508.46,110.40,565.97,255.20,0.8571
114,597.20,99.60,640.00,269.46,0.8459
114,454.45,113.45,530.90,264.70,0.8327
115,304.33,96.54,357.43,264.17,0.8968
115,185.72,91.02,245.24,253.24,0.8915
115,599.24,99.59,640.00,269.11,0.8439
115,386.79,107.42,441.51,247.64,0.8359
115,453.69,112.88,527.20,265.58,0.8109
115,507.31,110.94,565.16,256.24,0.8094
116,302.69,96.67,357.86,262.36,0.8944
116,185.90,90.64,245.50,253.09,0.8924
116,601.31,97.85,640.00,265.43,0.8419
116,387.15,107.63,443.83,248.11,0.8361
116,506.04,109.81,565.57,253.74,0.8063
116,452.65,114.87,521.97,265.19,0.7445
117,303.90,95.98,355.09,262.06,0.9017
117,187.00,91.44,245.30,252.71,0.8961
117,388.27,108.37,444.02,248.43,0.8412
117,604.64,95.39,639.80,265.91,0.8367
117,506.66,111.13,562.10,253.99,0.8278
117,448.07,112.73,516.13,263.80,0.7495
118,302.88,95.29,354.29,261.30,0.9015
118,186.60,92.21,246.05,253.07,0.8952
118,507.83,110.50,559.29,253.55,0.8328
118,388.54,108.35,445.59,248.04,0.8312
118,444.61,112.32,505.13,262.90,0.7912
118,607.87,92.69,639.73,266.03,0.7636
119,302.40,94.25,354.05,260.99,0.9047
119,188.59,92.51,246.00,253.01,0.8925
119,506.31,111.25,555.67,253.68,0.8432
119,390.64,109.84,446.35,246.64,0.8355
119,445.09,110.83,496.66,263.20,0.7994
119,608.99,93.63,639.85,264.25,0.7616
120,302.15,93.75,353.35,260.77,0.9033
120,189.17,90.29,246.73,252.00,0.8861
120,504.83,111.12,553.71,252.82,0.8460
120,392.89,110.46,445.22,246.37,0.8384
120,441.01,109.12,486.78,261.18,0.7878
120,610.12,96.03,639.92,263.69,0.7500
121,301.50,93.43,351.60,260.56,0.8910
121,190.75,90.34,247.52,252.16,0.8843
121,502.67,109.71,551.73,251.90,0.8544
121,395.10,109.08,443.42,247.15,0.8542
121,439.98,109.06,485.04,262.61,0.7832
121,611.05,98.59,640.00,264.10,0.7654
122,300.88,92.02,352.30,257.60,0.8973
122,191.91,90.03,248.41,251.68,0.8833
122,501.11,108.34,551.16,253.88,0.8744
122,396.47,108.63,443.04,247.35,0.8515
122,614.04,101.70,640.00,264.69,0.7908
122,437.75,109.19,482.25,262.58,0.7327
123,299.50,91.54,350.93,257.74,0.8847
123,192.50,90.18,248.55,251.95,0.8790
123,498.43,109.26,552.02,253.79,0.8586
123,398.75,108.08,440.62,248.88,0.8513
123,615.74,106.44,640.00,265.46,0.7689
123,432.33,111.08,480.73,262.74,0.7601
124,299.01,92.10,351.01,258.01,0.8951
124,193.02,90.18,248.97,251.35,0.8859
124,496.14,108.99,551.35,252.74,0.8614
124,398.12,108.25,439.36,250.16,0.8573
124,425.11,112.99,478.63,264.04,0.7514
124,620.01,118.15,639.91,263.80,0.7284
125,297.64,91.42,349.30,258.57,0.8935
125,193.29,90.07,249.02,252.11,0.8804
125,495.61,108.63,551.07,252.62,0.8439
125,398.66,108.14,439.70,252.16,0.8139
125,421.96,115.58,479.40,261.85,0.7095
125,622.92,125.41,639.96,265.01,0.6922
126,296.76,91.45,348.46,258.11,0.8968
126,193.86,90.16,249.84,250.97,0.8553
126,491.96,108.27,547.41,252.59,0.8402
126,397.59,108.43,442.28,252.62,0.7630
126,415.62,115.88,480.94,261.98,0.6771
126,626.16,128.01,640.00,263.14,0.6456
127,295.76,92.23,348.40,258.75,0.8980
127,193.87,90.32,249.49,250.78,0.8740
127,489.32,110.40,544.51,253.17,0.8425
127,404.58,112.62,476.59,263.31,0.8090
127,398.77,110.51,440.41,252.81,0.6510
127,626.89,130.38,640.00,260.68,0.4037
128,293.56,92.56,347.88,258.63,0.8905
128,193.47,90.05,249.45,250.00,0.8864
128,404.69,112.81,477.38,263.11,0.8543
128,487.41,111.82,543.02,252.51,0.8394
128,626.34,131.26,639.98,261.52,0.4704
128,398.35,110.60,441.69,248.07,0.3266
129,285.78,92.02,348.53,257.57,0.8981
129,193.39,90.67,249.00,250.35,0.8875
129,403.01,112.70,476.53,262.61,0.8521
129,484.34,111.09,542.14,253.24,0.8278
130,280.36,92.82,347.67,257.64,0.9025
130,193.92,91.74,248.96,250.19,0.8809
130,404.89,120.40,472.34,263.16,0.8217
130,482.24,111.42,539.30,253.53,0.8153
131,275.45,93.44,347.35,256.93,0.9084
131,194.00,91.26,248.41,249.31,0.8756
131,404.03,109.77,468.68,263.80,0.8417
131,479.08,112.52,538.51,255.14,0.8080
132,276.44,94.63,345.52,256.14,0.9063
132,194.15,92.02,248.49,248.96,0.8796
132,403.74,110.89,463.15,262.54,0.8374
132,473.27,112.10,535.35,255.17,0.8170
133,276.09,94.62,345.10,255.82,0.9042
133,193.85,90.51,248.08,248.63,0.8640
133,400.70,109.43,457.95,262.42,0.8517
133,469.15,111.30,533.28,254.02,0.7809
134,276.42,94.41,341.31,258.51,0.9048
134,193.88,90.93,247.25,248.35,0.8789
134,400.88,110.13,451.63,262.36,0.8445
134,468.39,111.20,531.07,254.16,0.8118
134,0.16,116.97,47.85,214.88,0.2756
135,273.94,95.18,339.14,255.90,0.8974
135,193.65,90.25,246.72,248.29,0.8805
135,399.77,108.46,451.80,261.03,0.8490
135,469.05,111.21,527.03,253.48,0.7959
135,0.00,121.61,51.51,210.96,0.6063
136,273.24,95.48,337.37,256.17,0.8881
136,193.08,89.85,246.79,248.14,0.8838
136,397.22,108.33,454.23,259.46,0.8249
136,468.32,110.43,526.10,254.29,0.7959
136,0.11,118.16,53.44,261.87,0.5765
137,271.65,95.35,336.54,256.40,0.8928
137,192.90,89.90,246.49,247.87,0.8882
137,395.27,108.39,453.40,260.54,0.8218
137,465.66,110.62,521.94,254.24,0.7810
137,0.29,114.46,54.40,282.31,0.6145
138,192.58,89.88,245.53,248.28,0.8942
138,271.95,95.68,335.46,256.29,0.8841
138,391.31,110.06,454.33,257.49,0.7794
138,465.24,109.44,521.39,254.46,0.7701
138,0.64,112.63,54.64,279.02,0.6148
139,272.69,95.46,334.81,256.23,0.8948
139,191.99,90.09,245.26,247.92,0.8849
139,383.62,110.32,454.97,258.81,0.7937
139,463.43,109.78,516.49,253.67,0.7720
139,1.34,113.91,53.90,278.16,0.6267
140,272.34,94.65,335.56,256.07,0.8921
140,191.40,90.50,243.92,248.17,0.8825
140,464.39,110.90,513.45,253.11,0.7797
140,391.24,109.55,453.97,257.42,0.7256
140,5.12,110.32,51.71,255.42,0.4562
141,190.21,90.44,242.86,248.18,0.8839
141,271.71,95.56,334.73,256.43,0.8837
141,464.11,111.36,512.01,254.19,0.7692
141,369.14,109.90,449.44,260.88,0.7175
141,413.90,112.05,454.90,255.66,0.4873
141,11.35,107.49,51.17,263.66,0.3797
142,270.99,93.33,333.40,256.42,0.8821
142,189.16,90.29,242.71,248.60,0.8801
142,462.71,113.36,509.30,255.21,0.7966
142,366.27,113.55,438.78,259.37,0.7691
142,419.91,110.41,455.12,255.10,0.6585
142,15.21,110.00,55.72,275.84,0.6383
143,268.45,93.47,330.53,256.21,0.8953
143,187.70,90.45,241.58,248.15,0.8765
143,461.79,114.40,514.46,253.41,0.8058
143,364.96,114.10,435.09,259.13,0.7850
143,17.36,111.73,60.44,284.28,0.7552
143,414.92,111.80,453.54,257.07,0.6896
144,266.24,92.67,327.59,255.59,0.9022
144,187.25,90.28,240.72,248.26,0.8784
144,412.20,111.43,454.27,257.86,0.8000
144,365.08,114.17,430.19,259.62,0.7733
144,460.26,114.11,511.34,253.81,0.7727
144,19.57,112.65,68.78,281.84,0.6786
145,264.91,93.14,325.63,254.55,0.9060
145,186.94,91.70,240.50,248.26,0.8725
145,407.86,112.63,454.64,258.51,0.8404
145,22.42,114.35,86.71,284.94,0.8194
145,364.68,115.38,425.58,259.08,0.7804
145,460.40,113.84,510.53,255.54,0.7590
146,264.24,91.81,324.59,254.48,0.9029
146,186.48,91.84,239.92,247.84,0.8736
146,26.85,116.31,95.52,282.96,0.8522
146,409.92,113.10,455.14,259.91,0.8505
146,363.07,115.73,426.16,259.03,0.8173
146,460.54,114.59,512.36,256.18,0.7908
147,263.66,91.08,321.30,253.89,0.9014
147,186.18,90.70,239.42,248.47,0.8789
147,26.23,115.58,101.34,285.51,0.8706
147,363.15,115.56,426.43,259.06,0.8448
147,409.85,111.56,456.48,259.37,0.8329
147,459.80,114.88,511.93,256.60,0.8039
148,262.17,91.75,318.27,254.28,0.8992
148,185.93,89.72,239.02,248.54,0.8827
148,409.13,111.15,457.38,259.43,0.8510
148,26.70,115.83,107.32,287.54,0.8413
148,362.41,115.33,423.95,258.19,0.8247
148,458.02,115.23,510.13,256.49,0.7974
149,261.97,91.37,316.95,254.23,0.8974
149,185.87,90.71,238.92,248.81,0.8845
149,26.30,115.84,109.05,288.71,0.8711
149,407.87,114.69,457.27,259.00,0.8400
149,361.82,114.06,424.88,258.95,0.8197
149,456.62,115.15,510.25,258.70,0.8046
150,261.50,91.91,315.44,253.74,0.9004
150,185.94,87.82,238.81,248.87,0.8752
150,407.18,114.43,457.10,257.66,0.8605
150,26.73,115.80,110.56,288.52,0.8601
150,456.02,113.36,507.75,257.74,0.8300
150,360.51,113.15,419.68,257.67,0.8087
151,261.45,91.75,313.60,253.62,0.9032
151,406.75,113.43,456.65,258.24,0.8735
151,185.72,89.50,238.86,248.46,0.8724
151,29.26,115.92,111.60,287.32,0.8313
151,455.86,112.41,506.26,256.38,0.8207
151,359.28,111.85,412.51,256.90,0.8157
152,260.82,92.39,312.37,253.38,0.8971
152,185.51,89.63,238.76,248.65,0.8809
152,408.09,113.02,455.95,258.45,0.8580
152,454.90,110.62,503.95,257.31,0.8540
152,31.25,115.56,111.87,287.15,0.8267
152,356.38,111.60,407.24,257.76,0.7819
153,259.98,91.85,311.95,254.03,0.9006
153,185.51,88.95,238.79,248.90,0.8794
153,409.82,113.27,455.46,257.03,0.8549
153,453.34,110.34,502.49,257.67,0.8268
153,42.51,115.32,111.10,285.74,0.8100
153,356.14,110.70,403.68,256.93,0.7970
154,259.55,92.39,311.74,253.69,0.8963
154,185.42,90.05,238.57,248.21,0.8801
154,451.57,108.89,504.23,258.54,0.8617
154,410.03,114.08,453.52,256.21,0.8487
154,49.97,114.97,111.99,284.86,0.8341
154,354.54,112.41,401.72,255.39,0.7686
155,259.19,92.73,311.57,253.86,0.8963
155,185.07,90.07,238.72,248.39,0.8816
155,61.11,113.44,116.30,284.61,0.8698
155,451.41,109.35,503.04,258.74,0.8426
155,409.56,113.26,454.21,255.99,0.8356
155,351.88,114.78,398.72,255.35,0.7570
156,259.32,92.83,311.13,254.07,0.8949
156,185.46,88.06,238.86,248.77,0.8875
156,70.26,112.27,122.45,283.76,0.8631
156,408.15,113.49,453.82,256.08,0.8299
156,450.18,109.42,502.11,258.37,0.8287
156,350.06,114.38,395.83,255.14,0.7806
157,259.12,93.91,310.77,254.46,0.8874
157,185.57,89.98,238.94,248.82,0.8797
157,76.16,113.27,126.05,282.93,0.8726
157,349.56,113.11,395.12,252.92,0.8355
157,407.92,113.47,453.18,257.59,0.8353
157,448.57,112.27,502.09,257.64,0.8328
158,258.94,93.60,309.79,254.58,0.8969
158,185.91,89.57,238.99,248.31,0.8939
158,80.53,113.62,130.60,283.47,0.8660
158,347.89,113.78,393.62,255.72,0.8576
158,449.58,111.14,498.40,261.19,0.8406
158,405.95,113.92,452.67,258.49,0.8207
159,259.03,93.38,309.24,253.93,0.8954
159,186.09,90.74,238.99,248.94,0.8840
159,344.70,113.68,392.32,254.26,0.8616
159,83.53,114.09,139.28,283.24,0.8456
159,447.59,111.69,501.30,259.67,0.8432
159,404.22,114.23,450.88,257.24,0.7984
159,117.38,34.87,188.65,272.18,0.2781
160,258.97,92.71,308.88,253.96,0.8968
160,342.97,113.48,390.22,254.51,0.8783
160,186.40,90.74,239.19,249.26,0.8775
160,87.48,114.52,147.11,282.82,0.8525
160,446.97,112.26,499.97,260.58,0.8055
160,402.63,115.02,449.78,259.24,0.8054
161,259.80,92.39,308.37,253.87,0.8937
161,186.53,89.34,239.28,249.09,0.8718
161,343.16,112.98,387.76,255.92,0.8613
161,89.83,115.71,163.69,283.26,0.8421
161,399.52,116.95,449.91,259.30,0.8341
161,445.15,113.03,500.34,259.57,0.8094
162,260.25,92.65,308.39,252.99,0.8992
162,186.22,91.62,239.25,249.15,0.8760
162,342.31,113.90,387.64,255.68,0.8554
162,442.70,112.43,495.64,260.00,0.8388
162,398.32,116.77,449.53,259.69,0.8257
162,89.98,116.00,169.91,283.28,0.8071
163,260.79,92.37,308.38,252.82,0.8887
163,186.37,90.82,239.48,248.93,0.8729
163,340.99,114.52,386.62,255.63,0.8344
163,397.63,116.86,452.97,260.17,0.8331
163,438.77,111.04,493.09,260.65,0.8169
163,89.16,117.75,178.37,283.41,0.7967
164,260.10,91.33,308.34,253.22,0.8908
164,186.60,89.80,239.49,248.22,0.8812
164,88.06,115.49,179.22,284.31,0.8532
164,338.05,114.67,386.76,255.21,0.8502
164,397.14,116.77,453.14,261.32,0.8382
164,435.41,109.35,492.39,261.80,0.7912
165,259.86,90.14,308.60,252.34,0.8971
165,186.41,89.08,239.70,249.25,0.8779
165,396.00,114.97,453.54,262.18,0.8668
165,88.06,116.26,179.62,283.85,0.8645
165,337.18,114.14,385.32,255.42,0.8356
165,433.58,109.04,494.30,261.72,0.7542
166,259.70,89.80,308.60,250.84,0.8971
166,186.09,92.05,239.52,248.21,0.8923
166,394.45,114.15,451.72,261.73,0.8827
166,90.24,116.29,181.09,283.37,0.8331
166,336.83,113.40,383.87,255.78,0.8232
166,432.90,108.15,492.41,261.49,0.8160
167,260.17,89.68,308.12,249.24,0.8936
167,393.30,112.92,444.66,261.05,0.8878
167,186.29,88.54,239.64,248.67,0.8864
167,432.59,107.33,491.87,259.61,0.8371
167,94.78,113.74,183.61,282.93,0.8275
167,334.13,112.96,381.59,255.08,0.8119
168,186.24,89.89,239.72,248.74,0.8955
168,259.56,88.69,308.06,248.49,0.8952
168,101.59,112.91,183.97,282.32,0.8814
168,391.03,111.08,439.66,261.11,0.8776
168,431.67,106.88,490.94,260.14,0.8526
168,332.73,111.14,380.53,251.10,0.8315
169,259.30,88.39,307.30,247.21,0.8967
169,186.17,90.61,239.58,248.82,0.8838
169,430.87,107.98,489.05,260.14,0.8639
169,332.23,111.42,378.17,249.66,0.8469
169,388.53,110.38,437.39,257.44,0.8335
169,107.61,110.86,184.64,280.76,0.7944
170,259.26,88.13,307.43,247.72,0.8997
170,186.13,91.47,239.67,248.79,0.8915
170,114.34,109.93,186.22,279.25,0.8612
170,386.16,110.37,435.22,259.88,0.8554
170,330.79,110.55,376.52,249.96,0.8456
170,428.96,108.00,488.88,261.77,0.8376
171,258.86,88.04,307.02,248.52,0.8975
171,187.11,89.79,239.77,248.79,0.8858
171,329.02,110.05,376.33,250.38,0.8665
171,121.12,108.22,185.91,277.72,0.8484
171,426.55,108.72,485.89,264.08,0.8417
171,385.07,110.48,433.42,257.58,0.8409
172,258.29,88.55,307.16,248.07,0.8991
172,186.84,91.37,239.69,248.30,0.8816
172,328.29,109.76,375.44,249.60,0.8567
172,383.74,110.86,431.77,257.13,0.8244
172,426.82,109.51,485.21,263.29,0.8103
172,133.90,109.29,185.26,277.62,0.7570
173,258.09,88.41,306.62,249.07,0.8975
173,186.64,90.78,239.86,248.21,0.8754
173,327.04,109.12,374.59,249.28,0.8341
173,383.73,112.02,430.70,258.67,0.8241
173,427.11,110.78,484.65,263.39,0.8110
173,138.56,103.85,189.25,277.13,0.7946
174,256.83,87.83,305.95,249.24,0.8961
174,186.72,91.28,239.89,246.69,0.8648
174,326.73,108.73,374.39,249.11,0.8457
174,383.78,111.99,428.30,259.78,0.8280
174,425.38,110.33,483.83,264.73,0.8226
174,144.10,98.39,193.21,277.07,0.6590
175,257.25,88.05,304.95,252.20,0.8964
175,146.99,106.71,195.93,277.54,0.8647
175,188.66,89.40,239.52,248.31,0.8642
175,323.56,108.30,371.84,249.02,0.8534
175,426.08,111.51,482.97,265.06,0.8492
175,380.23,114.01,427.83,262.09,0.8459
176,256.46,88.11,304.82,249.31,0.8987
176,147.97,109.27,203.16,276.90,0.8805
176,320.52,107.49,371.37,249.57,0.8688
176,378.57,114.05,426.38,261.92,0.8641
176,189.62,90.52,239.71,246.17,0.8554
176,425.16,112.13,478.74,266.12,0.8337
177,257.45,88.43,304.00,249.07,0.8963
177,317.36,107.11,370.67,248.79,0.8819
177,148.79,110.95,209.11,276.74,0.8779
177,423.10,109.74,478.73,267.59,0.8577
177,378.23,113.81,425.82,262.70,0.8553
177,193.81,91.35,239.65,246.59,0.8476
178,257.28,88.07,303.11,248.96,0.8920
178,420.75,109.76,474.47,267.64,0.8748
178,147.58,115.92,213.59,276.84,0.8658
178,315.41,110.15,369.36,248.26,0.8612
178,195.85,89.86,239.26,247.70,0.8487
178,375.87,115.50,424.40,263.43,0.8219
179,257.12,89.29,303.32,248.92,0.8906
179,146.71,117.69,217.93,275.34,0.8817
179,315.70,109.43,367.62,247.76,0.8636
179,198.39,90.56,239.49,249.68,0.8448
179,420.50,108.55,473.84,268.23,0.8384
179,374.10,114.69,421.17,262.20,0.8187
