1,428.00,98.00,532.00,334.00,1.1787
1,332.00,82.00,436.00,318.00,1.0856
1,172.00,82.00,276.00,318.00,0.8688
1,84.00,104.00,178.55,318.55,0.6476
1,557.00,82.00,643.67,278.67,0.5707
1,506.00,115.00,562.88,244.07,0.5241
2,428.00,98.00,532.00,334.00,1.1605
2,332.00,82.00,436.00,318.00,0.9903
2,172.00,82.00,276.00,318.00,0.9791
2,69.00,104.00,163.55,318.55,0.9034
2,563.00,88.00,643.00,269.54,0.5822
2,506.00,115.00,562.88,244.07,0.5697
3,172.00,82.00,276.00,318.00,1.1671
3,428.00,98.00,532.00,334.00,1.0601
3,345.00,89.00,439.55,303.55,0.9403
3,69.00,104.00,163.55,318.55,0.8554
3,557.00,82.00,643.67,278.67,0.6127
3,510.00,121.00,562.00,239.00,0.5539
3,375.00,104.00,469.55,318.55,0.1782
3,323.00,157.00,349.00,216.00,0.0967
4,185.00,89.00,279.55,303.55,1.2172
4,428.00,98.00,532.00,334.00,0.9489
4,348.00,82.00,452.00,318.00,0.9194
4,77.00,122.00,163.67,318.67,0.7614
4,557.00,82.00,643.67,278.67,0.6805
4,498.00,115.00,554.88,244.07,0.5682
4,156.00,75.00,250.55,289.55,0.2372
5,348.00,82.00,452.00,318.00,1.0575
5,447.00,89.00,541.54,303.55,0.9876
5,185.00,89.00,279.55,303.55,0.9463
5,557.00,82.00,643.67,278.67,0.8307
5,63.00,122.00,149.67,318.67,0.6806
5,157.00,75.00,237.00,256.54,0.3222
5,418.00,104.00,512.54,318.55,0.2662
5,506.00,106.00,562.88,235.07,0.1936
6,342.00,88.00,454.01,342.17,1.0505
6,447.00,104.00,541.54,318.55,0.9443
6,188.00,82.00,292.00,318.00,0.9328
6,557.00,82.00,643.67,278.67,0.8734
6,63.00,122.00,149.67,318.67,0.6614
6,157.00,75.00,237.00,256.54,0.4794
6,418.00,89.00,512.54,303.55,0.1818
7,348.00,82.00,452.00,318.00,1.0642
7,188.00,82.00,292.00,318.00,1.0308
7,447.00,104.00,541.54,318.55,0.9732
7,557.00,82.00,643.67,278.67,0.8353
7,157.00,75.00,237.00,256.54,0.5402
7,40.00,104.00,134.55,318.55,0.5262
7,380.00,98.00,484.00,334.00,0.4354
7,92.00,158.00,160.04,312.40,0.0155
8,360.00,104.00,454.55,318.55,1.0304
8,200.00,104.00,294.55,318.55,0.9806
8,543.00,82.00,629.67,278.67,0.8885
8,444.00,82.00,548.00,318.00,0.8810
8,40.00,104.00,134.55,318.55,0.6197
8,170.00,97.00,232.22,238.19,0.6009
8,412.00,98.00,516.00,334.00,0.0981
8,570.00,68.00,656.67,264.67,0.0297
9,364.00,82.00,468.00,318.00,1.1023
9,444.00,82.00,548.00,318.00,0.9436
9,200.00,104.00,294.55,318.55,0.8877
9,543.00,82.00,629.67,278.67,0.8231
9,37.00,108.00,123.67,304.67,0.6300
9,157.00,75.00,237.00,256.54,0.5523
9,229.00,118.00,323.55,332.55,0.2287
10,364.00,82.00,468.00,318.00,1.1194
10,223.00,122.00,309.67,318.67,0.9362
10,444.00,82.00,548.00,318.00,0.8451
10,25.00,104.00,119.55,318.55,0.8342
10,543.00,82.00,629.67,278.67,0.7575
10,169.00,81.00,243.29,249.57,0.4980
10,197.00,135.00,283.67,331.67,0.3967
11,364.00,82.00,468.00,318.00,1.0713
11,223.00,122.00,309.67,318.67,0.9523
11,445.00,71.00,557.01,325.17,0.8198
11,543.00,82.00,629.67,278.67,0.7373
11,25.00,89.00,119.55,303.55,0.7052
11,170.00,97.00,232.22,238.19,0.4620
11,396.00,98.00,500.00,334.00,0.1145
12,375.00,89.00,469.55,303.55,0.9760
12,460.00,82.00,564.00,318.00,0.8112
12,231.00,125.00,311.00,306.54,0.7813
12,543.00,82.00,629.67,278.67,0.7569
12,12.00,98.00,116.00,334.00,0.5911
12,157.00,75.00,237.00,256.54,0.4295
12,404.00,104.00,498.55,318.55,0.1232
12,255.00,137.00,335.00,318.54,0.0491
13,460.00,82.00,564.00,318.00,0.9491
13,375.00,89.00,469.55,303.55,0.9404
13,229.00,104.00,323.55,318.55,0.7518
13,11.00,104.00,105.55,318.55,0.6524
13,543.00,82.00,629.67,278.67,0.6198
13,157.00,75.00,237.00,256.54,0.4710
13,404.00,104.00,498.55,318.55,0.1945
13,514.00,137.00,594.00,318.54,0.1429
14,237.00,108.00,323.67,304.67,0.9814
14,462.00,104.00,556.54,318.55,0.9626
14,375.00,89.00,469.55,303.55,0.9544
14,538.00,88.00,618.00,269.54,0.5206
14,-4.00,98.00,100.00,334.00,0.5044
14,157.00,75.00,237.00,256.54,0.4901
14,503.00,122.00,589.67,318.67,0.2639
14,210.00,135.00,296.67,331.67,0.1117
14,410.00,122.00,496.67,318.67,0.1070
15,237.00,108.00,323.67,304.67,0.9851
15,380.00,82.00,484.00,318.00,0.9806
15,462.00,104.00,556.54,318.55,0.7736
15,174.00,97.00,226.00,215.00,0.5595
15,-4.00,98.00,100.00,334.00,0.5298
15,530.00,82.00,616.67,278.67,0.4820
15,491.00,118.00,585.54,332.55,0.1814
15,348.00,66.00,452.00,302.00,0.0365
15,185.00,170.00,221.77,253.44,0.0362
16,380.00,82.00,484.00,318.00,1.1228
16,476.00,82.00,580.00,318.00,0.8407
16,237.00,108.00,323.67,304.67,0.8299
16,174.00,97.00,226.00,215.00,0.5434
16,530.00,82.00,616.67,278.67,0.4780
16,11.00,104.00,105.55,318.55,0.4320
16,444.00,98.00,548.00,334.00,0.4280
16,591.00,109.00,634.85,208.51,0.1956
17,380.00,82.00,484.00,318.00,1.0148
17,476.00,82.00,580.00,318.00,0.7539
17,244.00,89.00,338.55,303.55,0.7201
17,165.00,85.00,233.04,239.40,0.5406
17,538.00,75.00,618.00,256.54,0.4739
17,-20.00,98.00,84.00,334.00,0.4659
17,444.00,98.00,548.00,334.00,0.2366
17,591.00,109.00,634.85,208.51,0.0826
18,380.00,82.00,484.00,318.00,1.0653
18,244.00,89.00,338.55,303.55,0.7621
18,476.00,82.00,580.00,318.00,0.7004
18,165.00,85.00,233.04,239.40,0.5568
18,-20.00,98.00,84.00,334.00,0.4561
18,538.00,88.00,618.00,269.54,0.4314
18,433.00,104.00,527.54,318.55,0.2652
18,585.00,106.00,641.88,235.07,0.1770
19,380.00,82.00,484.00,318.00,1.0684
19,492.00,82.00,596.00,318.00,0.8048
19,250.00,108.00,336.67,304.67,0.7398
19,165.00,85.00,233.04,239.40,0.4898
19,-18.00,104.00,76.55,318.55,0.3520
19,433.00,104.00,527.54,318.55,0.3252
19,585.00,106.00,641.88,235.07,0.2270
20,380.00,82.00,484.00,318.00,1.0365
20,492.00,82.00,596.00,318.00,0.8864
20,244.00,104.00,338.55,318.55,0.7923
20,174.00,97.00,226.00,215.00,0.5056
20,-17.00,122.00,69.67,318.67,0.2746
20,412.00,98.00,516.00,334.00,0.2429
20,585.00,106.00,641.88,235.07,0.2121
20,177.00,161.00,217.00,251.77,0.0672
20,366.00,186.00,446.00,367.54,0.0373
21,396.00,82.00,500.00,318.00,1.0262
21,492.00,82.00,596.00,318.00,0.9196
21,260.00,104.00,334.29,272.57,0.7383
21,174.00,97.00,226.00,215.00,0.4924
21,283.00,127.00,357.29,295.57,0.4291
21,-17.00,122.00,69.67,318.67,0.2131
21,428.00,98.00,532.00,334.00,0.1489
22,396.00,82.00,500.00,318.00,1.1109
22,492.00,82.00,596.00,318.00,1.0734
22,258.00,89.00,352.55,303.55,0.8178
22,165.00,85.00,233.04,239.40,0.4900
22,576.00,106.00,632.88,235.07,0.2093
22,-9.00,171.00,38.89,279.68,0.1031
23,492.00,82.00,596.00,318.00,1.0591
23,396.00,82.00,500.00,318.00,0.9729
23,258.00,89.00,352.55,303.55,0.7686
23,165.00,85.00,233.04,239.40,0.5031
23,428.00,98.00,532.00,334.00,0.2872
23,574.00,113.00,626.00,231.00,0.2298
23,608.00,114.00,636.33,178.28,0.0282
24,412.00,82.00,516.00,318.00,1.1303
24,505.00,89.00,599.54,303.55,0.9510
24,263.00,108.00,349.67,304.67,0.7323
24,165.00,85.00,233.04,239.40,0.4694
24,535.00,104.00,629.54,318.55,0.2890
24,290.00,95.00,376.67,291.67,0.2057
24,11.00,265.00,37.00,324.00,0.0694
25,412.00,82.00,516.00,318.00,1.1753
25,505.00,89.00,599.54,303.55,1.0904
25,273.00,89.00,367.55,303.55,0.6880
25,165.00,85.00,233.04,239.40,0.4846
25,582.00,121.00,634.00,239.00,0.3168
25,325.00,98.00,450.53,382.85,0.1243
26,412.00,82.00,516.00,318.00,1.1951
26,505.00,89.00,599.54,303.55,0.9692
26,273.00,89.00,367.55,303.55,0.6953
26,165.00,85.00,233.04,239.40,0.4562
26,535.00,104.00,629.54,318.55,0.2500
27,412.00,82.00,516.00,318.00,1.1810
27,508.00,82.00,612.00,318.00,1.0510
27,277.00,108.00,363.67,304.67,0.7853
27,165.00,85.00,233.04,239.40,0.4096
27,325.00,98.00,450.53,382.85,0.1158
27,607.00,121.00,633.00,180.00,0.0683
28,412.00,82.00,516.00,318.00,1.0325
28,508.00,82.00,612.00,318.00,0.9963
28,287.00,89.00,381.55,303.55,0.8682
28,165.00,85.00,233.04,239.40,0.3433
28,463.00,71.00,575.01,325.17,0.2012
28,258.00,104.00,352.55,318.55,0.1085
29,412.00,82.00,516.00,318.00,1.1275
29,508.00,82.00,612.00,318.00,0.8707
29,290.00,108.00,376.67,304.67,0.8663
29,165.00,85.00,233.04,239.40,0.3887
29,477.00,95.00,563.67,291.67,0.1400
30,412.00,82.00,516.00,318.00,1.0338
30,287.00,89.00,381.55,303.55,0.7747
30,508.00,82.00,612.00,318.00,0.7490
30,444.00,66.00,548.00,302.00,0.4644
30,165.00,95.00,233.04,249.40,0.4266
31,433.00,89.00,527.54,303.55,1.0430
31,306.00,104.00,380.29,272.57,0.7328
31,508.00,82.00,612.00,318.00,0.6705
31,165.00,95.00,233.04,249.40,0.4004
31,404.00,104.00,498.55,318.55,0.3016
31,599.00,185.00,625.00,244.00,0.2564
32,433.00,89.00,527.54,303.55,0.9812
32,303.00,108.00,389.67,304.67,0.9485
32,524.00,82.00,628.00,318.00,0.7314
32,157.00,75.00,237.00,256.54,0.3753
32,476.00,89.00,570.54,303.55,0.1715
33,303.00,108.00,389.67,304.67,0.9907
33,428.00,82.00,532.00,318.00,0.9515
33,524.00,82.00,628.00,318.00,0.7981
33,165.00,85.00,233.04,239.40,0.3768
33,460.00,66.00,564.00,302.00,0.2081
34,428.00,82.00,532.00,318.00,1.0776
34,317.00,127.00,391.29,295.57,0.9024
34,524.00,82.00,628.00,318.00,0.8432
34,165.00,95.00,233.04,249.40,0.4102
34,460.00,66.00,564.00,302.00,0.2922
34,300.00,193.00,347.89,301.68,0.1075
35,444.00,82.00,548.00,318.00,1.1650
35,317.00,112.00,397.00,293.54,1.0308
35,535.00,89.00,629.54,303.55,0.7994
35,165.00,95.00,233.04,249.40,0.4179
35,412.00,66.00,516.00,302.00,0.2425
36,447.00,89.00,541.54,303.55,1.1906
36,317.00,108.00,403.67,304.67,0.9638
36,535.00,89.00,629.54,303.55,0.6889
36,418.00,104.00,512.54,318.55,0.4252
36,165.00,95.00,233.04,249.40,0.3576
36,476.00,104.00,570.54,318.55,0.2091
37,447.00,89.00,541.54,303.55,1.2211
37,317.00,108.00,403.67,304.67,0.9618
37,535.00,89.00,629.54,303.55,0.6470
37,174.00,97.00,226.00,215.00,0.3866
37,305.00,186.00,385.00,367.54,0.1784
37,343.00,122.00,429.67,318.67,0.1783
37,182.00,149.00,229.89,257.68,0.1335
37,564.00,104.00,658.54,318.55,0.0755
38,447.00,89.00,541.54,303.55,1.1259
38,329.00,112.00,409.00,293.54,0.8927
38,535.00,89.00,629.54,303.55,0.6787
38,157.00,75.00,237.00,256.54,0.3685
38,476.00,104.00,570.54,318.55,0.1846
39,447.00,89.00,541.54,303.55,1.0231
39,329.00,100.00,409.00,281.54,0.8748
39,540.00,82.00,644.00,318.00,0.5774
39,157.00,75.00,237.00,256.54,0.3539
39,476.00,104.00,570.54,318.55,0.1407
39,418.00,104.00,512.54,318.55,0.0649
40,447.00,89.00,541.54,303.55,1.0084
40,330.00,95.00,416.67,291.67,0.9340
40,549.00,89.00,643.54,303.55,0.6573
40,157.00,75.00,237.00,256.54,0.3487
40,418.00,104.00,512.54,318.55,0.1731
40,476.00,104.00,570.54,318.55,0.1617
41,342.00,100.00,422.00,281.54,0.9527
41,462.00,89.00,556.54,303.55,0.9145
41,549.00,89.00,643.54,303.55,0.5801
41,433.00,104.00,527.54,318.55,0.4786
41,157.00,75.00,237.00,256.54,0.3235
41,366.00,112.00,446.00,293.54,0.1414
41,317.00,112.00,397.00,293.54,0.1196
42,343.00,95.00,429.67,291.67,0.9633
42,466.00,93.00,540.29,261.57,0.7499
42,549.00,89.00,643.54,303.55,0.7025
42,157.00,75.00,237.00,256.54,0.3785
42,443.00,171.00,471.33,235.28,0.2693
42,477.00,139.00,551.29,307.57,0.1357
42,436.00,109.00,479.85,208.51,0.0970
42,520.00,104.00,614.54,318.55,0.0765
43,343.00,95.00,429.67,291.67,0.9066
43,463.00,95.00,549.67,291.67,0.8802
43,540.00,82.00,644.00,318.00,0.6462
43,443.00,177.00,469.00,236.00,0.4363
43,174.00,97.00,226.00,215.00,0.3297
43,182.00,149.00,229.89,257.68,0.1656
43,490.00,108.00,576.67,304.67,0.1554
44,462.00,89.00,556.54,303.55,1.0183
44,343.00,95.00,429.67,291.67,0.7875
44,549.00,89.00,643.54,303.55,0.6154
44,433.00,75.00,527.54,289.55,0.4172
44,157.00,75.00,237.00,256.54,0.3677
44,517.00,108.00,603.67,304.67,0.2786
44,370.00,108.00,456.67,304.67,0.0855
45,462.00,89.00,556.54,303.55,1.0470
45,343.00,95.00,429.67,291.67,0.8226
45,557.00,108.00,643.67,304.67,0.6266
45,491.00,104.00,585.54,318.55,0.4112
45,433.00,75.00,527.54,289.55,0.4031
45,157.00,75.00,237.00,256.54,0.3173
45,378.00,112.00,458.00,293.54,0.2274
46,462.00,89.00,556.54,303.55,0.9715
46,357.00,95.00,443.67,291.67,0.8908
46,557.00,108.00,643.67,304.67,0.4983
46,440.00,167.00,470.85,237.00,0.4840
46,157.00,75.00,237.00,256.54,0.3632
46,503.00,108.00,589.67,304.67,0.3620
47,357.00,95.00,443.67,291.67,0.9540
47,476.00,89.00,570.54,303.55,0.8492
47,564.00,104.00,658.54,318.55,0.4497
47,428.00,66.00,532.00,302.00,0.4387
47,157.00,75.00,237.00,256.54,0.3683
47,383.00,108.00,469.67,304.67,0.2366
47,530.00,108.00,616.67,304.67,0.2237
47,345.00,162.00,439.55,376.55,0.1515
48,370.00,95.00,456.67,291.67,0.9450
48,476.00,89.00,570.54,303.55,0.9323
48,433.00,89.00,527.54,303.55,0.5229
48,556.00,82.00,660.00,318.00,0.3787
48,505.00,104.00,599.54,318.55,0.3438
48,343.00,108.00,429.67,304.67,0.3269
48,157.00,75.00,237.00,256.54,0.2991
49,370.00,95.00,456.67,291.67,1.0135
49,476.00,89.00,570.54,303.55,1.0024
49,433.00,89.00,527.54,303.55,0.4913
49,174.00,97.00,226.00,215.00,0.3462
49,505.00,104.00,599.54,318.55,0.2976
49,570.00,108.00,656.67,304.67,0.2010
49,171.00,189.00,197.00,248.00,0.1831
49,357.00,175.00,443.67,371.67,0.1722
49,191.00,189.00,217.00,248.00,0.1431
50,476.00,89.00,570.54,303.55,1.1033
50,370.00,95.00,456.67,291.67,0.9937
50,428.00,100.00,508.00,281.54,0.5898
50,505.00,104.00,599.54,318.55,0.3945
50,165.00,85.00,233.04,239.40,0.3120
50,564.00,89.00,658.54,303.55,0.2509
50,357.00,175.00,443.67,371.67,0.1841
51,491.00,89.00,585.54,303.55,1.1074
51,383.00,95.00,469.67,291.67,0.9436
51,428.00,100.00,508.00,281.54,0.8359
51,535.00,89.00,629.54,303.55,0.3098
51,174.00,97.00,226.00,215.00,0.2890
51,462.00,104.00,556.54,318.55,0.2683
51,191.00,193.00,217.00,252.00,0.0946
51,360.00,162.00,454.55,376.55,0.0625
52,491.00,89.00,585.54,303.55,1.1534
52,383.00,95.00,469.67,291.67,0.9580
52,431.00,93.00,505.29,261.57,0.8331
52,157.00,75.00,237.00,256.54,0.2936
52,564.00,89.00,658.54,303.55,0.2487
52,462.00,104.00,556.54,318.55,0.1970
52,520.00,75.00,614.54,289.55,0.0634
53,505.00,89.00,599.54,303.55,1.0113
53,383.00,95.00,469.67,291.67,0.9214
53,410.00,82.00,496.67,278.67,0.7108
53,437.00,95.00,523.67,291.67,0.4008
53,476.00,104.00,570.54,318.55,0.3656
53,174.00,97.00,226.00,215.00,0.3350
53,187.00,156.00,230.85,255.51,0.1355
53,564.00,89.00,658.54,303.55,0.1164
54,505.00,89.00,599.54,303.55,1.0170
54,383.00,95.00,469.67,291.67,0.9585
54,410.00,82.00,496.67,278.67,0.6296
54,437.00,95.00,523.67,291.67,0.3451
54,174.00,97.00,226.00,215.00,0.2840
54,185.00,164.00,221.77,247.44,0.0979
55,505.00,89.00,599.54,303.55,1.1010
55,397.00,95.00,483.67,291.67,0.9376
55,157.00,75.00,237.00,256.54,0.3285
55,440.00,100.00,520.00,281.54,0.1595
56,505.00,89.00,599.54,303.55,1.0594
56,397.00,95.00,483.67,291.67,0.9819
56,157.00,75.00,237.00,256.54,0.3599
56,423.00,108.00,509.67,304.67,0.2601
57,505.00,75.00,599.54,289.55,1.0689
57,397.00,95.00,483.67,291.67,1.0225
57,157.00,75.00,237.00,256.54,0.3463
57,535.00,89.00,629.54,303.55,0.2947
57,423.00,108.00,509.67,304.67,0.1292
58,397.00,95.00,483.67,291.67,1.1193
58,505.00,89.00,599.54,303.55,1.0456
58,157.00,75.00,237.00,256.54,0.3250
58,423.00,82.00,509.67,278.67,0.2782
58,583.00,99.00,623.00,189.77,0.1318
59,517.00,95.00,603.67,291.67,1.0873
59,397.00,95.00,483.67,291.67,1.0773
59,157.00,75.00,237.00,256.54,0.3404
59,423.00,82.00,509.67,278.67,0.2681
59,549.00,89.00,643.54,303.55,0.1960
60,397.00,95.00,483.67,291.67,1.2237
60,520.00,89.00,614.54,303.55,1.0507
60,423.00,108.00,509.67,304.67,0.4568
60,174.00,97.00,226.00,215.00,0.3976
60,191.00,189.00,217.00,248.00,0.1274
61,409.00,104.00,483.29,272.57,1.1250
61,520.00,89.00,614.54,303.55,0.9291
61,431.00,116.00,505.29,284.57,0.5512
61,157.00,75.00,237.00,256.54,0.3453
61,386.00,127.00,454.04,281.40,0.2002
62,420.00,116.00,494.29,284.57,1.0134
62,530.00,95.00,616.67,291.67,0.9344
62,157.00,75.00,237.00,256.54,0.3806
62,398.00,179.00,438.00,269.77,0.3326
63,420.00,116.00,494.29,284.57,0.9449
63,530.00,95.00,616.67,291.67,0.8552
63,391.00,88.00,471.00,269.54,0.4688
63,157.00,75.00,237.00,256.54,0.4399
63,443.00,127.00,517.29,295.57,0.1503
64,530.00,95.00,616.67,291.67,0.9670
64,428.00,100.00,508.00,281.54,0.8714
64,391.00,88.00,471.00,269.54,0.6425
64,157.00,75.00,237.00,256.54,0.4525
64,557.00,108.00,643.67,304.67,0.2847
65,428.00,100.00,508.00,281.54,0.9947
65,530.00,95.00,616.67,291.67,0.9053
65,383.00,82.00,469.67,278.67,0.6426
65,157.00,75.00,237.00,256.54,0.4598
66,428.00,100.00,508.00,281.54,1.0072
66,530.00,95.00,616.67,291.67,0.8875
66,383.00,82.00,469.67,278.67,0.6842
66,557.00,108.00,643.67,304.67,0.5053
66,157.00,75.00,237.00,256.54,0.4239
67,428.00,100.00,508.00,281.54,0.9354
67,535.00,89.00,629.54,303.55,0.8750
67,378.00,88.00,458.00,269.54,0.8346
67,157.00,75.00,237.00,256.54,0.3966
67,452.00,75.00,532.00,256.54,0.0841
68,428.00,100.00,508.00,281.54,1.0318
68,378.00,88.00,458.00,269.54,0.9519
68,543.00,95.00,629.67,291.67,0.8369
68,165.00,95.00,233.04,249.40,0.4126
68,452.00,88.00,532.00,269.54,0.2540
69,437.00,82.00,523.67,278.67,0.9474
69,378.00,88.00,458.00,269.54,0.7872
69,557.00,95.00,643.67,291.67,0.7794
69,165.00,95.00,233.04,249.40,0.4694
69,410.00,95.00,496.67,291.67,0.2567
69,530.00,68.00,616.67,264.67,0.1010
70,437.00,82.00,523.67,278.67,0.9424
70,378.00,88.00,458.00,269.54,0.7266
70,549.00,75.00,643.54,289.55,0.5637
70,165.00,95.00,233.04,249.40,0.4609
71,437.00,82.00,523.67,278.67,0.9525
71,374.00,93.00,448.29,261.57,0.7672
71,557.00,82.00,643.67,278.67,0.6831
71,165.00,95.00,233.04,249.40,0.4946
71,463.00,95.00,549.67,291.67,0.1363
71,530.00,68.00,616.67,264.67,0.1277
72,452.00,100.00,532.00,281.54,0.8700
72,374.00,93.00,448.29,261.57,0.7585
72,557.00,95.00,643.67,291.67,0.7476
72,169.00,81.00,243.29,249.57,0.5433
72,530.00,82.00,616.67,278.67,0.2805
73,452.00,100.00,532.00,281.54,0.8888
73,374.00,93.00,448.29,261.57,0.7558
73,557.00,82.00,643.67,278.67,0.6094
73,157.00,75.00,237.00,256.54,0.4564
74,454.00,104.00,528.29,272.57,1.0124
74,366.00,88.00,446.00,269.54,0.7376
74,549.00,75.00,643.54,289.55,0.6331
74,169.00,81.00,243.29,249.57,0.5498
75,452.00,100.00,532.00,281.54,0.9858
75,366.00,88.00,446.00,269.54,0.7661
75,557.00,95.00,643.67,291.67,0.6193
75,165.00,95.00,233.04,249.40,0.5625
75,530.00,82.00,616.67,278.67,0.0124
76,466.00,104.00,540.29,272.57,0.8994
76,366.00,88.00,446.00,269.54,0.8864
76,570.00,95.00,656.67,291.67,0.6028
76,165.00,95.00,233.04,249.40,0.5738
76,543.00,82.00,629.67,278.67,0.2884
76,443.00,116.00,517.29,284.57,0.2553
77,466.00,104.00,540.29,272.57,1.0014
77,366.00,88.00,446.00,269.54,0.8756
77,169.00,81.00,243.29,249.57,0.6121
77,563.00,100.00,643.00,281.54,0.6007
77,517.00,95.00,603.67,291.67,0.1857
77,446.00,169.00,498.00,287.00,0.0992
78,466.00,104.00,540.29,272.57,1.1108
78,363.00,93.00,437.29,261.57,0.8862
78,557.00,95.00,643.67,291.67,0.6195
78,165.00,95.00,233.04,249.40,0.5973
78,530.00,82.00,616.67,278.67,0.2855
78,443.00,116.00,517.29,284.57,0.0910
79,466.00,104.00,540.29,272.57,0.9705
79,363.00,93.00,437.29,261.57,0.9291
79,557.00,95.00,643.67,291.67,0.7832
79,165.00,95.00,233.04,249.40,0.6368
79,530.00,82.00,616.67,278.67,0.4607
80,463.00,82.00,549.67,278.67,0.8993
80,351.00,93.00,425.29,261.57,0.8574
80,557.00,95.00,643.67,291.67,0.6499
80,165.00,95.00,233.04,249.40,0.6242
80,530.00,82.00,616.67,278.67,0.3834
80,374.00,104.00,448.29,272.57,0.2769
81,351.00,93.00,425.29,261.57,0.8581
81,480.00,95.00,548.04,249.40,0.7187
81,165.00,95.00,233.04,249.40,0.6081
81,557.00,104.00,631.29,272.57,0.5563
81,534.00,93.00,608.29,261.57,0.2486
81,374.00,104.00,448.29,272.57,0.2090
81,470.00,137.00,538.04,291.40,0.2080
82,351.00,93.00,425.29,261.57,0.9464
82,477.00,100.00,557.00,281.54,0.9204
82,176.00,95.00,244.04,249.40,0.6953
82,551.00,100.00,631.00,281.54,0.6688
82,378.00,100.00,458.00,281.54,0.1529
83,477.00,100.00,557.00,281.54,1.0525
83,354.00,88.00,434.00,269.54,0.8090
83,176.00,95.00,244.04,249.40,0.6684
83,538.00,88.00,618.00,269.54,0.6555
83,563.00,112.00,643.00,293.54,0.2511
83,378.00,100.00,458.00,281.54,0.0313
84,489.00,93.00,563.29,261.57,0.9753
84,354.00,88.00,434.00,269.54,0.8915
84,169.00,81.00,243.29,249.57,0.7238
84,538.00,100.00,618.00,281.54,0.6364
84,470.00,127.00,538.04,281.40,0.2476
84,597.00,212.00,630.55,288.13,0.1964
85,489.00,104.00,563.29,272.57,0.8949
85,354.00,88.00,434.00,269.54,0.7904
85,538.00,100.00,618.00,281.54,0.7414
85,169.00,81.00,243.29,249.57,0.7346
85,597.00,207.00,630.55,283.13,0.2793
85,514.00,88.00,594.00,269.54,0.2470
86,489.00,100.00,569.00,281.54,0.8291
86,344.00,95.00,412.04,249.40,0.8153
86,169.00,81.00,243.29,249.57,0.7521
86,534.00,104.00,608.29,272.57,0.7500
86,384.00,106.00,440.88,235.07,0.3924
86,592.00,202.00,625.55,278.13,0.1520
87,500.00,104.00,574.29,272.57,0.8750
87,344.00,95.00,412.04,249.40,0.8616
87,176.00,95.00,244.04,249.40,0.7659
87,534.00,104.00,608.29,272.57,0.7290
87,384.00,106.00,440.88,235.07,0.4139
87,563.00,100.00,643.00,281.54,0.1327
88,500.00,104.00,574.29,272.57,0.9751
88,340.00,93.00,414.29,261.57,0.9167
88,169.00,81.00,243.29,249.57,0.7000
88,534.00,104.00,608.29,272.57,0.6269
88,384.00,106.00,440.88,235.07,0.4313
89,503.00,82.00,589.67,278.67,0.9776
89,340.00,93.00,414.29,261.57,0.8767
89,169.00,81.00,243.29,249.57,0.7418
89,530.00,95.00,616.67,291.67,0.4097
89,384.00,106.00,440.88,235.07,0.3573
90,514.00,100.00,594.00,281.54,0.9236
90,340.00,93.00,414.29,261.57,0.8792
90,169.00,81.00,243.29,249.57,0.7155
90,384.00,106.00,440.88,235.07,0.4424
90,538.00,112.00,618.00,293.54,0.2150
91,511.00,104.00,585.29,272.57,1.0031
91,329.00,88.00,409.00,269.54,0.8474
91,176.00,95.00,244.04,249.40,0.7268
91,538.00,100.00,618.00,281.54,0.4348
91,384.00,106.00,440.88,235.07,0.3111
92,514.00,88.00,594.00,269.54,0.9722
92,329.00,88.00,409.00,269.54,0.8206
92,176.00,85.00,244.04,239.40,0.7330
92,538.00,100.00,618.00,281.54,0.4027
92,384.00,106.00,440.88,235.07,0.2741
93,523.00,104.00,597.29,272.57,1.0371
93,329.00,88.00,409.00,269.54,0.8908
93,176.00,85.00,244.04,239.40,0.7709
93,399.00,181.00,425.00,240.00,0.3621
94,514.00,88.00,594.00,269.54,0.9870
94,329.00,88.00,409.00,269.54,0.9598
94,176.00,85.00,244.04,239.40,0.7108
94,399.00,181.00,425.00,240.00,0.3977
94,538.00,100.00,618.00,281.54,0.2449
95,517.00,82.00,603.67,278.67,0.9902
95,329.00,88.00,409.00,269.54,0.9111
95,179.00,97.00,241.22,238.19,0.7650
95,384.00,106.00,440.88,235.07,0.4389
96,514.00,88.00,594.00,269.54,0.9942
96,176.00,85.00,244.04,239.40,0.7983
96,317.00,93.00,391.29,261.57,0.7922
96,384.00,106.00,440.88,235.07,0.4049
96,538.00,100.00,618.00,281.54,0.3336
96,340.00,104.00,414.29,272.57,0.3283
96,489.00,100.00,569.00,281.54,0.1129
97,514.00,88.00,594.00,269.54,0.9293
97,176.00,85.00,244.04,239.40,0.8014
97,317.00,93.00,391.29,261.57,0.7288
97,538.00,100.00,618.00,281.54,0.4449
97,375.00,106.00,443.04,260.40,0.3251
97,489.00,100.00,569.00,281.54,0.2892
97,351.00,116.00,413.22,257.19,0.0747
98,317.00,93.00,391.29,261.57,0.8285
98,176.00,85.00,244.04,239.40,0.7913
98,530.00,82.00,616.67,278.67,0.7011
98,500.00,104.00,574.29,272.57,0.5950
98,384.00,115.00,440.88,244.07,0.3075
98,369.00,156.00,412.85,255.51,0.1225
99,179.00,97.00,241.22,238.19,0.7561
99,530.00,82.00,616.67,278.67,0.7227
99,317.00,88.00,397.00,269.54,0.6993
99,501.00,116.00,569.04,270.40,0.5903
99,380.00,107.00,442.22,248.19,0.3760
100,179.00,97.00,241.22,238.19,0.7391
100,538.00,100.00,618.00,281.54,0.6591
100,506.00,163.00,553.89,271.68,0.6330
100,317.00,93.00,391.29,261.57,0.5836
100,382.00,113.00,434.00,231.00,0.3682
100,520.00,171.00,567.89,279.68,0.0035
101,538.00,100.00,618.00,281.54,0.7139
101,176.00,85.00,244.04,239.40,0.7130
101,317.00,93.00,391.29,261.57,0.6391
101,504.00,170.00,547.85,269.51,0.5113
101,382.00,113.00,434.00,231.00,0.4853
101,197.00,95.00,265.04,249.40,0.1338
101,520.00,163.00,567.89,271.68,0.0999
102,546.00,104.00,620.29,272.57,0.8395
102,179.00,97.00,241.22,238.19,0.7785
102,312.00,95.00,380.04,249.40,0.6888
102,498.00,156.00,545.89,264.68,0.6116
102,382.00,113.00,434.00,231.00,0.4332
102,513.00,163.00,560.89,271.68,0.1338
102,569.00,93.00,643.29,261.57,0.0889
102,198.00,107.00,260.22,248.19,0.0771
103,179.00,97.00,241.22,238.19,0.7534
103,306.00,93.00,380.29,261.57,0.7496
103,498.00,156.00,545.89,264.68,0.6737
103,551.00,88.00,631.00,269.54,0.5962
103,391.00,181.00,417.00,240.00,0.4235
103,513.00,116.00,575.22,257.19,0.2284
103,399.00,185.00,425.00,244.00,0.0854
104,176.00,85.00,244.04,239.40,0.7756
104,306.00,93.00,380.29,261.57,0.7605
104,563.00,88.00,643.00,269.54,0.6837
104,486.00,145.00,538.00,263.00,0.5108
104,538.00,100.00,618.00,281.54,0.4925
104,382.00,113.00,434.00,231.00,0.4060
104,514.00,88.00,594.00,269.54,0.3065
105,179.00,97.00,241.22,238.19,0.7553
105,557.00,93.00,631.29,261.57,0.7431
105,306.00,93.00,380.29,261.57,0.7088
105,480.00,116.00,548.04,270.40,0.5208
105,395.00,175.00,423.33,239.28,0.4929
105,511.00,116.00,579.04,270.40,0.2924
105,386.00,179.00,414.33,243.28,0.0446
106,569.00,93.00,643.29,261.57,0.8220
106,176.00,95.00,244.04,249.40,0.7246
106,306.00,93.00,380.29,261.57,0.6876
106,391.00,175.00,419.33,239.28,0.5284
106,480.00,116.00,548.04,270.40,0.5101
106,501.00,106.00,569.04,260.40,0.3710
106,403.00,181.00,429.00,240.00,0.3143
106,546.00,104.00,620.29,272.57,0.3067
106,462.00,156.00,509.89,264.68,0.2520
106,371.00,181.00,397.00,240.00,0.0249
107,569.00,93.00,643.29,261.57,0.8005
107,179.00,97.00,241.22,238.19,0.7340
107,306.00,93.00,380.29,261.57,0.6048
107,392.00,172.00,422.85,242.00,0.5365
107,480.00,116.00,548.04,270.40,0.4858
107,501.00,106.00,569.04,260.40,0.3977
107,463.00,163.00,506.85,262.51,0.2842
107,546.00,104.00,620.29,272.57,0.1242
107,369.00,175.00,397.33,239.28,0.0717
108,176.00,85.00,244.04,239.40,0.7536
108,574.00,106.00,642.04,260.40,0.6833
108,501.00,106.00,569.04,260.40,0.5490
108,302.00,106.00,370.04,260.40,0.5153
108,391.00,185.00,417.00,244.00,0.4442
108,399.00,175.00,427.33,239.28,0.3573
108,470.00,116.00,538.04,270.40,0.3343
109,179.00,97.00,241.22,238.19,0.8728
109,574.00,106.00,642.04,260.40,0.6201
109,302.00,106.00,370.04,260.40,0.4974
109,526.00,129.00,578.00,247.00,0.4772
109,395.00,179.00,423.33,243.28,0.4265
109,470.00,116.00,538.04,270.40,0.3516
109,490.00,106.00,558.04,260.40,0.2672
109,370.00,176.00,403.55,252.13,0.1905
109,407.00,185.00,433.00,244.00,0.1827
109,386.00,175.00,414.33,239.28,0.0511
110,176.00,95.00,244.04,249.40,0.8121
110,580.00,93.00,654.29,261.57,0.7426
110,501.00,106.00,569.04,260.40,0.4890
110,305.00,106.00,361.88,235.07,0.4887
110,384.00,115.00,440.88,244.07,0.3960
110,470.00,116.00,538.04,270.40,0.3957
110,370.00,176.00,403.55,252.13,0.2452
111,176.00,95.00,244.04,249.40,0.7443
111,501.00,106.00,569.04,260.40,0.6691
111,580.00,93.00,654.29,261.57,0.6571
111,384.00,115.00,440.88,244.07,0.4773
111,459.00,116.00,527.04,270.40,0.4501
111,310.00,113.00,362.00,231.00,0.4142
111,370.00,176.00,403.55,252.13,0.2642
112,176.00,95.00,244.04,249.40,0.7666
112,504.00,116.00,566.22,257.19,0.6484
112,580.00,93.00,654.29,261.57,0.6473
112,384.00,115.00,440.88,244.07,0.4950
112,459.00,116.00,527.04,270.40,0.4923
112,303.00,107.00,365.22,248.19,0.4698
112,370.00,176.00,403.55,252.13,0.2831
113,176.00,95.00,244.04,249.40,0.8402
113,580.00,93.00,654.29,261.57,0.6658
113,501.00,106.00,569.04,260.40,0.5429
113,384.00,115.00,440.88,244.07,0.5401
113,303.00,107.00,365.22,248.19,0.4576
113,454.00,132.00,510.88,261.07,0.4180
113,370.00,176.00,403.55,252.13,0.2621
114,180.00,81.00,254.29,249.57,0.8389
114,504.00,116.00,566.22,257.19,0.5898
114,449.00,116.00,517.04,270.40,0.5878
114,384.00,115.00,440.88,244.07,0.5402
114,303.00,107.00,365.22,248.19,0.5157
114,575.00,88.00,655.00,269.54,0.4539
114,373.00,176.00,403.85,246.00,0.2279
115,180.00,81.00,254.29,249.57,0.8194
115,294.00,107.00,356.22,248.19,0.5632
115,380.00,107.00,442.22,248.19,0.5200
115,447.00,126.00,509.22,267.19,0.4739
115,504.00,116.00,566.22,257.19,0.4267
115,590.00,97.00,652.22,238.19,0.3900
116,180.00,81.00,254.29,249.57,0.8473
116,445.00,132.00,501.88,261.07,0.6395
116,294.00,107.00,356.22,248.19,0.6146
116,384.00,115.00,440.88,244.07,0.6070
116,504.00,107.00,566.22,248.19,0.4562
116,373.00,181.00,403.85,251.00,0.2551
116,590.00,97.00,652.22,238.19,0.1176
117,176.00,85.00,244.04,239.40,0.7952
117,384.00,115.00,440.88,244.07,0.6490
117,294.00,107.00,356.22,248.19,0.6241
117,437.00,116.00,499.22,257.19,0.5827
117,494.00,116.00,556.22,257.19,0.4515
117,197.00,95.00,265.04,249.40,0.3205
117,513.00,107.00,575.22,248.19,0.1561
117,373.00,181.00,403.85,251.00,0.1206
117,462.00,153.00,514.00,271.00,0.0301
117,580.00,93.00,654.29,261.57,0.0116
118,447.00,156.00,494.89,264.68,0.8100
118,180.00,81.00,254.29,249.57,0.8052
118,384.00,115.00,440.88,244.07,0.6463
118,294.00,107.00,356.22,248.19,0.6269
118,494.00,116.00,556.22,257.19,0.4370
118,594.00,106.00,650.88,235.07,0.0578
119,437.00,116.00,499.22,257.19,0.7752
119,180.00,81.00,254.29,249.57,0.7280
119,294.00,97.00,356.22,238.19,0.5819
119,411.00,185.00,437.00,244.00,0.5539
119,494.00,107.00,556.22,248.19,0.4448
119,378.00,179.00,406.33,243.28,0.3595
119,399.00,185.00,425.00,244.00,0.2282
120,176.00,85.00,244.04,239.40,0.7276
120,438.00,145.00,490.00,263.00,0.7053
120,291.00,95.00,359.04,249.40,0.6144
120,384.00,115.00,440.88,244.07,0.5391
120,494.00,107.00,556.22,248.19,0.4927
120,197.00,95.00,265.04,249.40,0.2828
121,438.00,145.00,490.00,263.00,0.7561
121,180.00,81.00,254.29,249.57,0.7040
121,294.00,97.00,356.22,238.19,0.6068
121,494.00,107.00,556.22,248.19,0.5340
121,384.00,123.00,440.88,252.07,0.4899
122,186.00,95.00,254.04,249.40,0.7459
122,294.00,97.00,356.22,238.19,0.6869
122,427.00,116.00,489.22,257.19,0.6766
122,494.00,107.00,556.22,248.19,0.5187
122,404.00,179.00,432.33,243.28,0.4938
122,382.00,179.00,410.33,243.28,0.1800
123,430.00,145.00,482.00,263.00,0.8548
123,180.00,81.00,254.29,249.57,0.6576
123,296.00,106.00,352.88,235.07,0.6348
123,389.00,116.00,451.22,257.19,0.3846
123,485.00,107.00,547.22,248.19,0.3326
124,427.00,132.00,483.88,261.07,0.8736
124,186.00,85.00,254.04,239.40,0.6715
124,296.00,106.00,352.88,235.07,0.6345
124,489.00,115.00,545.88,244.07,0.5337
124,396.00,106.00,464.04,260.40,0.5121
124,378.00,158.00,406.33,222.28,0.1862
125,418.00,116.00,480.22,257.19,0.8130
125,186.00,85.00,254.04,239.40,0.6699
125,489.00,115.00,545.88,244.07,0.5601
125,283.00,81.00,357.29,249.57,0.5396
125,386.00,106.00,454.04,260.40,0.3590
126,418.00,116.00,480.22,257.19,0.8031
126,189.00,97.00,251.22,238.19,0.7120
126,281.00,95.00,349.04,249.40,0.6747
126,486.00,129.00,538.00,247.00,0.4818
126,389.00,116.00,451.22,257.19,0.3667
126,378.00,153.00,408.85,223.00,0.1538
127,408.00,116.00,470.22,257.19,0.8133
127,281.00,95.00,349.04,249.40,0.7275
127,189.00,97.00,251.22,238.19,0.7184
127,486.00,129.00,538.00,247.00,0.5196
127,378.00,157.00,408.85,227.00,0.1939
127,519.00,197.00,545.00,256.00,0.0176
128,408.00,116.00,470.22,257.19,0.9029
128,189.00,97.00,251.22,238.19,0.6886
128,281.00,95.00,349.04,249.40,0.6688
128,486.00,129.00,538.00,247.00,0.4178
128,378.00,157.00,408.85,227.00,0.1924
129,396.00,106.00,464.04,260.40,0.8902
129,281.00,95.00,349.04,249.40,0.7599
129,186.00,85.00,254.04,239.40,0.6966
129,475.00,116.00,537.22,257.19,0.4711
129,417.00,116.00,485.04,270.40,0.3198
129,382.00,162.00,410.33,226.28,0.1969
130,399.00,116.00,461.22,257.19,0.9096
130,281.00,95.00,349.04,249.40,0.8877
130,186.00,85.00,254.04,239.40,0.7428
130,475.00,116.00,537.22,257.19,0.4922
130,418.00,126.00,480.22,267.19,0.1795
131,281.00,95.00,349.04,249.40,0.8056
131,399.00,116.00,461.22,257.19,0.7540
131,180.00,81.00,254.29,249.57,0.6989
131,478.00,129.00,530.00,247.00,0.4659
132,281.00,95.00,349.04,249.40,0.7874
132,189.00,97.00,251.22,238.19,0.7257
132,396.00,106.00,464.04,260.40,0.7133
132,471.00,123.00,527.88,252.07,0.4348
133,281.00,95.00,349.04,249.40,0.7682
133,189.00,97.00,251.22,238.19,0.6929
133,471.00,123.00,527.88,252.07,0.5357
133,396.00,106.00,464.04,260.40,0.5260
134,189.00,97.00,251.22,238.19,0.7755
134,281.00,95.00,349.04,249.40,0.7581
134,389.00,116.00,451.22,257.19,0.6669
134,466.00,116.00,528.22,257.19,0.5231
135,186.00,85.00,254.04,239.40,0.6724
135,281.00,95.00,349.04,249.40,0.6626
135,471.00,123.00,527.88,252.07,0.6586
135,389.00,116.00,451.22,257.19,0.6578
136,270.00,95.00,338.04,249.40,0.7886
136,389.00,107.00,451.22,248.19,0.7454
136,186.00,85.00,254.04,239.40,0.7255
136,466.00,116.00,528.22,257.19,0.5975
136,291.00,106.00,359.04,260.40,0.1027
137,386.00,106.00,454.04,260.40,0.8444
137,186.00,85.00,254.04,239.40,0.7443
137,270.00,95.00,338.04,249.40,0.7288
137,466.00,116.00,528.22,257.19,0.6067
137,291.00,106.00,359.04,260.40,0.1082
138,270.00,95.00,338.04,249.40,0.7995
138,386.00,106.00,454.04,260.40,0.7806
138,180.00,81.00,254.29,249.57,0.7422
138,459.00,106.00,527.04,260.40,0.6340
139,386.00,106.00,454.04,260.40,0.8097
139,176.00,85.00,244.04,239.40,0.7807
139,270.00,95.00,338.04,249.40,0.7706
139,470.00,137.00,522.00,255.00,0.5204
139,197.00,95.00,265.04,249.40,0.2810
139,-15.00,112.00,65.00,293.54,0.1456
139,462.00,97.00,514.00,215.00,0.0489
140,386.00,106.00,454.04,260.40,0.8483
140,260.00,95.00,328.04,249.40,0.7798
140,180.00,81.00,254.29,249.57,0.7015
140,456.00,107.00,518.22,248.19,0.4789
140,307.00,186.00,337.85,256.00,0.3070
140,-14.00,104.00,60.29,272.57,0.0713
140,369.00,156.00,412.85,255.51,0.0479
141,386.00,106.00,454.04,260.40,0.8439
141,260.00,95.00,328.04,249.40,0.7325
141,176.00,85.00,244.04,239.40,0.7094
141,456.00,107.00,518.22,248.19,0.4977
141,311.00,193.00,337.00,252.00,0.2413
141,197.00,95.00,265.04,249.40,0.2168
141,6.00,121.00,58.00,239.00,0.1489
141,432.00,176.00,465.55,252.13,0.0564
141,375.00,158.00,443.04,312.40,0.0249
142,386.00,106.00,454.04,260.40,0.8235
142,260.00,95.00,328.04,249.40,0.7012
142,176.00,85.00,244.04,239.40,0.6839
142,456.00,107.00,518.22,248.19,0.4539
142,197.00,95.00,265.04,249.40,0.1823
142,-15.00,100.00,65.00,281.54,0.0997
142,307.00,186.00,337.85,256.00,0.0877
142,365.00,127.00,433.04,281.40,0.0100
143,260.00,95.00,328.04,249.40,0.7226
143,386.00,106.00,454.04,260.40,0.6737
143,186.00,85.00,254.04,239.40,0.6497
143,456.00,107.00,518.22,248.19,0.4430
143,308.00,193.00,336.33,257.28,0.2382
143,-17.00,95.00,69.67,291.67,0.2326
143,365.00,116.00,433.04,270.40,0.2052
144,249.00,95.00,317.04,249.40,0.7155
144,179.00,97.00,241.22,238.19,0.6533
144,396.00,106.00,464.04,260.40,0.5977
144,370.00,116.00,432.22,257.19,0.4640
144,456.00,116.00,518.22,257.19,0.3867
144,307.00,197.00,333.00,256.00,0.2964
144,8.00,137.00,76.04,291.40,0.1647
145,249.00,95.00,317.04,249.40,0.7735
145,179.00,97.00,241.22,238.19,0.7034
145,399.00,116.00,461.22,257.19,0.6669
145,365.00,106.00,433.04,260.40,0.4538
145,449.00,106.00,517.04,260.40,0.3884
145,18.00,116.00,86.04,270.40,0.2059
145,303.00,197.00,329.00,256.00,0.1082
146,249.00,95.00,317.04,249.40,0.7347
146,399.00,116.00,461.22,257.19,0.7000
146,179.00,97.00,241.22,238.19,0.6566
146,361.00,116.00,423.22,257.19,0.4969
146,456.00,116.00,518.22,257.19,0.2930
146,20.00,116.00,94.29,284.57,0.2518
146,380.00,107.00,442.22,248.19,0.1601
146,357.00,202.00,413.88,331.07,0.1040
146,299.00,188.00,327.33,252.28,0.0395
147,249.00,95.00,317.04,249.40,0.7669
147,399.00,116.00,461.22,257.19,0.7449
147,176.00,95.00,244.04,249.40,0.6886
147,361.00,116.00,423.22,257.19,0.5649
147,449.00,106.00,517.04,260.40,0.3612
147,20.00,116.00,94.29,284.57,0.2452
147,357.00,202.00,413.88,331.07,0.1533
148,249.00,95.00,317.04,249.40,0.7884
148,176.00,95.00,244.04,249.40,0.7478
148,399.00,116.00,461.22,257.19,0.6887
148,361.00,116.00,423.22,257.19,0.5209
148,449.00,106.00,517.04,260.40,0.4205
148,20.00,127.00,94.29,295.57,0.1770
149,249.00,95.00,317.04,249.40,0.8147
149,179.00,97.00,241.22,238.19,0.7065
149,399.00,116.00,461.22,257.19,0.6040
149,361.00,116.00,423.22,257.19,0.5752
149,447.00,107.00,509.22,248.19,0.5043
149,34.00,100.00,114.00,281.54,0.1473
149,341.00,107.00,403.22,248.19,0.0931
150,249.00,95.00,317.04,249.40,0.7802
150,179.00,97.00,241.22,238.19,0.7187
150,399.00,116.00,461.22,257.19,0.6358
150,351.00,116.00,413.22,257.19,0.6220
150,454.00,105.00,506.00,223.00,0.4770
150,34.00,100.00,114.00,281.54,0.2774
150,467.00,197.00,493.00,256.00,0.0754
151,249.00,95.00,317.04,249.40,0.8242
151,176.00,85.00,244.04,239.40,0.7384
151,396.00,106.00,464.04,260.40,0.6104
151,351.00,116.00,413.22,257.19,0.6092
151,454.00,105.00,506.00,223.00,0.4174
151,43.00,116.00,117.29,284.57,0.3557
152,176.00,85.00,244.04,239.40,0.7712
152,249.00,95.00,317.04,249.40,0.7059
152,351.00,116.00,413.22,257.19,0.6920
152,399.00,116.00,461.22,257.19,0.5596
152,43.00,116.00,117.29,284.57,0.3948
152,445.00,106.00,501.88,235.07,0.3286
153,176.00,85.00,244.04,239.40,0.7760
153,351.00,116.00,413.22,257.19,0.6454
153,249.00,95.00,317.04,249.40,0.6003
153,399.00,107.00,461.22,248.19,0.4460
153,447.00,107.00,509.22,248.19,0.3452
153,43.00,116.00,117.29,284.57,0.3223
154,176.00,95.00,244.04,249.40,0.7231
154,249.00,95.00,317.04,249.40,0.7018
154,351.00,116.00,413.22,257.19,0.5157
154,438.00,106.00,506.04,260.40,0.4906
154,399.00,107.00,461.22,248.19,0.4313
154,81.00,207.00,114.55,283.13,0.1810
155,176.00,85.00,244.04,239.40,0.7813
155,249.00,95.00,317.04,249.40,0.6457
155,342.00,137.00,394.00,255.00,0.5120
155,438.00,106.00,506.04,260.40,0.4971
155,391.00,88.00,471.00,269.54,0.3481
155,54.00,116.00,128.29,284.57,0.3336
155,350.00,105.00,402.00,223.00,0.0660
156,176.00,85.00,244.04,239.40,0.7895
156,249.00,95.00,317.04,249.40,0.6241
156,437.00,116.00,499.22,257.19,0.5921
156,342.00,137.00,394.00,255.00,0.4980
156,389.00,116.00,451.22,257.19,0.3829
156,60.00,116.00,128.04,270.40,0.2474
157,179.00,97.00,241.22,238.19,0.6921
157,438.00,106.00,506.04,260.40,0.4786
157,342.00,137.00,394.00,255.00,0.4567
157,239.00,95.00,307.04,249.40,0.4317
157,413.00,188.00,441.33,252.28,0.4279
157,60.00,127.00,128.04,281.40,0.2754
157,425.00,186.00,455.85,256.00,0.1316
157,397.00,162.00,427.85,232.00,-0.0015
158,176.00,85.00,244.04,239.40,0.6820
158,342.00,137.00,394.00,255.00,0.5514
158,239.00,95.00,307.04,249.40,0.4974
158,437.00,116.00,499.22,257.19,0.4792
158,389.00,116.00,451.22,257.19,0.3812
158,66.00,116.00,140.29,284.57,0.2789
159,179.00,97.00,241.22,238.19,0.7147
159,249.00,95.00,317.04,249.40,0.6000
159,332.00,107.00,394.22,248.19,0.5673
159,437.00,116.00,499.22,257.19,0.4330
159,391.00,88.00,471.00,269.54,0.4111
159,77.00,116.00,151.29,284.57,0.1737
160,176.00,85.00,244.04,239.40,0.6941
160,340.00,123.00,396.88,252.07,0.6318
160,249.00,95.00,317.04,249.40,0.5760
160,437.00,116.00,499.22,257.19,0.5359
160,399.00,116.00,461.22,257.19,0.4570
160,77.00,116.00,151.29,284.57,0.1820
161,176.00,85.00,244.04,239.40,0.7164
161,332.00,116.00,394.22,257.19,0.6163
161,389.00,116.00,451.22,257.19,0.4901
161,437.00,116.00,499.22,257.19,0.4805
161,249.00,95.00,317.04,249.40,0.4671
161,127.00,205.00,157.85,275.00,0.4000
162,179.00,97.00,241.22,238.19,0.7061
162,332.00,116.00,394.22,257.19,0.6871
162,389.00,116.00,451.22,257.19,0.4893
162,437.00,116.00,499.22,257.19,0.4842
162,246.00,97.00,308.22,238.19,0.4583
162,77.00,116.00,151.29,284.57,0.1692
162,139.00,213.00,165.00,272.00,0.0932
163,180.00,81.00,254.29,249.57,0.7109
163,332.00,116.00,394.22,257.19,0.6880
163,436.00,132.00,492.88,261.07,0.6807
163,389.00,116.00,451.22,257.19,0.6371
163,249.00,85.00,317.04,239.40,0.4446
164,332.00,116.00,394.22,257.19,0.7555
164,179.00,97.00,241.22,238.19,0.6872
164,427.00,116.00,489.22,257.19,0.6195
164,389.00,116.00,451.22,257.19,0.5799
164,246.00,97.00,308.22,238.19,0.4529
165,331.00,123.00,387.88,252.07,0.7323
165,428.00,106.00,496.04,260.40,0.7121
165,176.00,85.00,244.04,239.40,0.7097
165,249.00,85.00,317.04,239.40,0.4763
165,380.00,116.00,442.22,257.19,0.3263
165,146.00,185.00,186.00,275.77,0.2492
165,407.00,116.00,475.04,270.40,0.0456
166,176.00,85.00,244.04,239.40,0.6741
166,428.00,106.00,496.04,260.40,0.6689
166,331.00,115.00,387.88,244.07,0.5918
166,252.00,97.00,308.88,226.07,0.4978
166,380.00,116.00,442.22,257.19,0.4492
166,143.00,210.00,171.33,274.28,0.2117
166,407.00,116.00,475.04,270.40,0.0887
167,179.00,97.00,241.22,238.19,0.6989
167,332.00,107.00,394.22,248.19,0.6083
167,256.00,97.00,318.22,238.19,0.5295
167,417.00,106.00,485.04,260.40,0.5061
167,380.00,116.00,442.22,257.19,0.4197
167,100.00,116.00,174.29,284.57,0.3414
167,123.00,104.00,197.29,272.57,0.1758
168,176.00,85.00,244.04,239.40,0.6369
168,249.00,85.00,317.04,239.40,0.6106
168,417.00,106.00,485.04,260.40,0.5728
168,331.00,115.00,387.88,244.07,0.5680
168,380.00,116.00,442.22,257.19,0.5207
168,111.00,104.00,185.29,272.57,0.3808
169,179.00,97.00,241.22,238.19,0.6531
169,322.00,107.00,384.22,248.19,0.6503
169,249.00,85.00,317.04,239.40,0.6230
169,417.00,106.00,485.04,260.40,0.5861
169,375.00,106.00,443.04,260.40,0.5495
169,123.00,104.00,197.29,272.57,0.3689
169,100.00,116.00,174.29,284.57,0.1478
170,322.00,107.00,384.22,248.19,0.6421
170,176.00,85.00,244.04,239.40,0.5898
170,249.00,95.00,317.04,249.40,0.5116
170,375.00,106.00,443.04,260.40,0.4990
170,417.00,106.00,485.04,260.40,0.4330
170,123.00,104.00,197.29,272.57,0.4288
171,180.00,81.00,254.29,249.57,0.6240
171,322.00,107.00,384.22,248.19,0.6130
171,246.00,97.00,308.22,238.19,0.4736
171,401.00,181.00,434.55,257.13,0.4530
171,417.00,106.00,485.04,260.40,0.4245
171,123.00,104.00,197.29,272.57,0.4012
171,344.00,168.00,412.04,322.40,0.0583
172,322.00,107.00,384.22,248.19,0.6599
172,176.00,85.00,244.04,239.40,0.6350
172,246.00,97.00,308.22,238.19,0.4930
172,417.00,106.00,485.04,260.40,0.4763
172,396.00,181.00,429.55,257.13,0.4718
172,129.00,149.00,185.88,278.07,0.4024
172,370.00,161.00,403.55,237.13,0.0685
173,176.00,85.00,244.04,239.40,0.7904
173,322.00,107.00,384.22,248.19,0.4983
173,123.00,116.00,191.04,270.40,0.4595
173,423.00,109.00,466.85,208.51,0.4559
173,246.00,97.00,308.22,238.19,0.4534
173,396.00,181.00,429.55,257.13,0.4470
173,430.00,137.00,482.00,255.00,0.2699
174,176.00,85.00,244.04,239.40,0.7739
174,423.00,109.00,466.85,208.51,0.5732
174,246.00,97.00,308.22,238.19,0.5100
174,322.00,107.00,384.22,248.19,0.4794
174,134.00,116.00,202.04,270.40,0.3888
174,375.00,106.00,443.04,260.40,0.3841
174,430.00,145.00,482.00,263.00,0.3463
175,176.00,85.00,244.04,239.40,0.7095
175,322.00,107.00,384.22,248.19,0.5667
175,246.00,97.00,308.22,238.19,0.5141
175,370.00,116.00,432.22,257.19,0.4972
175,142.00,153.00,194.00,271.00,0.4947
175,417.00,116.00,485.04,270.40,0.4131
176,322.00,107.00,384.22,248.19,0.6693
176,176.00,85.00,244.04,239.40,0.6386
176,138.00,149.00,194.88,278.07,0.5312
176,246.00,97.00,308.22,238.19,0.5176
176,370.00,116.00,432.22,257.19,0.5003
176,423.00,109.00,466.85,208.51,0.3812
176,430.00,145.00,482.00,263.00,0.3378
176,155.00,106.00,223.04,260.40,0.0405
177,370.00,116.00,432.22,257.19,0.5921
177,322.00,107.00,384.22,248.19,0.5636
177,141.00,136.00,203.22,277.19,0.5508
177,179.00,97.00,241.22,238.19,0.4939
177,249.00,95.00,317.04,249.40,0.4832
177,417.00,104.00,464.89,212.68,0.4463
177,429.00,163.00,472.85,262.51,0.3040
177,432.00,119.00,479.89,227.68,0.0377
178,176.00,85.00,244.04,239.40,0.5593
178,312.00,95.00,380.04,249.40,0.5502
178,374.00,145.00,426.00,263.00,0.5106
178,141.00,136.00,203.22,277.19,0.5065
178,403.00,88.00,483.00,269.54,0.4667
178,239.00,95.00,307.04,249.40,0.3737
178,360.00,192.00,393.55,268.13,0.1720
179,313.00,107.00,375.22,248.19,0.5711
179,246.00,97.00,308.22,238.19,0.5122
179,146.00,104.00,220.29,272.57,0.4839
179,383.00,191.00,413.85,261.00,0.4447
179,170.00,68.00,256.67,264.67,0.4239
179,403.00,88.00,483.00,269.54,0.4109
179,360.00,192.00,393.55,268.13,0.0899
