2,155.00,265.00,181.00,324.00,0.0209
3,247.00,197.00,275.33,261.28,0.1682
3,10.00,148.00,96.67,344.67,0.1225
3,156.00,262.00,184.33,326.28,0.0386
4,251.00,201.00,277.00,260.00,0.2859
5,263.00,205.00,289.00,264.00,0.2706
5,152.00,247.00,192.00,337.77,0.1509
5,215.00,205.00,241.00,264.00,0.1164
6,271.00,201.00,297.00,260.00,0.2197
6,146.00,173.00,220.29,341.57,0.1966
7,150.00,193.00,212.22,334.19,0.2664
7,275.00,201.00,301.00,260.00,0.2494
8,157.00,173.00,231.29,341.57,0.3075
8,283.00,205.00,309.00,264.00,0.2371
9,157.00,173.00,231.29,341.57,0.3155
9,291.00,205.00,317.00,264.00,0.1588
10,157.00,174.00,237.00,355.54,0.3321
10,299.00,201.00,327.33,265.28,0.2289
10,141.00,195.00,171.85,265.00,0.1988
10,40.00,147.00,134.55,361.55,0.1057
11,50.00,148.00,136.67,344.67,0.2659
11,169.00,174.00,249.00,355.54,0.2575
11,307.00,205.00,333.00,264.00,0.2058
12,180.00,184.00,254.29,352.57,0.2987
12,317.00,201.00,345.33,265.28,0.2185
13,182.00,174.00,262.00,355.54,0.2371
13,321.00,201.00,349.33,265.28,0.1730
14,194.00,174.00,274.00,355.54,0.3759
14,76.00,130.00,180.00,366.00,0.1998
14,335.00,200.00,365.85,270.00,0.1457
15,210.00,162.00,296.67,358.67,0.2631
15,345.00,200.00,375.85,270.00,0.2479
15,126.00,156.00,169.85,255.51,0.0839
16,210.00,162.00,296.67,358.67,0.2960
16,352.00,201.00,380.33,265.28,0.1629
17,210.00,162.00,296.67,358.67,0.2998
17,352.00,197.00,380.33,261.28,0.0960
18,210.00,162.00,296.67,358.67,0.1983
19,215.00,162.00,309.55,376.55,0.1899
20,218.00,186.00,298.00,367.54,0.2515
20,123.00,141.00,170.89,249.68,0.0679
21,210.00,175.00,296.67,371.67,0.2044
22,215.00,162.00,309.55,376.55,0.1121
23,215.00,162.00,309.55,376.55,0.0917
23,112.00,132.00,168.88,261.07,0.0272
24,112.00,132.00,168.88,261.07,0.0104
26,220.00,162.00,324.00,398.00,0.0769
32,407.00,209.00,433.00,268.00,0.3097
33,412.00,181.00,448.77,264.44,0.3289
33,247.00,137.00,372.53,421.85,0.0526
34,427.00,205.00,453.00,264.00,0.1477
34,365.00,186.00,398.55,262.13,0.1234
34,247.00,156.00,372.53,440.85,0.1211
35,435.00,195.00,465.85,265.00,0.1762
36,447.00,205.00,473.00,264.00,0.1971
36,439.00,209.00,465.00,268.00,0.0311
37,452.00,206.00,480.33,270.28,0.1577
38,453.00,192.00,486.55,268.13,0.1516
38,395.00,197.00,423.33,261.28,0.1253
39,459.00,205.00,485.00,264.00,0.2802
40,463.00,209.00,489.00,268.00,0.2241
66,291.00,165.00,317.00,224.00,0.0263
67,247.00,113.00,273.00,172.00,0.0951
69,288.00,181.00,321.55,257.13,0.1110
70,287.00,201.00,313.00,260.00,0.1017
71,288.00,181.00,321.55,257.13,0.2042
71,501.00,195.00,531.85,265.00,0.0320
73,307.00,209.00,333.00,268.00,0.1441
74,287.00,181.00,323.77,264.44,0.0768
79,294.00,193.00,356.22,334.19,0.1427
88,503.00,205.00,529.00,264.00,0.0906
93,288.00,181.00,321.55,257.13,0.0829
94,282.00,193.00,310.33,257.28,0.0867
94,509.00,192.00,549.00,282.77,0.0775
95,282.00,193.00,310.33,257.28,0.0549
97,259.00,193.00,285.00,252.00,0.1097
104,288.00,181.00,321.55,257.13,0.0430
105,557.00,126.00,604.89,234.68,0.0717
106,557.00,126.00,604.89,234.68,0.0517
117,551.00,161.00,577.00,220.00,0.2383
120,497.00,187.00,533.77,270.44,0.0347
121,497.00,187.00,533.77,270.44,0.0926
121,291.00,149.00,319.33,213.28,0.0882
122,497.00,187.00,533.77,270.44,0.0865
123,497.00,187.00,533.77,270.44,0.0589
124,501.00,200.00,531.85,270.00,0.0280
125,499.00,192.00,532.55,268.13,0.0855
125,283.00,197.00,309.00,256.00,0.0660
126,287.00,201.00,313.00,260.00,0.1919
127,283.00,197.00,309.00,256.00,0.0735
127,501.00,195.00,531.85,265.00,0.0276
128,288.00,181.00,321.55,257.13,0.1221
128,503.00,205.00,529.00,264.00,0.0501
129,282.00,193.00,310.33,257.28,0.1431
129,501.00,195.00,531.85,265.00,0.1019
130,504.00,201.00,532.33,265.28,0.1827
130,282.00,193.00,310.33,257.28,0.0393
131,503.00,201.00,529.00,260.00,0.1228
131,282.00,193.00,310.33,257.28,0.0644
132,503.00,205.00,529.00,264.00,0.0879
132,282.00,193.00,310.33,257.28,0.0855
134,504.00,201.00,532.33,265.28,0.0444
134,286.00,193.00,314.33,257.28,0.0193
135,499.00,197.00,532.55,273.13,0.0229
136,286.00,193.00,314.33,257.28,0.0398
137,282.00,193.00,310.33,257.28,0.0305
138,499.00,197.00,532.55,273.13,0.0314
138,286.00,193.00,314.33,257.28,0.0304
140,503.00,205.00,529.00,264.00,0.0536
142,503.00,201.00,529.00,260.00,0.0721
145,288.00,181.00,321.55,257.13,0.1923
145,501.00,195.00,531.85,265.00,0.0331
146,507.00,197.00,533.00,256.00,0.1038
148,287.00,197.00,313.00,256.00,0.0735
150,299.00,177.00,325.00,236.00,0.0632
154,503.00,205.00,529.00,264.00,0.0149
155,503.00,205.00,529.00,264.00,0.0697
156,497.00,200.00,527.85,270.00,0.1345
157,484.00,163.00,531.89,271.68,0.1935
158,500.00,206.00,528.33,270.28,0.1194
159,491.00,187.00,527.77,270.44,0.3236
160,497.00,200.00,527.85,270.00,0.1634
161,491.00,185.00,531.00,275.77,0.1319
162,491.00,201.00,519.33,265.28,0.1524
163,492.00,200.00,522.85,270.00,0.0555
164,497.00,200.00,527.85,270.00,0.1598
164,487.00,201.00,515.33,265.28,0.1138
165,491.00,187.00,527.77,270.44,0.1973
166,494.00,197.00,527.55,273.13,0.1756
167,489.00,197.00,522.55,273.13,0.1430
168,491.00,185.00,531.00,275.77,0.1618
169,491.00,185.00,531.00,275.77,0.2490
170,491.00,185.00,531.00,275.77,0.1491
178,497.00,200.00,527.85,270.00,0.2098
179,494.00,197.00,527.55,273.13,0.1838
180,491.00,187.00,527.77,270.44,0.2459
181,497.00,185.00,537.00,275.77,0.1694
182,494.00,197.00,527.55,273.13,0.1485
183,497.00,185.00,537.00,275.77,0.1703
184,497.00,185.00,537.00,275.77,0.1943
185,500.00,201.00,528.33,265.28,0.0790
186,504.00,201.00,532.33,265.28,0.0505
187,501.00,200.00,531.85,270.00,0.1116
188,500.00,201.00,528.33,265.28,0.1197
189,499.00,197.00,532.55,273.13,0.2192
191,503.00,205.00,529.00,264.00,0.0271
192,500.00,201.00,528.33,265.28,0.0429
194,503.00,205.00,529.00,264.00,0.0543
195,503.00,205.00,529.00,264.00,0.0840
196,497.00,200.00,527.85,270.00,0.0852
197,503.00,205.00,529.00,264.00,0.0501
198,497.00,200.00,527.85,270.00,0.1281
199,534.00,193.00,562.33,257.28,0.1115
199,497.00,200.00,527.85,270.00,0.0651
200,500.00,201.00,528.33,265.28,0.1673
200,530.00,186.00,563.55,262.13,0.1110
201,497.00,200.00,527.85,270.00,0.1259
202,500.00,201.00,528.33,265.28,0.0956
203,497.00,200.00,527.85,270.00,0.0381
204,499.00,205.00,525.00,264.00,0.0636
206,499.00,209.00,525.00,268.00,0.1416
207,499.00,209.00,525.00,268.00,0.1109
208,491.00,181.00,527.77,264.44,0.0610
210,495.00,209.00,521.00,268.00,0.1351
211,495.00,209.00,521.00,268.00,0.0112
212,491.00,206.00,519.33,270.28,0.0506
213,491.00,209.00,517.00,268.00,0.1118
214,491.00,206.00,519.33,270.28,0.0367
215,515.00,186.00,548.55,262.13,0.0867
215,150.00,79.00,275.53,363.85,0.0833
215,491.00,206.00,519.33,270.28,0.0469
216,509.00,179.00,549.00,269.77,0.1039
216,487.00,205.00,517.85,275.00,0.0163
217,480.00,187.00,516.77,270.44,0.1106
217,514.00,181.00,550.77,264.44,0.0729
217,150.00,79.00,275.53,363.85,0.0248
218,487.00,206.00,515.33,270.28,0.2018
218,498.00,163.00,545.89,271.68,0.0536
219,482.00,205.00,512.85,275.00,0.1309
219,170.00,98.00,295.53,382.85,0.0840
220,170.00,98.00,295.53,382.85,0.1280
220,484.00,171.00,531.89,279.68,0.0464
221,170.00,98.00,295.53,382.85,0.2268
221,482.00,205.00,512.85,275.00,0.0466
222,189.00,98.00,314.53,382.85,0.1851
222,330.00,127.00,358.33,191.28,0.0211
223,188.00,98.00,292.00,334.00,0.2364
224,189.00,79.00,314.53,363.85,0.2511
225,483.00,183.00,526.85,282.51,0.1948
225,189.00,79.00,314.53,363.85,0.0923
226,535.00,197.00,561.00,256.00,0.2724
226,204.00,114.00,308.00,350.00,0.2151
226,484.00,171.00,531.89,279.68,0.0063
227,204.00,98.00,308.00,334.00,0.1794
227,469.00,171.00,516.89,279.68,0.0668
228,220.00,114.00,324.00,350.00,0.1965
229,220.00,114.00,324.00,350.00,0.2550
230,221.00,88.00,333.01,342.17,0.1181
231,476.00,178.00,523.89,286.68,0.1822
234,281.00,237.00,324.85,336.51,0.1305
235,563.00,191.00,593.85,261.00,0.0340
237,277.00,122.00,363.67,318.67,0.2147
238,290.00,122.00,376.67,318.67,0.2034
239,292.00,137.00,372.00,318.54,0.2055
239,599.00,205.00,625.00,264.00,0.1557
240,290.00,122.00,376.67,318.67,0.2203
240,402.00,175.00,527.53,459.85,0.0944
241,290.00,122.00,376.67,318.67,0.1632
241,402.00,175.00,527.53,459.85,0.0943
242,307.00,243.00,337.85,313.00,0.1160
243,386.00,181.00,419.55,257.13,0.0945
244,386.00,181.00,419.55,257.13,0.0967
244,330.00,245.00,358.33,309.28,0.0601
245,388.00,186.00,418.85,256.00,0.0694
246,284.00,145.00,346.22,286.19,0.1066
247,445.00,208.00,557.01,462.17,0.0778
248,303.00,122.00,389.67,318.67,0.1434
248,194.00,100.00,274.00,281.54,0.0058
249,305.00,125.00,385.00,306.54,0.3542
249,413.00,214.00,441.33,278.28,0.0265
250,305.00,125.00,385.00,306.54,0.4571
250,403.00,171.00,450.89,279.68,0.2016
250,79.00,181.00,109.85,251.00,0.1471
251,317.00,125.00,397.00,306.54,0.4026
251,85.00,173.00,125.00,263.77,0.2524
251,406.00,204.00,442.77,287.44,0.0997
251,72.00,179.00,112.00,269.77,0.0840
252,317.00,125.00,397.00,306.54,0.4793
252,470.00,201.00,522.00,319.00,0.1545
253,329.00,125.00,409.00,306.54,0.2523
253,412.00,210.00,448.77,293.44,0.1695
254,329.00,125.00,409.00,306.54,0.2001
254,508.00,194.00,612.00,430.00,0.0861
254,447.00,174.00,509.22,315.19,0.0751
254,422.00,217.00,455.55,293.13,0.0648
255,443.00,150.00,517.29,318.57,0.1822
255,329.00,139.00,403.29,307.57,0.1821
256,102.00,177.00,154.00,295.00,0.1393
256,27.00,205.00,53.00,264.00,0.1250
256,428.00,137.00,508.00,318.54,0.0372
257,94.00,177.00,146.00,295.00,0.2249
257,343.00,249.00,369.00,308.00,0.0590
258,30.00,186.00,63.55,262.13,0.0940
258,404.00,133.00,498.55,347.55,0.0640
259,397.00,161.00,471.29,329.57,0.1386
259,463.00,189.00,489.00,248.00,0.0171
260,375.00,118.00,469.55,332.55,0.2388
261,360.00,133.00,454.55,347.55,0.3206
261,312.00,147.00,380.04,301.40,0.1474
262,332.00,130.00,436.00,366.00,0.3145
263,307.00,122.00,419.01,376.17,0.1581
264,300.00,130.00,404.00,366.00,0.2033
265,378.00,227.00,414.77,310.44,0.0628
266,268.00,130.00,372.00,366.00,0.3701
267,306.00,127.00,380.29,295.57,0.2142
268,294.00,127.00,368.29,295.57,0.2071
269,367.00,215.00,403.77,298.44,0.1263
269,303.00,145.00,365.22,286.19,0.0989
270,342.00,190.00,385.85,289.51,0.2066
271,329.00,156.00,376.89,264.68,0.1293
272,371.00,133.00,397.00,192.00,0.1259
272,294.00,47.00,368.29,215.57,0.0845
272,270.00,81.00,322.00,199.00,0.0559
273,261.00,71.00,317.88,200.07,0.2417
273,329.00,126.00,376.89,234.68,0.1820
274,314.00,141.00,361.89,249.68,0.2155
274,256.00,78.00,318.22,219.19,-0.0010
275,310.00,153.00,362.00,271.00,0.1547
275,369.00,153.00,397.33,217.28,0.1025
276,238.00,137.00,290.00,255.00,0.1872
276,371.00,185.00,397.00,244.00,0.0868
276,263.00,156.00,310.89,264.68,0.0229
277,235.00,141.00,291.88,270.07,0.2278
277,300.00,208.00,347.89,316.68,0.2064
278,226.00,149.00,282.88,278.07,0.3054
278,285.00,208.00,332.89,316.68,0.2390
279,270.00,217.00,322.00,335.00,0.1653
280,179.00,193.00,241.22,334.19,0.1212
280,246.00,203.00,308.22,344.19,0.1117
280,287.00,158.00,343.88,287.07,0.0945
281,260.00,127.00,328.04,281.40,0.1157
282,160.00,212.00,222.22,353.19,0.3105
282,263.00,198.00,303.00,288.77,0.1521
283,134.00,122.00,246.01,376.17,0.1827
284,165.00,220.00,233.04,374.40,0.2171
285,288.00,210.00,328.00,300.77,0.3492
285,165.00,220.00,233.04,374.40,0.2584
285,206.00,201.00,258.00,319.00,0.0881
286,222.00,209.00,274.00,327.00,0.3277
286,180.00,207.00,254.29,375.57,0.2034
286,307.00,241.00,333.00,300.00,0.1384
287,189.00,232.00,251.22,373.19,0.2080
287,226.00,222.00,273.89,330.68,0.1549
288,226.00,202.00,282.88,331.07,0.1670
288,191.00,230.00,265.29,398.57,0.1481
288,329.00,223.00,362.55,299.13,-0.0037
289,243.00,211.00,299.88,340.07,0.1761
289,203.00,219.00,277.29,387.57,0.1641
290,296.00,176.00,352.88,305.07,0.1586
290,218.00,235.00,298.00,416.54,0.0863
291,237.00,241.00,311.29,409.57,0.1394
292,229.00,220.00,323.55,434.55,0.1759
292,306.00,173.00,380.29,341.57,0.1301
293,323.00,179.00,391.04,333.40,0.2281
293,236.00,210.00,340.00,446.00,0.1815
294,252.00,226.00,356.00,462.00,0.2407
294,411.00,217.00,437.00,276.00,0.1384
294,432.00,223.00,465.55,299.13,0.0537
295,258.00,249.00,352.55,463.55,0.3985
295,444.00,229.00,474.85,299.00,0.1392
295,366.00,177.00,418.00,295.00,0.0431
296,214.00,185.00,266.00,303.00,0.0139
297,386.00,161.00,460.29,329.57,0.2316
297,236.00,226.00,340.00,462.00,0.0845
298,397.00,161.00,471.29,329.57,0.3992
299,409.00,161.00,483.29,329.57,0.4103
300,420.00,161.00,494.29,329.57,0.3761
300,387.00,241.00,413.00,300.00,0.2318
301,431.00,161.00,505.29,329.57,0.2863
301,389.00,204.00,432.85,303.51,0.0591
302,382.00,204.00,425.85,303.51,0.2910
302,428.00,149.00,508.00,330.54,0.2144
302,-13.00,158.00,55.04,312.40,0.0783
302,396.00,197.00,439.85,296.51,0.0639
303,382.00,204.00,425.85,303.51,0.1927
303,396.00,197.00,439.85,296.51,0.1665
303,326.00,193.00,378.00,311.00,0.1313
303,-3.00,139.00,71.29,307.57,0.1313
303,449.00,158.00,517.04,312.40,0.1089
304,326.00,193.00,378.00,311.00,0.2744
304,396.00,197.00,439.85,296.51,0.1982
304,454.00,161.00,528.29,329.57,0.1874
304,296.00,184.00,352.88,313.07,0.0980
304,11.00,176.00,105.55,390.55,0.0865
305,331.00,184.00,387.88,313.07,0.3081
305,405.00,198.00,445.00,288.77,0.2883
305,459.00,158.00,527.04,312.40,0.2140
305,367.00,221.00,403.77,304.44,0.1915
305,284.00,174.00,346.22,315.19,0.0572
305,265.00,164.00,327.22,305.19,0.0189
306,505.00,162.00,599.54,376.55,0.5117
306,390.00,193.00,442.00,311.00,0.3442
306,439.00,205.00,465.00,264.00,0.2819
306,466.00,174.00,528.22,315.19,0.1561
306,344.00,208.00,391.89,316.68,0.1071
306,260.00,158.00,328.04,312.40,0.0876
307,497.00,139.00,609.01,393.17,0.4231
307,435.00,205.00,461.00,264.00,0.2530
307,388.00,193.00,435.89,301.68,0.2398
307,334.00,193.00,386.00,311.00,0.2351
307,280.00,137.00,360.00,318.54,0.1103
307,246.00,164.00,308.22,305.19,0.0629
307,378.00,236.00,406.33,300.28,0.0524
308,340.00,184.00,396.88,313.07,0.3825
308,508.00,146.00,612.00,382.00,0.3485
308,294.00,150.00,368.29,318.57,0.2575
308,405.00,216.00,445.00,306.77,0.1421
309,410.00,200.00,457.89,308.68,0.4714
309,313.00,193.00,369.88,322.07,0.4065
309,497.00,139.00,609.01,393.17,0.3890
309,348.00,184.00,404.88,313.07,0.3680
309,296.00,184.00,352.88,313.07,0.1210
310,348.00,193.00,404.88,322.07,0.4097
310,480.00,137.00,605.53,421.85,0.3621
310,310.00,201.00,362.00,319.00,0.2683
310,410.00,200.00,457.89,308.68,0.2138
310,294.00,235.00,334.00,325.77,0.1255
311,357.00,193.00,413.88,322.07,0.3536
311,480.00,137.00,605.53,421.85,0.3418
311,34.00,118.00,159.53,402.85,0.1807
311,288.00,235.00,328.00,325.77,0.1666
311,306.00,150.00,380.29,318.57,0.0715
311,380.00,174.00,442.22,315.19,0.0474
312,357.00,193.00,413.88,322.07,0.2626
312,480.00,137.00,605.53,421.85,0.1833
312,314.00,215.00,361.89,323.68,0.1307
312,380.00,174.00,442.22,315.19,0.0675
313,357.00,193.00,413.88,322.07,0.2847
313,440.00,178.00,487.89,286.68,0.2390
313,375.00,184.00,431.88,313.07,0.1910
313,480.00,118.00,605.53,402.85,0.1065
314,361.00,184.00,423.22,325.19,0.4937
314,436.00,190.00,479.85,289.51,0.3373
314,461.00,156.00,586.53,440.85,0.1953
314,313.00,202.00,369.88,331.07,0.1106
315,365.00,179.00,433.04,333.40,0.5365
315,414.00,201.00,466.00,319.00,0.1760
315,302.00,133.00,396.55,347.55,0.0638
316,365.00,179.00,433.04,333.40,0.5266
316,20.00,150.00,94.29,318.57,0.2848
316,341.00,193.00,403.22,334.19,0.2297
317,322.00,193.00,384.22,334.19,0.2802
317,389.00,184.00,451.22,325.19,0.2799
317,20.00,150.00,94.29,318.57,0.2692
317,206.00,112.00,286.00,293.54,0.0404
318,22.00,137.00,102.00,318.54,0.2517
318,317.00,173.00,391.29,341.57,0.2205
318,389.00,193.00,451.22,334.19,0.2068
319,20.00,150.00,94.29,318.57,0.3861
319,418.00,193.00,480.22,334.19,0.3493
319,329.00,162.00,409.00,343.54,0.1661
320,43.00,139.00,117.29,307.57,0.3849
320,428.00,179.00,496.04,333.40,0.3403
320,342.00,162.00,422.00,343.54,0.2363
320,20.00,150.00,94.29,318.57,0.1671
320,249.00,137.00,317.04,291.40,0.0337
321,43.00,139.00,117.29,307.57,0.4692
321,449.00,179.00,517.04,333.40,0.3752
321,354.00,162.00,434.00,343.54,0.1379
322,470.00,168.00,538.04,322.40,0.5349
322,54.00,127.00,128.29,295.57,0.3879
322,370.00,148.00,456.67,344.67,0.1761
322,268.00,100.00,348.00,281.54,0.0156
323,489.00,161.00,563.29,329.57,0.4881
323,58.00,125.00,138.00,306.54,0.3206
324,501.00,168.00,569.04,322.40,0.4477
324,534.00,209.00,586.00,327.00,0.4163
324,66.00,127.00,140.29,295.57,0.3805
324,414.00,217.00,466.00,335.00,0.1296
324,290.00,82.00,376.67,278.67,0.0537
325,543.00,168.00,611.04,322.40,0.3486
325,66.00,127.00,140.29,295.57,0.3485
325,412.00,114.00,516.00,350.00,0.1267
325,522.00,158.00,590.04,312.40,0.0622
326,66.00,127.00,140.29,295.57,0.3996
326,538.00,149.00,618.00,330.54,0.2284
326,418.00,133.00,512.54,347.55,0.1646
326,303.00,82.00,389.67,278.67,0.1377
327,423.00,148.00,509.67,344.67,0.3626
327,543.00,135.00,629.67,331.67,0.2120
327,66.00,116.00,140.29,284.57,0.1947
327,303.00,82.00,389.67,278.67,0.0873
328,437.00,148.00,523.67,344.67,0.2018
328,557.00,135.00,643.67,331.67,0.1599
329,445.00,211.00,501.88,340.07,0.1551
329,563.00,149.00,643.00,330.54,0.1439
329,317.00,100.00,397.00,281.54,0.0067
330,437.00,148.00,523.67,344.67,0.2366
330,118.00,176.00,154.77,259.44,0.1366
331,433.00,133.00,527.54,347.55,0.3770
331,109.00,167.00,149.00,257.77,0.1940
332,428.00,114.00,532.00,350.00,0.1543
333,549.00,118.00,643.54,332.55,0.1574
333,433.00,133.00,527.54,347.55,0.0886
334,444.00,114.00,548.00,350.00,0.2392
334,556.00,82.00,660.00,318.00,0.1995
334,31.00,116.00,105.29,284.57,0.0572
335,445.00,105.00,557.01,359.17,0.2836
335,564.00,104.00,658.54,318.55,0.2206
335,39.00,197.00,82.85,296.51,0.0815
336,444.00,114.00,548.00,350.00,0.2639
336,564.00,104.00,658.54,318.55,0.1424
337,463.00,88.00,575.01,342.17,0.2618
338,461.00,79.00,586.53,363.85,0.4355
339,461.00,79.00,586.53,363.85,0.3526
339,9.00,112.00,89.00,293.54,0.2054
340,480.00,79.00,605.53,363.85,0.2031
340,20.00,116.00,94.29,284.57,0.0078
341,480.00,79.00,605.53,363.85,0.1469
341,226.00,167.00,266.00,257.77,0.0346
342,220.00,167.00,260.00,257.77,0.2830
342,21.00,149.00,49.33,213.28,0.1425
342,480.00,79.00,605.53,363.85,0.0678
343,519.00,79.00,644.53,363.85,0.1100
343,39.00,137.00,107.04,291.40,0.0936
343,226.00,171.00,259.55,247.13,0.0378
344,220.00,167.00,260.00,257.77,0.4990
344,10.00,215.00,46.77,298.44,0.1587
344,43.00,127.00,117.29,295.57,0.1234
345,214.00,173.00,254.00,263.77,0.4152
345,46.00,112.00,126.00,293.54,0.1503
346,207.00,170.00,250.85,269.51,0.4026
346,54.00,127.00,128.29,295.57,0.1188
346,9.00,127.00,83.29,295.57,0.0909
347,71.00,147.00,139.04,301.40,0.2825
347,207.00,170.00,250.85,269.51,0.2522
347,20.00,127.00,94.29,295.57,0.0651
348,214.00,170.00,257.85,269.51,0.3789
348,81.00,137.00,149.04,291.40,0.2590
348,31.00,127.00,105.29,295.57,0.1620
349,200.00,170.00,243.85,269.51,0.5021
349,93.00,155.00,155.22,296.19,0.2067
349,25.00,177.00,68.85,276.51,0.2020
349,220.00,179.00,260.00,269.77,0.1185
350,197.00,163.00,244.89,271.68,0.5503
350,31.00,127.00,105.29,295.57,0.2114
350,131.00,149.00,157.00,208.00,0.0816
351,194.00,170.00,237.85,269.51,0.5192
351,39.00,197.00,82.85,296.51,0.2272
352,194.00,170.00,237.85,269.51,0.5926
352,42.00,204.00,82.00,294.77,0.1800
352,112.00,145.00,174.22,286.19,0.0080
353,189.00,163.00,236.89,271.68,0.4562
353,35.00,209.00,61.00,268.00,0.3593
353,131.00,145.00,193.22,286.19,0.2527
353,71.00,112.00,151.00,293.54,0.0933
354,39.00,213.00,65.00,272.00,0.3954
354,202.00,167.00,242.00,257.77,0.2586
354,93.00,145.00,155.22,286.19,0.2131
355,155.00,147.00,223.04,301.40,0.1941
355,113.00,147.00,181.04,301.40,0.1517
356,160.00,145.00,222.22,286.19,0.3313
356,113.00,137.00,181.04,291.40,0.2611
357,165.00,127.00,233.04,281.40,0.1833
357,123.00,137.00,191.04,291.40,0.1565
358,123.00,137.00,191.04,291.40,0.3740
358,165.00,137.00,233.04,291.40,0.2383
359,122.00,174.00,184.22,315.19,0.4555
359,169.00,150.00,243.29,318.57,0.2441
359,374.00,93.00,414.00,183.77,0.0531
360,131.00,174.00,193.22,315.19,0.5681
360,165.00,168.00,233.04,322.40,0.2973
360,384.00,102.00,420.77,185.44,0.0105
361,165.00,168.00,233.04,322.40,0.3366
361,122.00,174.00,184.22,315.19,0.2964
362,165.00,158.00,233.04,312.40,0.4628
362,122.00,164.00,184.22,305.19,0.2728
362,102.00,193.00,154.00,311.00,0.1143
363,179.00,174.00,241.22,315.19,0.3376
363,94.00,176.00,150.88,305.07,0.2148
364,176.00,168.00,244.04,322.40,0.3159
364,134.00,168.00,202.04,322.40,0.2757
364,84.00,174.00,146.22,315.19,0.1752
365,131.00,184.00,193.22,325.19,0.3520
365,176.00,168.00,244.04,322.40,0.1769
366,123.00,158.00,191.04,312.40,0.3032
366,219.00,169.00,245.00,228.00,0.2038
367,186.00,147.00,254.04,301.40,0.2526
367,141.00,155.00,203.22,296.19,0.2115
368,197.00,158.00,265.04,312.40,0.1772
368,165.00,147.00,233.04,301.40,0.1566
369,169.00,137.00,249.00,318.54,0.3164
369,207.00,158.00,275.04,312.40,0.2794
370,176.00,158.00,244.04,312.40,0.5015
370,206.00,149.00,286.00,330.54,0.2466
370,279.00,213.00,305.00,272.00,0.0329
371,179.00,164.00,241.22,305.19,0.4931
371,227.00,164.00,289.22,305.19,0.1299
372,186.00,158.00,254.04,312.40,0.5174
372,228.00,158.00,296.04,312.40,0.1266
373,198.00,164.00,260.22,305.19,0.4883
373,246.00,174.00,308.22,315.19,0.1519
373,217.00,174.00,279.22,315.19,0.1486
374,208.00,174.00,270.22,315.19,0.4016
375,217.00,176.00,273.88,305.07,0.4634
375,34.00,98.00,159.53,382.85,0.1680
375,260.00,158.00,328.04,312.40,0.1349
376,217.00,164.00,279.22,305.19,0.4207
376,34.00,98.00,159.53,382.85,0.1895
376,443.00,221.00,469.00,280.00,0.0323
376,265.00,174.00,327.22,315.19,0.0235
377,282.00,222.00,322.00,312.77,0.3410
377,218.00,158.00,286.04,312.40,0.2040
377,34.00,98.00,159.53,382.85,0.1820
377,446.00,198.00,482.77,281.44,0.0725
378,270.00,158.00,338.04,312.40,0.2968
378,34.00,79.00,159.53,363.85,0.1659
378,448.00,192.00,488.00,282.77,0.0682
379,227.00,164.00,289.22,305.19,0.2214
379,448.00,192.00,488.00,282.77,0.1587
379,34.00,79.00,159.53,363.85,0.0572
380,228.00,158.00,296.04,312.40,0.2076
380,270.00,158.00,338.04,312.40,0.0280
381,270.00,158.00,338.04,312.40,0.3362
381,448.00,198.00,488.00,288.77,0.2007
382,281.00,158.00,349.04,312.40,0.2976
382,448.00,198.00,488.00,288.77,0.1580
383,446.00,204.00,482.77,287.44,0.2443
383,281.00,168.00,349.04,322.40,0.1734
383,227.00,174.00,289.22,315.19,0.1126
384,271.00,150.00,345.29,318.57,0.3635
384,246.00,174.00,308.22,315.19,0.1672
385,283.00,150.00,357.29,318.57,0.3472
385,236.00,164.00,298.22,305.19,0.2286
385,440.00,198.00,476.77,281.44,0.1380
386,283.00,150.00,357.29,318.57,0.4160
386,228.00,158.00,296.04,312.40,0.3232
386,429.00,192.00,469.00,282.77,0.1029
387,227.00,164.00,289.22,305.19,0.3952
387,271.00,150.00,345.29,318.57,0.2453
387,429.00,192.00,469.00,282.77,0.1732
387,505.00,147.00,599.54,361.55,0.0793
388,231.00,233.00,264.55,309.13,0.2977
388,271.00,150.00,345.29,318.57,0.2535
388,508.00,130.00,612.00,366.00,0.1327
388,423.00,192.00,463.00,282.77,0.0919
389,217.00,174.00,279.22,315.19,0.5457
389,508.00,130.00,612.00,366.00,0.3474
389,271.00,150.00,345.29,318.57,0.1363
390,217.00,174.00,279.22,315.19,0.4121
390,508.00,130.00,612.00,366.00,0.3774
390,265.00,174.00,327.22,315.19,0.1809
391,207.00,158.00,275.04,312.40,0.3075
391,508.00,130.00,612.00,366.00,0.2996
391,260.00,158.00,328.04,312.40,0.2329
391,395.00,193.00,431.77,276.44,0.0648
392,508.00,114.00,612.00,350.00,0.1947
392,208.00,164.00,270.22,305.19,0.1184
392,261.00,167.00,317.88,296.07,0.1085
392,384.00,193.00,420.77,276.44,0.0778
393,499.00,118.00,624.53,402.85,0.2154
393,197.00,158.00,265.04,312.40,0.1103
393,239.00,158.00,307.04,312.40,0.0833
394,499.00,98.00,624.53,382.85,0.2004
394,246.00,164.00,308.22,305.19,0.1603
394,197.00,158.00,265.04,312.40,0.1319
394,386.00,202.00,419.55,278.13,0.0357
395,197.00,158.00,265.04,312.40,0.1140
395,249.00,158.00,317.04,312.40,0.0654
395,499.00,98.00,624.53,382.85,0.0591
396,186.00,158.00,254.04,312.40,0.2186
396,243.00,176.00,299.88,305.07,0.1577
397,189.00,174.00,251.22,315.19,0.2915
397,239.00,168.00,307.04,322.40,0.1303
398,243.00,184.00,299.88,313.07,0.2298
398,198.00,174.00,260.22,315.19,0.2270
399,198.00,174.00,260.22,315.19,0.3374
399,246.00,164.00,308.22,305.19,0.3156
400,197.00,158.00,265.04,312.40,0.4966
400,237.00,150.00,311.29,318.57,0.3056
401,236.00,174.00,298.22,315.19,0.3040
401,186.00,158.00,254.04,312.40,0.2728
401,207.00,168.00,275.04,322.40,0.0809
401,355.00,202.00,388.55,278.13,0.0529
402,228.00,158.00,296.04,312.40,0.2689
402,186.00,158.00,254.04,312.40,0.2120
402,350.00,197.00,383.55,273.13,0.0066
403,191.00,176.00,247.88,305.07,0.3615
403,236.00,174.00,298.22,315.19,0.2024
404,236.00,164.00,298.22,305.19,0.2927
404,189.00,164.00,251.22,305.19,0.2803
405,236.00,164.00,298.22,305.19,0.3535
405,189.00,164.00,251.22,305.19,0.3162
406,243.00,167.00,299.88,296.07,0.2535
406,189.00,164.00,251.22,305.19,0.1236
407,246.00,161.00,298.00,279.00,0.2993
408,236.00,155.00,298.22,296.19,0.3212
408,189.00,155.00,251.22,296.19,0.1447
409,243.00,167.00,299.88,296.07,0.3148
409,186.00,147.00,254.04,301.40,0.1288
410,236.00,164.00,298.22,305.19,0.3509
410,189.00,155.00,251.22,296.19,0.1837
411,179.00,155.00,241.22,296.19,0.3236
411,227.00,155.00,289.22,296.19,0.3137
411,334.00,186.00,367.55,262.13,0.1007
412,227.00,164.00,289.22,305.19,0.2772
412,170.00,164.00,232.22,305.19,0.2408
412,329.00,186.00,362.55,262.13,0.0371
413,329.00,186.00,362.55,262.13,0.2695
413,170.00,155.00,232.22,296.19,0.2355
413,235.00,158.00,291.88,287.07,0.2002
414,173.00,167.00,229.88,296.07,0.2474
414,226.00,167.00,282.88,296.07,0.2364
415,217.00,155.00,279.22,296.19,0.2869
415,170.00,155.00,232.22,296.19,0.1281
415,119.00,213.00,145.00,272.00,0.1219
415,307.00,195.00,337.85,265.00,0.0355
416,538.00,223.00,618.00,404.54,0.1708
416,160.00,155.00,222.22,296.19,0.1615
416,298.00,192.00,331.55,268.13,0.1176
416,208.00,164.00,270.22,305.19,0.0663
417,214.00,177.00,266.00,295.00,0.1689
417,530.00,228.00,616.67,424.67,0.1486
417,160.00,164.00,222.22,305.19,0.1227
418,164.00,167.00,220.88,296.07,0.3558
418,208.00,167.00,264.88,296.07,0.2363
419,156.00,167.00,212.88,296.07,0.3930
419,208.00,176.00,264.88,305.07,0.2787
419,293.00,192.00,326.55,268.13,0.1091
420,156.00,167.00,212.88,296.07,0.4832
420,199.00,167.00,255.88,296.07,0.2873
420,288.00,191.00,318.85,261.00,0.1984
420,524.00,176.00,580.88,305.07,0.0203
421,147.00,167.00,203.88,296.07,0.3463
421,191.00,167.00,247.88,296.07,0.2284
421,279.00,195.00,309.85,265.00,0.0347
422,189.00,155.00,251.22,296.19,0.2634
422,147.00,167.00,203.88,296.07,0.2541
422,282.00,193.00,310.33,257.28,0.1067
423,269.00,191.00,299.85,261.00,0.2435
423,182.00,167.00,238.88,296.07,0.2321
423,138.00,158.00,194.88,287.07,0.1358
423,492.00,194.00,596.00,430.00,0.0831
424,182.00,167.00,238.88,296.07,0.2968
424,262.00,186.00,295.55,262.13,0.2730
424,546.00,104.00,620.29,272.57,0.1211
424,131.00,145.00,193.22,286.19,0.0566
424,461.00,118.00,586.53,402.85,0.0467
425,129.00,158.00,185.88,287.07,0.3164
425,182.00,169.00,234.00,287.00,0.2871
425,260.00,186.00,290.85,256.00,0.2641
425,511.00,104.00,585.29,272.57,0.1261
425,463.00,202.00,549.67,398.67,0.0241
426,173.00,158.00,229.88,287.07,0.4598
426,121.00,158.00,177.88,287.07,0.3794
426,441.00,60.00,566.53,344.85,0.2784
426,255.00,186.00,285.85,256.00,0.2279
427,174.00,161.00,226.00,279.00,0.3440
427,112.00,158.00,168.88,287.07,0.2154
427,246.00,176.00,279.55,252.13,0.1841
427,422.00,118.00,547.53,402.85,0.0886
428,422.00,79.00,547.53,363.85,0.4541
428,164.00,149.00,220.88,278.07,0.4231
428,112.00,149.00,168.88,278.07,0.2066
428,241.00,181.00,271.85,251.00,0.1862
429,383.00,98.00,508.53,382.85,0.4505
429,166.00,153.00,218.00,271.00,0.3336
429,236.00,181.00,266.85,251.00,0.2188
429,103.00,149.00,159.88,278.07,0.1053
430,158.00,161.00,210.00,279.00,0.3450
430,226.00,181.00,256.85,251.00,0.2063
430,103.00,149.00,159.88,278.07,0.1997
430,364.00,118.00,489.53,402.85,0.1436
431,158.00,153.00,210.00,271.00,0.3318
431,370.00,175.00,456.67,371.67,0.3039
431,103.00,149.00,159.88,278.07,0.2269
431,226.00,181.00,256.85,251.00,0.1447
431,389.00,104.00,483.55,318.55,0.0212
432,160.00,163.00,207.89,271.68,0.3079
432,102.00,161.00,154.00,279.00,0.1790
432,357.00,175.00,443.67,371.67,0.1153
432,222.00,176.00,252.85,246.00,0.0667
432,364.00,66.00,468.00,302.00,0.0393
433,153.00,163.00,200.89,271.68,0.3522
433,325.00,79.00,450.53,363.85,0.2123
433,215.00,176.00,248.55,252.13,0.0693
434,153.00,163.00,200.89,271.68,0.3972
434,217.00,184.00,245.33,248.28,0.3546
434,94.00,153.00,146.00,271.00,0.2210
434,317.00,175.00,403.67,371.67,0.0771
435,145.00,156.00,192.89,264.68,0.3016
435,212.00,181.00,242.85,251.00,0.2639
435,302.00,162.00,396.55,376.55,0.0614
436,142.00,153.00,194.00,271.00,0.4805
436,207.00,176.00,237.85,246.00,0.2882
437,203.00,176.00,233.85,246.00,0.3732
437,138.00,141.00,194.88,270.07,0.3202
437,86.00,153.00,138.00,271.00,0.1560
438,138.00,156.00,185.89,264.68,0.2950
438,538.00,98.00,663.53,382.85,0.1932
438,78.00,145.00,130.00,263.00,0.1886
439,134.00,153.00,186.00,271.00,0.3140
439,23.00,282.00,109.67,478.67,0.1302
439,344.00,97.00,391.89,205.68,0.0115
440,538.00,98.00,663.53,382.85,0.2347
440,22.00,285.00,102.00,466.54,0.1858
440,337.00,104.00,384.89,212.68,0.1257
441,267.00,79.00,392.53,363.85,0.3803
441,519.00,98.00,644.53,382.85,0.1883
442,267.00,79.00,392.53,363.85,0.4413
442,392.00,243.00,422.85,313.00,0.2340
442,519.00,79.00,644.53,363.85,0.0645
443,247.00,79.00,372.53,363.85,0.5790
444,247.00,79.00,372.53,363.85,0.6503
444,476.00,146.00,580.00,382.00,0.2613
444,185.00,176.00,218.55,252.13,0.2590
445,247.00,79.00,372.53,363.85,0.7086
445,188.00,181.00,218.85,251.00,0.3596
445,140.00,163.00,183.85,262.51,0.1584
445,476.00,162.00,570.54,376.55,0.1339
446,247.00,79.00,372.53,363.85,0.5722
446,138.00,163.00,185.89,271.68,0.3110
446,86.00,153.00,138.00,271.00,0.1268
446,480.00,98.00,605.53,382.85,0.1085
447,228.00,79.00,353.53,363.85,0.5049
447,142.00,161.00,194.00,279.00,0.3954
447,34.00,260.00,114.00,441.54,0.3070
447,460.00,146.00,564.00,382.00,0.2090
448,228.00,79.00,353.53,363.85,0.5327
448,138.00,163.00,185.89,271.68,0.3845
448,199.00,184.00,227.33,248.28,0.3056
448,37.00,255.00,123.67,451.67,0.2222
448,460.00,146.00,564.00,382.00,0.1215
449,228.00,98.00,353.53,382.85,0.4741
449,142.00,161.00,194.00,279.00,0.4395
449,198.00,181.00,228.85,251.00,0.3860
449,37.00,255.00,123.67,451.67,0.2172
450,228.00,98.00,353.53,382.85,0.5801
450,153.00,163.00,200.89,271.68,0.4984
450,110.00,153.00,162.00,271.00,0.2669
450,207.00,181.00,237.85,251.00,0.2602
450,63.00,268.00,149.67,464.67,0.2316
450,480.00,98.00,605.53,382.85,0.1891
450,347.00,221.00,373.00,280.00,0.1544
451,228.00,98.00,353.53,382.85,0.5800
451,158.00,161.00,210.00,279.00,0.4270
451,77.00,268.00,163.67,464.67,0.4076
451,349.00,210.00,392.85,309.51,0.2516
451,212.00,181.00,242.85,251.00,0.2033
451,118.00,161.00,170.00,279.00,0.1666
451,480.00,98.00,605.53,382.85,0.1382
452,228.00,98.00,353.53,382.85,0.6867
452,355.00,216.00,395.00,306.77,0.5490
452,95.00,272.00,175.00,453.54,0.3245
452,166.00,161.00,218.00,279.00,0.3063
452,126.00,163.00,169.85,262.51,0.2843
452,480.00,118.00,605.53,402.85,0.1900
453,228.00,79.00,353.53,363.85,0.6436
453,108.00,260.00,188.00,441.54,0.3246
453,175.00,163.00,222.89,271.68,0.3162
453,480.00,98.00,605.53,382.85,0.2656
453,368.00,216.00,408.00,306.77,0.2572
453,355.00,221.00,381.00,280.00,0.0761
454,247.00,98.00,372.53,382.85,0.7092
454,108.00,260.00,188.00,441.54,0.3051
454,182.00,161.00,234.00,279.00,0.2424
454,362.00,222.00,402.00,312.77,0.1710
454,480.00,98.00,605.53,382.85,0.1404
455,247.00,98.00,372.53,382.85,0.6549
455,368.00,222.00,408.00,312.77,0.3705
455,197.00,163.00,244.89,271.68,0.2070
455,117.00,242.00,203.67,438.67,0.1179
456,247.00,98.00,372.53,382.85,0.6459
456,380.00,222.00,420.00,312.77,0.3556
456,127.00,249.00,221.55,463.55,0.2005
456,198.00,161.00,250.00,279.00,0.1598
456,558.00,121.00,610.00,239.00,0.0667
457,267.00,79.00,392.53,363.85,0.4752
457,382.00,224.00,425.85,323.51,0.4247
457,143.00,268.00,229.67,464.67,0.2267
457,499.00,98.00,624.53,382.85,0.1595
458,267.00,79.00,392.53,363.85,0.5744
458,143.00,268.00,229.67,464.67,0.3936
458,497.00,139.00,609.01,393.17,0.1906
459,290.00,88.00,402.01,342.17,0.5192
459,157.00,268.00,243.67,464.67,0.1917
459,497.00,139.00,609.01,393.17,0.1486
459,255.00,105.00,367.01,359.17,0.0207
460,290.00,88.00,402.01,342.17,0.4972
460,156.00,249.00,250.55,463.55,0.1960
460,480.00,118.00,605.53,402.85,0.1739
461,286.00,79.00,411.53,363.85,0.4818
461,156.00,249.00,250.55,463.55,0.1421
461,273.00,188.00,301.33,252.28,0.1296
461,492.00,162.00,596.00,398.00,0.1238
462,286.00,79.00,411.53,363.85,0.5431
462,171.00,249.00,265.55,463.55,0.1920
463,286.00,98.00,411.53,382.85,0.3527
463,171.00,264.00,265.55,478.55,0.1791
463,236.00,181.00,272.77,264.44,0.1489
463,503.00,228.00,589.67,424.67,0.1342
464,267.00,79.00,392.53,363.85,0.3774
464,171.00,264.00,265.55,478.55,0.2005
464,236.00,187.00,272.77,270.44,0.1230
464,480.00,137.00,605.53,421.85,0.1066
465,267.00,79.00,392.53,363.85,0.4703
465,183.00,282.00,269.67,478.67,0.1885
465,388.00,222.00,435.89,330.68,0.1306
466,267.00,79.00,392.53,363.85,0.4053
466,387.00,229.00,413.00,288.00,0.3882
466,236.00,181.00,272.77,264.44,0.2340
466,171.00,264.00,265.55,478.55,0.1295
466,37.00,268.00,123.67,464.67,0.0121
467,396.00,224.00,439.85,323.51,0.5052
467,267.00,79.00,392.53,363.85,0.3385
467,183.00,268.00,269.67,464.67,0.1945
467,236.00,181.00,272.77,264.44,0.1286
468,267.00,79.00,392.53,363.85,0.2627
468,389.00,224.00,432.85,323.51,0.2150
468,185.00,249.00,279.55,463.55,0.1108
468,403.00,231.00,446.85,330.51,0.0235
469,267.00,60.00,392.53,344.85,0.1783
469,197.00,268.00,283.67,464.67,0.1644
469,396.00,224.00,439.85,323.51,0.1118
470,251.00,209.00,277.00,268.00,0.1852
470,334.00,89.00,386.00,207.00,0.1644
470,403.00,222.00,450.89,330.68,0.1108
470,386.00,227.00,414.33,291.28,0.0346
471,267.00,60.00,392.53,344.85,0.3186
471,391.00,229.00,417.00,288.00,0.3160
471,403.00,224.00,446.85,323.51,0.3068
472,267.00,60.00,392.53,344.85,0.3017
473,399.00,221.00,425.00,280.00,0.2802
473,267.00,60.00,392.53,344.85,0.2556
473,411.00,139.00,523.01,393.17,0.2491
474,267.00,60.00,392.53,344.85,0.2258
474,200.00,249.00,294.55,463.55,0.1161
474,412.00,162.00,516.00,398.00,0.0566
475,267.00,60.00,392.53,344.85,0.3138
475,399.00,225.00,425.00,284.00,0.0763
475,204.00,242.00,308.00,478.00,0.0556
476,267.00,60.00,392.53,344.85,0.3431
476,215.00,264.00,309.55,478.55,0.0388
477,267.00,60.00,392.53,344.85,0.3810
478,290.00,71.00,402.01,325.17,0.2252
479,267.00,79.00,392.53,363.85,0.3235
479,223.00,282.00,309.67,478.67,0.2612
480,267.00,60.00,392.53,344.85,0.3056
480,231.00,297.00,311.00,478.54,0.0905
481,231.00,285.00,311.00,466.54,0.2286
481,267.00,79.00,392.53,363.85,0.1661
482,247.00,60.00,372.53,344.85,0.1905
483,247.00,60.00,372.53,344.85,0.1791
483,127.00,264.00,221.55,478.55,0.0051
484,228.00,79.00,353.53,363.85,0.1592
484,492.00,82.00,596.00,318.00,0.1368
484,376.00,156.00,488.01,410.17,0.0282
485,238.00,88.00,350.01,342.17,0.2168
485,329.00,197.00,362.55,273.13,0.1233
485,380.00,162.00,484.00,398.00,0.0330
486,238.00,71.00,350.01,325.17,0.2909
486,391.00,223.00,471.00,404.54,0.2428
486,480.00,79.00,605.53,363.85,0.1447
487,236.00,82.00,340.00,318.00,0.4021
487,489.00,207.00,563.29,375.57,0.2521
487,383.00,215.00,469.67,411.67,0.1068
487,355.00,204.00,398.85,303.51,0.0095
488,244.00,75.00,338.55,289.55,0.4754
488,477.00,202.00,563.67,398.67,0.0983
489,255.00,88.00,335.00,269.54,0.3683
489,461.00,98.00,586.53,382.85,0.1558
489,89.00,299.00,163.29,467.57,-0.0034
490,265.00,88.00,327.22,229.19,0.2467
490,256.00,302.00,284.33,366.28,0.0651
491,260.00,85.00,328.04,239.40,0.2103
491,452.00,198.00,532.00,379.54,0.0594
491,255.00,305.00,281.00,364.00,0.0435
492,260.00,85.00,328.04,239.40,0.2179
493,244.00,75.00,338.55,289.55,0.2491
494,229.00,89.00,323.55,303.55,0.2692
494,134.00,112.00,174.00,202.77,0.1283
494,339.00,253.00,365.00,312.00,0.0445
495,236.00,66.00,340.00,302.00,0.3018
495,441.00,137.00,566.53,421.85,0.0712
496,221.00,71.00,333.01,325.17,0.2493
496,335.00,233.00,365.85,303.00,0.1866
497,236.00,66.00,340.00,302.00,0.3168
497,343.00,236.00,371.33,300.28,0.0889
498,238.00,71.00,350.01,325.17,0.1782
498,460.00,98.00,564.00,334.00,0.1171
499,221.00,71.00,333.01,325.17,0.2924
500,221.00,71.00,333.01,325.17,0.2920
500,441.00,98.00,566.53,382.85,0.1877
501,256.00,88.00,318.22,229.19,0.3310
501,268.00,170.00,311.85,269.51,0.1860
501,297.00,195.00,327.85,265.00,0.0197
502,262.00,89.00,314.00,207.00,0.1191
503,461.00,98.00,586.53,382.85,0.0896
504,357.00,202.00,413.88,331.07,0.0918
505,335.00,229.00,365.85,299.00,0.0931
506,461.00,79.00,586.53,363.85,0.1127
506,329.00,223.00,362.55,299.13,0.0897
507,339.00,232.00,367.33,296.28,0.2366
508,339.00,229.00,365.00,288.00,0.4456
509,343.00,225.00,369.00,284.00,0.1854
513,480.00,98.00,605.53,382.85,0.0172
514,489.00,211.00,569.00,392.54,0.2049
516,480.00,98.00,605.53,382.85,0.0881
523,208.00,60.00,333.53,344.85,0.1511
524,208.00,60.00,333.53,344.85,0.2177
525,208.00,79.00,333.53,363.85,0.1465
525,314.00,171.00,361.89,279.68,0.0736
526,322.00,171.00,369.89,279.68,0.1182
526,208.00,79.00,333.53,363.85,0.0422
527,228.00,79.00,353.53,363.85,0.2299
527,143.00,212.00,176.55,288.13,-0.0035
528,228.00,79.00,353.53,363.85,0.1130
529,313.00,88.00,375.22,229.19,0.1638
529,131.00,208.00,178.89,316.68,0.1561
529,342.00,190.00,385.85,289.51,0.0510
530,302.00,74.00,370.04,228.40,0.1377
530,116.00,208.00,163.89,316.68,0.1344
531,110.00,201.00,162.00,319.00,0.1982
531,318.00,89.00,370.00,207.00,0.1400
532,303.00,78.00,365.22,219.19,0.1585
532,102.00,209.00,154.00,327.00,0.0444
533,163.00,229.00,189.00,288.00,0.2384
533,101.00,208.00,148.89,316.68,0.0810
533,70.00,201.00,122.00,319.00,0.0436
534,139.00,225.00,165.00,284.00,0.2136
534,58.00,149.00,138.00,330.54,0.0798
534,296.00,80.00,352.88,209.07,0.0714
535,429.00,217.00,472.85,316.51,0.1565
535,123.00,229.00,149.00,288.00,0.0024
536,118.00,169.00,170.00,287.00,0.0678
537,127.00,214.00,157.85,284.00,0.1767
538,127.00,214.00,157.85,284.00,0.1698
539,182.00,119.00,229.89,227.68,0.0979
539,120.00,190.00,163.85,289.51,0.0776
540,113.00,137.00,181.04,291.40,0.3126
540,194.00,123.00,237.85,222.51,0.1703
541,111.00,127.00,185.29,295.57,0.3189
541,200.00,123.00,243.85,222.51,0.0628
542,111.00,127.00,185.29,295.57,0.4678
543,108.00,125.00,188.00,306.54,0.4800
543,306.00,59.00,380.29,227.57,0.0690
543,380.00,194.00,484.00,430.00,0.0467
544,108.00,125.00,188.00,306.54,0.4693
544,380.00,194.00,484.00,430.00,0.1668
544,323.00,64.00,391.04,218.40,0.1199
545,95.00,125.00,175.00,306.54,0.3744
545,333.00,64.00,401.04,218.40,0.1961
545,160.00,224.00,190.85,294.00,0.1193
546,100.00,127.00,174.29,295.57,0.3783
546,351.00,59.00,425.29,227.57,0.3062
547,363.00,47.00,437.29,215.57,0.3540
547,103.00,108.00,189.67,304.67,0.3254
548,103.00,108.00,189.67,304.67,0.4027
548,375.00,53.00,443.04,207.40,0.1224
549,103.00,108.00,189.67,304.67,0.3255
550,90.00,108.00,176.67,304.67,0.3526
551,84.00,89.00,178.55,303.55,0.3458
552,69.00,104.00,163.55,318.55,0.3450
553,60.00,98.00,164.00,334.00,0.1879
553,261.00,156.00,304.85,255.51,0.1125
554,44.00,98.00,148.00,334.00,0.3015
556,28.00,98.00,132.00,334.00,0.1511
557,440.00,125.00,476.77,208.44,0.0892
558,448.00,118.00,488.00,208.77,0.0522
559,140.00,98.00,244.00,334.00,0.1037
559,22.00,174.00,102.00,355.54,0.0315
560,370.00,28.00,456.67,224.67,0.0449
561,354.00,26.00,434.00,207.54,0.1434
561,185.00,170.00,221.77,253.44,0.1224
562,357.00,28.00,443.67,224.67,0.1582
563,366.00,26.00,446.00,207.54,0.2631
569,207.00,116.00,275.04,270.40,0.0493
573,184.00,191.00,214.85,261.00,0.1518
575,473.00,241.00,501.33,305.28,0.0387
579,515.00,237.00,571.88,366.07,0.2437
581,214.00,161.00,266.00,279.00,0.0320
582,208.00,158.00,264.88,287.07,0.1913
583,214.00,185.00,266.00,303.00,0.0331
585,206.00,177.00,258.00,295.00,0.0879
586,199.00,176.00,255.88,305.07,0.3186
587,176.00,147.00,244.04,301.40,0.3526
587,502.00,223.00,582.00,404.54,0.1222
588,176.00,158.00,244.04,312.40,0.2397
589,145.00,137.00,225.00,318.54,0.3517
590,132.00,137.00,212.00,318.54,0.3075
591,120.00,137.00,200.00,318.54,0.2033
591,191.00,116.00,265.29,284.57,0.1685
591,445.00,228.00,501.88,357.07,0.1253
592,427.00,228.00,483.88,357.07,0.3598
592,95.00,149.00,175.00,330.54,0.2767
594,55.00,118.00,149.55,332.55,0.0963
601,175.00,209.00,201.00,268.00,0.0703
601,316.00,2.00,410.55,216.55,0.0374
603,330.00,2.00,416.67,198.67,0.0148
611,188.00,146.00,292.00,382.00,-0.0047
612,169.00,139.00,281.01,393.17,0.1517
612,396.00,158.00,464.04,312.40,0.1143
613,389.00,164.00,451.22,305.19,0.1316
614,134.00,169.00,186.00,287.00,0.0554
615,360.00,16.00,454.55,230.55,0.0759
615,134.00,204.00,174.00,294.77,0.0406
616,172.00,114.00,276.00,350.00,0.2651
616,122.00,155.00,184.22,296.19,0.2327
616,389.00,2.00,483.55,216.55,0.0212
617,112.00,145.00,174.22,286.19,0.3970
617,169.00,105.00,281.01,359.17,0.1995
618,102.00,137.00,170.04,291.40,0.2697
618,396.00,-30.00,500.00,206.00,0.0249
619,92.00,137.00,160.04,291.40,0.2702
621,69.00,147.00,163.55,361.55,0.0976
625,151.00,122.00,263.01,376.17,0.0038
626,169.00,122.00,281.01,376.17,0.1111
627,172.00,114.00,276.00,350.00,0.1445
628,169.00,88.00,281.01,342.17,0.2214
629,172.00,114.00,276.00,350.00,0.2862
630,313.00,88.00,369.88,217.07,0.1556
630,252.00,114.00,356.00,350.00,0.1203
630,186.00,122.00,298.01,376.17,0.1129
632,160.00,251.00,222.22,392.19,0.2461
632,268.00,114.00,372.00,350.00,0.1357
634,284.00,114.00,388.00,350.00,0.0685
639,99.00,225.00,211.01,479.17,-0.0064
640,284.00,98.00,388.00,334.00,0.0452
643,186.00,262.00,254.04,416.40,0.2364
643,273.00,118.00,367.55,332.55,0.1412
644,186.00,273.00,254.04,427.40,0.2723
644,277.00,135.00,363.67,331.67,0.0625
645,273.00,118.00,367.55,332.55,0.1749
645,186.00,262.00,254.04,416.40,0.1086
646,271.00,161.00,345.29,329.57,0.0751
647,268.00,149.00,348.00,330.54,0.1524
647,197.00,252.00,244.89,360.68,0.0856
648,268.00,149.00,348.00,330.54,0.1348
649,197.00,252.00,244.89,360.68,0.1458
649,203.00,150.00,277.29,318.57,0.0501
650,156.00,249.00,250.55,463.55,0.1574
650,194.00,149.00,274.00,330.54,0.0021
651,236.00,114.00,340.00,350.00,0.0991
652,204.00,245.00,251.89,353.68,0.0961
653,177.00,265.00,217.00,355.77,0.1433
655,175.00,252.00,222.89,360.68,0.1390
656,167.00,259.00,214.89,367.68,0.1066
657,255.00,137.00,335.00,318.54,0.0989
658,260.00,150.00,334.29,318.57,0.1242
659,271.00,127.00,345.29,295.57,0.1742
660,191.00,245.00,247.88,374.07,0.1622
660,268.00,137.00,348.00,318.54,0.1482
661,206.00,249.00,258.00,367.00,0.1055
662,206.00,241.00,258.00,359.00,0.1003
662,278.00,201.00,330.00,319.00,0.0289
663,200.00,251.00,243.85,350.51,0.0718
664,200.00,147.00,294.55,361.55,0.0789
667,268.00,137.00,348.00,318.54,0.1419
668,219.00,245.00,266.89,353.68,0.1671
669,219.00,237.00,266.89,345.68,0.3052
670,211.00,230.00,258.89,338.68,0.1548
671,294.00,150.00,368.29,318.57,0.0762
672,283.00,150.00,357.29,318.57,0.1013
673,283.00,150.00,357.29,318.57,0.2883
673,392.00,228.00,432.00,318.77,0.0728
674,372.00,232.00,408.77,315.44,0.1417
674,283.00,150.00,357.29,318.57,0.0918
674,392.00,222.00,432.00,312.77,0.0776
675,211.00,252.00,258.89,360.68,0.2444
675,263.00,135.00,349.67,331.67,0.1293
676,219.00,245.00,266.89,353.68,0.1173
677,223.00,148.00,309.67,344.67,0.3114
677,365.00,220.00,433.04,374.40,0.1115
678,223.00,148.00,309.67,344.67,0.1915
678,355.00,235.00,395.00,325.77,0.0662
679,268.00,149.00,348.00,330.54,0.2274
679,362.00,241.00,402.00,331.77,0.1363
680,355.00,247.00,395.00,337.77,0.1216
681,354.00,231.00,422.04,385.40,0.0138
682,260.00,150.00,334.29,318.57,0.0760
683,206.00,149.00,286.00,330.54,0.0516
684,260.00,139.00,334.29,307.57,0.1438
685,260.00,139.00,334.29,307.57,0.1363
686,260.00,139.00,334.29,307.57,0.0823
686,78.00,193.00,130.00,311.00,0.0354
687,72.00,208.00,119.89,316.68,0.0478
690,51.00,229.00,77.00,288.00,0.2294
691,39.00,229.00,65.00,288.00,0.0137
692,34.00,227.00,62.33,291.28,0.0728
693,329.00,211.00,409.00,392.54,0.0799
694,325.00,235.00,365.00,325.77,0.2127
694,249.00,127.00,323.29,295.57,0.1404
694,57.00,208.00,104.89,316.68,0.1177
695,322.00,224.00,365.85,323.51,0.2967
695,52.00,210.00,95.85,309.51,0.1071
698,238.00,259.00,278.00,349.77,0.0634
699,241.00,251.00,284.85,350.51,0.1483
700,241.00,258.00,284.85,357.51,0.1988
700,69.00,147.00,163.55,361.55,0.1304
701,63.00,162.00,149.67,358.67,0.3843
702,44.00,130.00,148.00,366.00,0.4320
703,37.00,175.00,123.67,371.67,0.3404
703,241.00,265.00,284.85,364.51,0.0818
704,241.00,259.00,288.89,367.68,0.2504
704,12.00,162.00,116.00,398.00,0.1579
705,-4.00,162.00,100.00,398.00,0.2172
705,241.00,252.00,288.89,360.68,0.1695
707,248.00,244.00,291.85,343.51,0.1045
709,258.00,205.00,352.55,419.55,0.0485
711,255.00,211.00,335.00,392.54,0.1606
716,29.00,253.00,69.00,343.77,0.0275
718,270.00,225.00,322.00,343.00,0.1172
719,238.00,259.00,278.00,349.77,0.1779
720,241.00,244.00,284.85,343.51,0.2097
721,238.00,241.00,278.00,331.77,0.1263
722,238.00,241.00,278.00,331.77,0.0066
723,282.00,241.00,322.00,331.77,0.1128
723,236.00,243.00,269.55,319.13,0.1062
724,91.00,201.00,117.00,260.00,0.3080
724,302.00,231.00,370.04,385.40,0.0982
724,237.00,139.00,311.29,307.57,0.0483
725,302.00,231.00,370.04,385.40,0.0862
725,237.00,139.00,311.29,307.57,0.0436
726,91.00,201.00,117.00,260.00,0.3698
727,90.00,193.00,118.33,257.28,0.2945
728,83.00,201.00,109.00,260.00,0.2605
729,79.00,186.00,109.85,256.00,0.2797
730,81.00,192.00,114.55,268.13,0.0093
732,70.00,200.00,100.85,270.00,0.1353
733,67.00,193.00,103.77,276.44,0.3616
734,61.00,198.00,97.77,281.44,0.3707
734,215.00,147.00,309.55,361.55,0.0199
735,55.00,193.00,91.77,276.44,0.2385
735,248.00,272.00,284.77,355.44,0.1096
736,56.00,205.00,86.85,275.00,0.3936
737,47.00,210.00,75.33,274.28,0.1915
738,41.00,200.00,71.85,270.00,0.3010
738,281.00,244.00,324.85,343.51,0.1625
738,252.00,167.00,308.88,296.07,0.0466
739,33.00,187.00,69.77,270.44,0.2150
739,252.00,167.00,308.88,296.07,0.0911
739,282.00,253.00,322.00,343.77,0.0625
740,30.00,197.00,63.55,273.13,0.3893
740,252.00,167.00,308.88,296.07,0.0971
741,27.00,200.00,57.85,270.00,0.2828
741,60.00,114.00,164.00,350.00,0.0677
742,18.00,200.00,48.85,270.00,0.1934
742,215.00,254.00,248.55,330.13,0.0722
745,226.00,243.00,259.55,319.13,0.2668
745,15.00,79.00,140.53,363.85,0.0643
745,157.00,235.00,237.00,416.54,0.0090
748,245.00,257.00,275.85,327.00,0.1152
749,90.00,122.00,176.67,318.67,0.3446
750,84.00,118.00,178.55,332.55,0.3422
750,172.00,114.00,276.00,350.00,0.1437
751,92.00,98.00,196.00,334.00,0.5824
752,76.00,98.00,180.00,334.00,0.4003
752,14.00,137.00,66.00,255.00,0.1861
752,318.00,225.00,370.00,343.00,0.0699
753,76.00,98.00,180.00,334.00,0.4056
753,170.00,79.00,295.53,363.85,0.1478
754,76.00,98.00,180.00,334.00,0.2225
754,29.00,167.00,69.00,257.77,0.1343
754,170.00,98.00,295.53,382.85,0.1082
755,76.00,82.00,180.00,318.00,0.3520
755,29.00,167.00,69.00,257.77,0.1855
755,186.00,122.00,298.01,376.17,0.1101
756,65.00,88.00,177.01,342.17,0.2247
756,204.00,130.00,308.00,366.00,0.1866
756,32.00,156.00,75.85,255.51,0.0571
757,204.00,130.00,308.00,366.00,0.1953
757,53.00,60.00,178.53,344.85,0.1451
758,34.00,60.00,159.53,344.85,0.1707
759,337.00,222.00,384.89,330.68,0.1028
760,127.00,189.00,153.00,248.00,0.2677
760,227.00,232.00,289.22,373.19,0.0232
761,123.00,176.00,156.55,252.13,0.2647
762,127.00,176.00,157.85,246.00,0.2973
762,219.00,114.00,255.77,197.44,0.0348
763,122.00,167.00,152.85,237.00,0.3070
763,84.00,159.00,120.77,242.44,0.1444
763,48.00,148.00,88.00,238.77,0.1250
763,179.00,141.00,205.00,200.00,0.0614
763,335.00,217.00,378.85,316.51,0.0227
764,85.00,161.00,125.00,251.77,0.2679
764,158.00,145.00,210.00,263.00,0.2608
764,122.00,172.00,152.85,242.00,0.2381
764,208.00,79.00,333.53,363.85,0.1836
765,156.00,149.00,212.88,278.07,0.3437
765,121.00,184.00,149.33,248.28,0.2532
765,304.00,245.00,332.33,309.28,0.0967
766,150.00,161.00,202.00,279.00,0.4927
766,52.00,156.00,95.85,255.51,0.3200
766,117.00,181.00,147.85,251.00,0.2074
766,89.00,170.00,125.77,253.44,0.1245
766,342.00,209.00,394.00,327.00,0.0627
767,129.00,149.00,185.88,278.07,0.3605
767,78.00,167.00,118.00,257.77,0.0950
767,182.00,153.00,234.00,271.00,0.0923
768,52.00,156.00,95.85,255.51,0.2595
768,293.00,229.00,323.85,299.00,0.2157
768,173.00,149.00,229.88,278.07,0.1933
769,174.00,161.00,226.00,279.00,0.5218
769,48.00,161.00,88.00,251.77,0.1783
769,72.00,167.00,112.00,257.77,0.1556
770,170.00,145.00,232.22,286.19,0.3471
770,54.00,145.00,106.00,263.00,0.2967
770,102.00,161.00,154.00,279.00,0.1338
770,327.00,238.00,363.77,321.44,0.0528
771,46.00,145.00,98.00,263.00,0.3319
771,86.00,153.00,138.00,271.00,0.3277
771,164.00,149.00,220.88,278.07,0.3201
771,315.00,231.00,358.85,330.51,0.0502
771,283.00,243.00,313.85,313.00,0.0497
772,77.00,141.00,133.88,270.07,0.4371
772,160.00,145.00,222.22,286.19,0.3650
772,312.00,235.00,352.00,325.77,0.0498
773,150.00,145.00,212.22,286.19,0.4168
773,64.00,136.00,126.22,277.19,0.2195
774,144.00,137.00,212.04,291.40,0.3550
774,68.00,141.00,124.88,270.07,0.0928
775,144.00,137.00,212.04,291.40,0.3152
775,204.00,114.00,308.00,350.00,0.1845
775,59.00,149.00,115.88,278.07,0.0639
776,91.00,173.00,131.00,263.77,0.3341
776,134.00,147.00,202.04,301.40,0.2120
776,42.00,141.00,98.88,270.07,0.1661
776,220.00,98.00,324.00,334.00,0.0634
777,85.00,173.00,125.00,263.77,0.3427
777,208.00,79.00,333.53,363.85,0.2775
777,134.00,147.00,202.04,301.40,0.2659
777,29.00,127.00,97.04,281.40,0.0329
778,91.00,173.00,131.00,263.77,0.4414
778,123.00,139.00,197.29,307.57,0.1659
778,51.00,153.00,77.00,212.00,0.0162
779,97.00,179.00,137.00,269.77,0.3726
779,26.00,145.00,88.22,286.19,0.3022
779,329.00,222.00,376.89,330.68,0.1250
780,93.00,170.00,136.85,269.51,0.3861
780,26.00,145.00,88.22,286.19,0.2216
780,120.00,125.00,200.00,306.54,0.1276
781,117.00,122.00,203.67,318.67,0.2061
781,236.00,130.00,340.00,366.00,0.1817
782,220.00,130.00,324.00,366.00,0.2978
782,113.00,118.00,207.55,332.55,0.2177
783,236.00,130.00,340.00,366.00,0.4537
783,98.00,118.00,192.55,332.55,0.2660
783,70.00,153.00,122.00,271.00,0.2049
783,328.00,224.00,371.85,323.51,0.0731
783,7.00,158.00,63.88,287.07,0.0370
784,92.00,114.00,196.00,350.00,0.2782
784,70.00,161.00,122.00,279.00,0.1459
784,238.00,122.00,350.01,376.17,0.1385
784,331.00,235.00,371.00,325.77,0.1171
785,76.00,114.00,180.00,350.00,0.5421
785,220.00,130.00,324.00,366.00,0.1740
785,172.00,114.00,276.00,350.00,0.1459
786,65.00,105.00,177.01,359.17,0.4703
787,60.00,114.00,164.00,350.00,0.5251
788,34.00,79.00,159.53,363.85,0.3722
789,15.00,79.00,140.53,363.85,0.2709
789,124.00,114.00,228.00,350.00,0.1610
789,229.00,133.00,323.55,347.55,0.0631
790,204.00,206.00,232.33,270.28,0.2355
790,108.00,114.00,212.00,350.00,0.2348
791,199.00,210.00,227.33,274.28,0.1539
791,98.00,118.00,192.55,332.55,0.1259
792,188.00,210.00,218.85,280.00,0.3216
792,73.00,98.00,198.53,382.85,0.2783
792,221.00,206.00,249.33,270.28,0.1258
793,179.00,202.00,212.55,278.13,0.1278
794,179.00,192.00,212.55,268.13,0.2073
795,174.00,205.00,204.85,275.00,0.3558
795,204.00,197.00,232.33,261.28,0.1410
796,169.00,198.00,205.77,281.44,0.3884
796,128.00,197.00,161.55,273.13,0.0946
797,163.00,193.00,199.77,276.44,0.3588
797,113.00,170.00,156.85,269.51,0.2537
798,165.00,192.00,205.00,282.77,0.3444
798,109.00,185.00,149.00,275.77,0.3220
798,57.00,171.00,104.89,279.68,0.2343
798,211.00,205.00,237.00,264.00,0.1209
799,57.00,171.00,104.89,279.68,0.4907
799,101.00,171.00,148.89,279.68,0.3359
799,171.00,221.00,197.00,280.00,0.3052
799,211.00,205.00,237.00,264.00,0.1845
800,157.00,193.00,193.77,276.44,0.3070
800,54.00,161.00,106.00,279.00,0.2788
800,99.00,177.00,142.85,276.51,0.0862
801,167.00,221.00,193.00,280.00,0.4014
801,50.00,171.00,97.89,279.68,0.3375
801,193.00,195.00,223.85,265.00,0.2825
801,146.00,179.00,186.00,269.77,0.1261
801,207.00,195.00,237.85,265.00,0.0842
802,50.00,158.00,106.88,287.07,0.4854
802,163.00,225.00,189.00,284.00,0.3450
802,198.00,195.00,228.85,265.00,0.3335
803,50.00,158.00,106.88,287.07,0.4035
803,157.00,198.00,193.77,281.44,0.3644
803,197.00,187.00,233.77,270.44,0.1472
804,200.00,197.00,233.55,273.13,0.3362
804,158.00,198.00,198.00,288.77,0.2976
804,42.00,158.00,98.88,287.07,0.2445
805,59.00,158.00,115.88,287.07,0.4281
805,171.00,229.00,197.00,288.00,0.4081
805,202.00,187.00,238.77,270.44,0.2349
806,68.00,158.00,124.88,287.07,0.4461
806,160.00,183.00,203.85,282.51,0.3075
806,202.00,187.00,238.77,270.44,0.0768
806,220.00,114.00,324.00,350.00,0.0735
807,68.00,158.00,124.88,287.07,0.4643
807,166.00,177.00,218.00,295.00,0.2414
807,207.00,177.00,250.85,276.51,0.1312
808,68.00,149.00,124.88,278.07,0.3473
808,166.00,177.00,218.00,295.00,0.2114
808,214.00,187.00,250.77,270.44,0.1653
809,173.00,167.00,229.88,296.07,0.4514
809,86.00,169.00,138.00,287.00,0.4054
809,226.00,192.00,266.00,282.77,0.1459
810,182.00,176.00,238.88,305.07,0.3708
810,85.00,158.00,141.88,287.07,0.3409
810,258.00,133.00,352.55,347.55,0.1688
810,232.00,192.00,272.00,282.77,0.1655
811,182.00,167.00,238.88,296.07,0.4733
811,94.00,169.00,146.00,287.00,0.2297
811,236.00,193.00,272.77,276.44,0.1721
812,182.00,176.00,238.88,305.07,0.5025
812,236.00,193.00,272.77,276.44,0.2375
812,94.00,169.00,146.00,287.00,0.2108
813,182.00,176.00,238.88,305.07,0.4252
813,238.00,192.00,278.00,282.77,0.2831
813,94.00,169.00,146.00,287.00,0.2201
813,257.00,192.00,297.00,282.77,0.0504
813,50.00,137.00,118.04,291.40,0.0243
814,179.00,164.00,241.22,305.19,0.4093
814,238.00,192.00,278.00,282.77,0.2975
814,94.00,169.00,146.00,287.00,0.2387
814,287.00,133.00,381.55,347.55,0.1505
814,259.00,193.00,295.77,276.44,0.1408
815,94.00,169.00,146.00,287.00,0.2492
815,189.00,222.00,229.00,312.77,0.2334
815,241.00,183.00,284.85,282.51,0.1718
815,50.00,147.00,118.04,301.40,0.0698
816,94.00,169.00,146.00,287.00,0.1704
816,355.00,235.00,395.00,325.77,0.1530
816,31.00,127.00,105.29,295.57,0.1191
816,238.00,192.00,278.00,282.77,0.0933
817,85.00,158.00,141.88,287.07,0.1142
817,234.00,183.00,277.85,282.51,0.0836
818,227.00,183.00,270.85,282.51,0.2408
818,85.00,167.00,141.88,296.07,0.1040
818,22.00,185.00,74.00,303.00,0.0337
818,170.00,174.00,232.22,315.19,0.0153
819,226.00,178.00,273.89,286.68,0.2623
819,157.00,150.00,231.29,318.57,0.0972
819,85.00,167.00,141.88,296.07,0.0751
820,214.00,169.00,266.00,287.00,0.1074
820,167.00,224.00,210.85,323.51,0.0956
821,64.00,155.00,126.22,296.19,0.2290
821,206.00,169.00,258.00,287.00,0.2044
822,55.00,155.00,117.22,296.19,0.2457
822,191.00,167.00,247.88,296.07,0.1999
822,145.00,222.00,192.89,330.68,0.0718
823,189.00,164.00,251.22,305.19,0.2237
823,50.00,147.00,118.04,301.40,0.1377
824,98.00,133.00,192.55,347.55,0.2200
824,45.00,164.00,107.22,305.19,0.1576
824,182.00,167.00,238.88,296.07,0.1556
825,103.00,148.00,189.67,344.67,0.3095
825,36.00,164.00,98.22,305.19,0.2164
825,179.00,155.00,241.22,296.19,0.1988
825,226.00,176.00,282.88,305.07,0.0286
826,170.00,155.00,232.22,296.19,0.1656
826,217.00,176.00,273.88,305.07,0.1424
826,22.00,125.00,102.00,306.54,0.0570
827,155.00,158.00,223.04,312.40,0.3068
827,60.00,130.00,164.00,366.00,0.2802
827,18.00,147.00,86.04,301.40,0.0506
828,155.00,158.00,223.04,312.40,0.2066
828,208.00,184.00,264.88,313.07,0.1297
829,144.00,147.00,212.04,301.40,0.2719
829,198.00,174.00,260.22,315.19,0.1861
830,130.00,135.00,216.67,331.67,0.2234
830,199.00,193.00,255.88,322.07,0.1721
831,134.00,150.00,208.29,318.57,0.3567
832,108.00,137.00,188.00,318.54,0.1695
833,176.00,168.00,244.04,322.40,0.3421
833,120.00,231.00,163.85,330.51,0.2046
834,98.00,118.00,192.55,332.55,0.2113
834,170.00,174.00,232.22,315.19,0.1817
835,76.00,114.00,180.00,350.00,0.2956
835,157.00,161.00,231.29,329.57,0.1511
836,76.00,114.00,180.00,350.00,0.3630
836,268.00,163.00,311.85,262.51,0.0454
837,317.00,122.00,403.67,318.67,0.1112
837,60.00,114.00,164.00,350.00,0.1028
837,298.00,192.00,331.55,268.13,0.0722
837,155.00,158.00,223.04,312.40,0.0646
