1,1,50.00,191.00,111.00,332.00
1,2,175.00,200.00,223.00,304.00
1,3,218.00,210.00,247.00,289.00
1,4,252.00,185.00,298.00,312.00
1,5,289.00,187.00,333.00,312.00
2,1,46.00,189.00,107.00,336.00
2,2,173.00,192.00,210.00,305.00
2,3,220.00,216.00,243.00,286.00
2,4,257.00,183.00,298.00,309.00
2,5,291.00,183.00,344.00,311.00
3,1,35.00,188.00,109.00,339.00
3,2,168.00,196.00,212.00,303.00
3,3,218.00,214.00,245.00,286.00
3,4,259.00,181.00,298.00,309.00
3,5,291.00,186.00,337.00,314.00
4,1,31.00,181.00,94.00,341.00
4,2,160.00,190.00,215.00,307.00
4,3,216.00,214.00,245.00,288.00
4,4,254.00,181.00,303.00,311.00
4,5,293.00,183.00,339.00,309.00
5,1,18.00,186.00,92.00,346.00
5,2,162.00,188.00,208.00,309.00
5,3,216.00,211.00,245.00,288.00
5,4,257.00,186.00,307.00,311.00
5,5,295.00,186.00,346.00,316.00
6,1,16.00,183.00,88.00,346.00
6,2,160.00,190.00,208.00,311.00
6,3,211.00,209.00,243.00,288.00
6,4,259.00,179.00,307.00,311.00
6,5,297.00,190.00,344.00,314.00
7,1,9.00,181.00,79.00,354.00
7,2,153.00,188.00,202.00,314.00
7,3,216.00,209.00,243.00,288.00
7,4,263.00,183.00,307.00,316.00
7,5,302.00,192.00,350.00,314.00
8,1,5.00,179.00,66.00,354.00
8,2,147.00,190.00,206.00,318.00
8,3,209.00,211.00,243.00,290.00
8,4,259.00,183.00,314.00,314.00
8,5,300.00,190.00,350.00,314.00
9,1,3.00,179.00,60.00,357.00
9,2,147.00,192.00,202.00,316.00
9,3,209.00,211.00,240.00,290.00
9,4,261.00,188.00,311.00,314.00
9,5,302.00,190.00,350.00,314.00
10,1,1.00,173.00,62.00,363.00
10,2,140.00,188.00,193.00,318.00
10,3,209.00,211.00,243.00,290.00
10,4,263.00,181.00,320.00,309.00
10,5,306.00,186.00,357.00,314.00
11,2,136.00,186.00,193.00,318.00
11,3,205.00,209.00,240.00,290.00
11,4,265.00,181.00,314.00,309.00
11,5,310.00,188.00,357.00,311.00
12,2,134.00,181.00,187.00,326.00
12,3,203.00,211.00,238.00,296.00
12,4,267.00,186.00,316.00,314.00
12,5,306.00,192.00,359.00,318.00
13,2,128.00,179.00,184.00,326.00
13,3,201.00,209.00,236.00,296.00
13,4,265.00,186.00,318.00,316.00
13,5,308.00,190.00,359.00,316.00
13,6,239.00,209.00,277.00,288.00
14,2,121.00,177.00,184.00,329.00
14,3,198.00,207.00,238.00,294.00
14,4,269.00,181.00,318.00,311.00
14,5,313.00,190.00,361.00,316.00
14,6,239.00,209.00,277.00,290.00
15,2,119.00,177.00,176.00,329.00
15,3,203.00,209.00,234.00,294.00
15,4,269.00,186.00,318.00,314.00
15,5,313.00,192.00,357.00,318.00
15,6,242.00,207.00,277.00,290.00
16,2,108.00,177.00,169.00,337.00
16,3,198.00,209.00,232.00,298.00
16,4,269.00,188.00,320.00,318.00
16,5,315.00,194.00,363.00,322.00
16,6,242.00,205.00,273.00,292.00
17,2,100.00,175.00,165.00,344.00
17,3,192.00,207.00,225.00,298.00
17,4,265.00,181.00,316.00,318.00
17,5,308.00,196.00,359.00,318.00
17,6,237.00,207.00,273.00,294.00
18,2,89.00,173.00,154.00,344.00
18,3,192.00,209.00,227.00,298.00
18,4,269.00,183.00,316.00,314.00
18,5,317.00,192.00,361.00,314.00
18,6,235.00,205.00,268.00,294.00
19,2,80.00,168.00,152.00,348.00
19,3,190.00,207.00,223.00,301.00
19,4,269.00,179.00,318.00,311.00
19,5,308.00,190.00,363.00,316.00
19,6,233.00,203.00,270.00,298.00
20,2,74.00,164.00,156.00,346.00
20,3,183.00,205.00,221.00,301.00
20,4,265.00,179.00,316.00,311.00
20,5,310.00,183.00,363.00,316.00
20,6,231.00,198.00,266.00,292.00
21,2,61.00,158.00,150.00,344.00
21,3,181.00,205.00,219.00,298.00
21,4,269.00,179.00,320.00,311.00
21,5,310.00,186.00,361.00,311.00
21,6,222.00,198.00,264.00,294.00
22,2,50.00,153.00,135.00,346.00
22,3,177.00,196.00,215.00,298.00
22,4,265.00,175.00,316.00,307.00
22,5,315.00,181.00,361.00,311.00
22,6,224.00,196.00,264.00,290.00
23,2,39.00,151.00,133.00,357.00
23,3,177.00,196.00,212.00,301.00
23,4,272.00,179.00,320.00,311.00
23,5,313.00,188.00,363.00,314.00
23,6,222.00,196.00,262.00,294.00
24,2,31.00,151.00,122.00,359.00
24,3,168.00,196.00,210.00,301.00
24,4,265.00,181.00,320.00,311.00
24,5,315.00,192.00,365.00,311.00
24,6,218.00,194.00,258.00,294.00
25,2,25.00,147.00,115.00,369.00
25,3,169.00,196.00,207.00,301.00
25,4,277.00,181.00,319.00,311.00
25,5,324.00,192.00,368.00,316.00
25,6,217.00,198.00,259.00,294.00
26,2,12.00,143.00,108.00,376.00
26,3,163.00,194.00,203.00,301.00
26,4,266.00,183.00,321.00,309.00
26,5,322.00,192.00,366.00,314.00
26,6,208.00,192.00,259.00,298.00
27,2,8.00,138.00,99.00,378.00
27,3,159.00,198.00,198.00,305.00
27,4,268.00,179.00,317.00,307.00
27,5,322.00,186.00,368.00,311.00
27,6,204.00,192.00,257.00,296.00
27,7,103.00,205.00,132.00,268.00
28,2,2.00,134.00,84.00,378.00
28,3,150.00,198.00,194.00,305.00
28,4,264.00,186.00,321.00,309.00
28,5,314.00,188.00,364.00,311.00
28,6,202.00,190.00,248.00,296.00
28,7,101.00,205.00,130.00,270.00
29,2,4.00,123.00,84.00,387.00
29,3,152.00,194.00,192.00,305.00
29,4,268.00,181.00,319.00,307.00
29,5,318.00,186.00,362.00,309.00
29,6,206.00,190.00,248.00,292.00
29,7,94.00,205.00,125.00,266.00
30,3,144.00,192.00,192.00,307.00
30,4,266.00,178.00,319.00,309.00
30,5,318.00,177.00,366.00,309.00
30,6,200.00,183.00,248.00,298.00
30,7,94.00,207.00,123.00,273.00
31,3,137.00,190.00,186.00,307.00
31,4,264.00,179.00,317.00,309.00
31,5,322.00,190.00,368.00,314.00
31,6,195.00,186.00,246.00,307.00
31,7,90.00,205.00,119.00,273.00
32,3,135.00,194.00,183.00,314.00
32,4,264.00,188.00,321.00,311.00
32,5,316.00,190.00,362.00,318.00
32,6,195.00,188.00,244.00,301.00
32,7,88.00,203.00,115.00,270.00
33,3,133.00,192.00,177.00,311.00
33,4,271.00,183.00,323.00,314.00
33,5,320.00,188.00,364.00,316.00
33,6,198.00,185.00,244.00,298.00
33,7,83.00,203.00,115.00,273.00
34,3,131.00,190.00,175.00,316.00
34,4,266.00,179.00,319.00,316.00
34,5,318.00,192.00,366.00,316.00
34,6,191.00,186.00,241.00,305.00
34,7,81.00,207.00,108.00,275.00
35,3,122.00,190.00,168.00,320.00
35,4,264.00,183.00,312.00,318.00
35,5,316.00,192.00,362.00,318.00
35,6,187.00,186.00,235.00,314.00
35,7,77.00,207.00,106.00,279.00
36,3,111.00,196.00,162.00,326.00
36,4,266.00,188.00,312.00,318.00
36,5,314.00,192.00,360.00,320.00
36,6,182.00,186.00,237.00,318.00
36,7,64.00,209.00,97.00,279.00
37,3,107.00,190.00,151.00,322.00
37,4,258.00,181.00,310.00,314.00
37,5,316.00,194.00,362.00,316.00
37,6,178.00,179.00,224.00,316.00
37,7,62.00,205.00,95.00,277.00
38,3,98.00,190.00,142.00,324.00
38,4,265.00,188.00,310.00,309.00
38,5,314.00,192.00,360.00,320.00
38,6,174.00,181.00,222.00,322.00
38,7,55.00,205.00,93.00,279.00
39,3,96.00,181.00,149.00,326.00
39,4,258.00,181.00,311.00,308.00
39,5,314.00,186.00,360.00,318.00
39,6,172.00,168.00,231.00,314.00
39,7,51.00,201.00,89.00,277.00
40,3,98.00,183.00,145.00,329.00
40,4,264.00,188.00,308.00,316.00
40,5,309.00,183.00,364.00,318.00
40,6,165.00,175.00,220.00,316.00
40,7,49.00,203.00,89.00,279.00
41,3,90.00,183.00,142.00,329.00
41,4,264.00,183.00,308.00,314.00
41,5,314.00,194.00,358.00,318.00
41,6,152.00,171.00,220.00,326.00
41,7,47.00,198.00,84.00,277.00
42,3,88.00,171.00,145.00,331.00
42,4,262.00,177.00,317.00,316.00
42,5,314.00,190.00,364.00,318.00
42,6,157.00,166.00,216.00,324.00
42,7,47.00,198.00,84.00,277.00
43,3,79.00,173.00,132.00,337.00
43,4,264.00,186.00,317.00,318.00
43,5,316.00,190.00,362.00,318.00
43,6,157.00,162.00,218.00,326.00
43,7,43.00,198.00,74.00,277.00
44,3,75.00,168.00,123.00,335.00
44,4,266.00,181.00,310.00,316.00
44,5,314.00,186.00,355.00,314.00
44,6,152.00,155.00,209.00,322.00
44,7,34.00,194.00,74.00,277.00
45,3,58.00,164.00,121.00,335.00
45,4,268.00,173.00,317.00,314.00
45,5,314.00,181.00,360.00,314.00
45,6,144.00,147.00,205.00,322.00
45,7,34.00,194.00,74.00,279.00
46,3,49.00,164.00,115.00,346.00
46,4,271.00,175.00,317.00,311.00
46,5,311.00,179.00,360.00,314.00
46,6,137.00,149.00,201.00,322.00
46,7,32.00,194.00,67.00,277.00
47,3,49.00,164.00,115.00,352.00
47,4,268.00,175.00,321.00,311.00
47,5,314.00,186.00,353.00,316.00
47,6,137.00,143.00,205.00,341.00
47,7,23.00,196.00,65.00,281.00
48,3,27.00,158.00,110.00,359.00
48,4,271.00,177.00,317.00,311.00
48,5,311.00,183.00,355.00,314.00
48,6,126.00,143.00,198.00,339.00
49,3,21.00,155.00,99.00,367.00
49,4,266.00,181.00,315.00,316.00
49,5,314.00,188.00,353.00,316.00
49,6,126.00,140.00,192.00,350.00
50,3,17.00,151.00,99.00,369.00
50,4,268.00,179.00,321.00,314.00
50,5,309.00,186.00,362.00,318.00
50,6,118.00,138.00,196.00,348.00
51,3,8.00,151.00,84.00,378.00
51,4,268.00,177.00,319.00,314.00
51,5,314.00,196.00,360.00,318.00
51,6,98.00,143.00,190.00,357.00
52,3,0.00,143.00,74.00,376.00
52,4,271.00,181.00,321.00,316.00
52,5,311.00,194.00,355.00,318.00
52,6,98.00,132.00,194.00,363.00
53,4,268.00,177.00,317.00,311.00
53,5,305.00,186.00,355.00,316.00
53,6,83.00,121.00,173.00,380.00
54,4,268.00,186.00,315.00,316.00
54,5,309.00,186.00,358.00,320.00
54,6,62.00,117.00,166.00,376.00
55,4,268.00,179.00,321.00,316.00
55,5,305.00,192.00,355.00,320.00
55,6,58.00,106.00,168.00,400.00
56,4,275.00,181.00,319.00,318.00
56,5,309.00,188.00,360.00,318.00
56,6,45.00,100.00,155.00,415.00
57,4,275.00,181.00,317.00,318.00
57,5,311.00,190.00,358.00,320.00
57,6,27.00,93.00,153.00,434.00
58,4,277.00,186.00,325.00,316.00
58,5,311.00,196.00,358.00,318.00
58,6,15.00,87.00,132.00,440.00
59,4,279.00,183.00,327.00,312.00
59,5,309.00,192.00,360.00,316.00
59,6,6.00,72.00,132.00,475.00
60,4,279.00,186.00,325.00,314.00
60,5,316.00,188.00,355.00,318.00
60,6,2.00,57.00,112.00,465.00
61,4,279.00,181.00,330.00,311.00
61,5,314.00,194.00,358.00,320.00
62,4,277.00,181.00,327.00,307.00
62,5,311.00,190.00,364.00,318.00
62,8,137.00,211.00,162.00,273.00
62,9,249.00,211.00,272.00,275.00
63,4,283.00,183.00,325.00,314.00
63,5,318.00,188.00,364.00,320.00
63,8,137.00,209.00,164.00,270.00
63,9,247.00,211.00,274.00,277.00
64,4,286.00,179.00,330.00,314.00
64,5,318.00,190.00,371.00,318.00
64,8,135.00,211.00,158.00,270.00
64,9,247.00,214.00,276.00,273.00
65,4,283.00,179.00,330.00,316.00
65,5,322.00,190.00,364.00,316.00
65,8,133.00,211.00,160.00,268.00
65,9,244.00,211.00,272.00,273.00
66,4,288.00,183.00,332.00,316.00
66,5,324.00,190.00,366.00,320.00
66,8,133.00,218.00,155.00,268.00
66,9,243.00,207.00,269.00,273.00
67,4,288.00,186.00,327.00,320.00
67,5,322.00,196.00,366.00,322.00
67,8,133.00,214.00,160.00,270.00
67,9,243.00,211.00,267.00,277.00
68,4,285.00,183.00,326.00,316.00
68,5,317.00,186.00,365.00,322.00
68,8,130.00,218.00,156.00,270.00
68,9,242.00,211.00,266.00,273.00
69,4,278.00,186.00,329.00,318.00
69,5,323.00,192.00,369.00,320.00
69,8,134.00,218.00,156.00,273.00
69,9,237.00,209.00,264.00,279.00
70,4,280.00,179.00,329.00,320.00
70,5,321.00,190.00,369.00,320.00
70,8,130.00,220.00,156.00,273.00
70,9,239.00,214.00,266.00,277.00
71,4,285.00,182.00,329.00,319.00
71,5,328.00,191.00,369.00,319.00
71,8,128.00,219.00,152.00,272.00
71,9,239.00,212.00,264.00,280.00
72,4,289.00,188.00,335.00,320.00
72,5,325.00,188.00,376.00,318.00
72,8,134.00,218.00,150.00,270.00
72,9,235.00,209.00,264.00,279.00
73,4,280.00,188.00,333.00,320.00
73,5,332.00,192.00,378.00,322.00
73,8,130.00,222.00,150.00,270.00
73,9,239.00,214.00,264.00,281.00
74,4,289.00,190.00,337.00,320.00
74,5,332.00,192.00,382.00,322.00
74,8,128.00,220.00,152.00,270.00
74,9,235.00,211.00,264.00,279.00
75,4,287.00,192.00,339.00,320.00
75,5,334.00,196.00,385.00,326.00
75,8,132.00,222.00,152.00,273.00
75,9,233.00,211.00,262.00,283.00
76,4,287.00,183.00,339.00,319.00
76,5,338.00,196.00,387.00,329.00
76,8,130.00,220.00,152.00,273.00
76,9,235.00,207.00,264.00,283.00
77,4,293.00,188.00,344.00,320.00
77,5,338.00,194.00,387.00,324.00
77,8,128.00,222.00,148.00,275.00
77,9,233.00,209.00,262.00,286.00
78,4,289.00,186.00,339.00,318.00
78,5,343.00,194.00,387.00,329.00
78,8,130.00,220.00,154.00,273.00
78,9,235.00,211.00,266.00,283.00
79,4,295.00,186.00,348.00,320.00
79,5,345.00,194.00,391.00,326.00
79,8,128.00,220.00,152.00,275.00
79,9,231.00,209.00,266.00,283.00
80,4,302.00,186.00,346.00,318.00
80,5,345.00,188.00,393.00,324.00
80,8,130.00,220.00,150.00,270.00
80,9,231.00,211.00,260.00,283.00
80,10,192.00,224.00,217.00,281.00
81,4,297.00,186.00,352.00,318.00
81,5,345.00,194.00,393.00,329.00
81,8,128.00,218.00,150.00,273.00
81,9,233.00,205.00,262.00,283.00
81,10,190.00,222.00,212.00,281.00
82,4,300.00,190.00,352.00,320.00
82,5,347.00,192.00,404.00,326.00
82,8,130.00,220.00,152.00,273.00
82,9,226.00,203.00,262.00,288.00
82,10,181.00,216.00,210.00,281.00
83,4,291.00,188.00,346.00,320.00
83,5,347.00,194.00,400.00,329.00
83,8,128.00,218.00,152.00,270.00
83,9,233.00,205.00,262.00,286.00
83,10,186.00,220.00,210.00,281.00
84,4,297.00,190.00,352.00,322.00
84,5,356.00,194.00,404.00,331.00
84,8,128.00,218.00,154.00,273.00
84,9,226.00,205.00,262.00,286.00
84,10,181.00,218.00,210.00,283.00
85,4,295.00,188.00,348.00,320.00
85,5,353.00,196.00,402.00,331.00
85,8,128.00,222.00,150.00,275.00
85,9,229.00,209.00,258.00,288.00
85,10,181.00,220.00,210.00,283.00
86,4,295.00,188.00,348.00,324.00
86,5,356.00,196.00,404.00,331.00
86,8,125.00,222.00,150.00,275.00
86,9,226.00,211.00,258.00,288.00
86,10,179.00,220.00,206.00,288.00
87,4,297.00,188.00,350.00,324.00
87,5,356.00,198.00,406.00,329.00
87,8,123.00,224.00,150.00,277.00
87,9,220.00,209.00,253.00,294.00
87,10,177.00,222.00,202.00,290.00
88,4,293.00,188.00,350.00,324.00
88,5,353.00,194.00,404.00,326.00
88,8,123.00,224.00,148.00,273.00
88,9,214.00,203.00,251.00,290.00
88,10,173.00,222.00,199.00,286.00
88,11,274.00,220.00,305.00,292.00
89,4,300.00,192.00,354.00,324.00
89,5,362.00,194.00,406.00,324.00
89,8,121.00,222.00,146.00,273.00
89,9,220.00,203.00,253.00,290.00
89,10,168.00,218.00,199.00,290.00
89,11,272.00,218.00,303.00,290.00
90,4,291.00,183.00,354.00,318.00
90,5,358.00,192.00,404.00,322.00
90,8,117.00,211.00,146.00,270.00
90,9,209.00,201.00,249.00,281.00
90,10,164.00,214.00,193.00,281.00
90,11,272.00,214.00,303.00,290.00
91,4,297.00,190.00,350.00,320.00
91,5,356.00,194.00,406.00,324.00
91,8,119.00,216.00,144.00,273.00
91,9,218.00,203.00,249.00,288.00
91,10,164.00,211.00,199.00,288.00
91,11,269.00,209.00,303.00,286.00
92,4,304.00,190.00,354.00,324.00
92,5,358.00,194.00,406.00,326.00
92,8,117.00,216.00,146.00,273.00
92,9,214.00,198.00,249.00,290.00
92,10,164.00,211.00,193.00,288.00
92,11,265.00,216.00,298.00,290.00
93,4,304.00,188.00,354.00,320.00
93,5,364.00,196.00,406.00,326.00
93,8,117.00,218.00,141.00,270.00
93,9,216.00,201.00,247.00,290.00
93,10,162.00,214.00,195.00,283.00
93,11,263.00,211.00,298.00,292.00
94,4,300.00,181.00,354.00,314.00
94,5,362.00,190.00,406.00,318.00
94,8,119.00,216.00,148.00,268.00
94,9,207.00,196.00,249.00,288.00
94,10,162.00,209.00,191.00,283.00
94,11,263.00,216.00,294.00,286.00
95,4,306.00,179.00,352.00,314.00
95,5,366.00,183.00,415.00,320.00
95,8,121.00,214.00,146.00,266.00
95,9,209.00,194.00,245.00,288.00
95,10,158.00,207.00,189.00,283.00
95,11,263.00,209.00,294.00,286.00
96,4,306.00,183.00,357.00,314.00
96,5,360.00,186.00,408.00,318.00
96,8,117.00,211.00,146.00,266.00
96,9,209.00,192.00,245.00,286.00
96,10,155.00,211.00,184.00,286.00
96,11,259.00,211.00,292.00,290.00
97,4,308.00,171.00,361.00,311.00
97,5,360.00,183.00,410.00,316.00
97,9,203.00,183.00,247.00,283.00
97,10,155.00,201.00,184.00,279.00
97,11,257.00,207.00,292.00,288.00
97,12,280.00,205.00,307.00,279.00
98,4,306.00,175.00,363.00,311.00
98,5,368.00,181.00,417.00,316.00
98,9,207.00,183.00,245.00,286.00
98,10,155.00,201.00,182.00,281.00
98,11,259.00,207.00,292.00,286.00
98,12,278.00,203.00,305.00,275.00
99,4,304.00,173.00,359.00,309.00
99,5,368.00,181.00,415.00,316.00
99,9,198.00,183.00,243.00,283.00
99,10,147.00,198.00,178.00,281.00
99,11,254.00,205.00,286.00,283.00
99,12,272.00,205.00,303.00,277.00
100,4,308.00,171.00,359.00,309.00
100,5,366.00,183.00,415.00,316.00
100,9,201.00,183.00,236.00,286.00
100,10,147.00,196.00,178.00,281.00
100,11,254.00,203.00,286.00,290.00
100,12,280.00,209.00,305.00,275.00
101,4,304.00,168.00,363.00,311.00
101,5,366.00,179.00,410.00,314.00
101,9,198.00,181.00,238.00,283.00
101,10,145.00,194.00,178.00,281.00
101,11,252.00,203.00,286.00,286.00
101,12,282.00,209.00,307.00,279.00
102,4,308.00,171.00,359.00,309.00
102,5,362.00,177.00,410.00,314.00
102,9,194.00,181.00,234.00,286.00
102,10,143.00,194.00,176.00,279.00
102,11,250.00,198.00,281.00,288.00
102,12,274.00,203.00,301.00,275.00
103,4,304.00,171.00,359.00,309.00
103,5,366.00,186.00,417.00,316.00
103,9,190.00,183.00,230.00,288.00
103,10,138.00,198.00,169.00,283.00
103,11,248.00,201.00,279.00,288.00
103,12,272.00,207.00,298.00,283.00
104,4,302.00,177.00,354.00,314.00
104,5,366.00,181.00,412.00,318.00
104,9,183.00,183.00,225.00,290.00
104,10,128.00,198.00,163.00,290.00
104,11,246.00,196.00,275.00,294.00
104,12,267.00,205.00,296.00,283.00
105,4,300.00,173.00,357.00,309.00
105,5,362.00,181.00,412.00,316.00
105,9,183.00,179.00,225.00,294.00
105,10,123.00,196.00,159.00,290.00
105,11,244.00,196.00,279.00,294.00
105,12,263.00,207.00,292.00,281.00
106,4,302.00,179.00,354.00,311.00
106,5,356.00,181.00,410.00,314.00
106,9,177.00,181.00,219.00,294.00
106,10,117.00,196.00,154.00,290.00
106,11,239.00,198.00,270.00,296.00
106,12,259.00,203.00,290.00,286.00
107,4,302.00,186.00,352.00,314.00
107,5,360.00,186.00,410.00,320.00
107,9,171.00,179.00,217.00,296.00
107,10,110.00,196.00,152.00,290.00
107,11,237.00,196.00,275.00,298.00
107,12,257.00,205.00,286.00,290.00
108,4,297.00,179.00,350.00,318.00
108,5,353.00,183.00,402.00,320.00
108,9,162.00,181.00,215.00,298.00
108,10,106.00,196.00,144.00,292.00
108,11,222.00,198.00,266.00,301.00
108,12,250.00,205.00,286.00,292.00
109,4,297.00,181.00,348.00,316.00
109,5,347.00,190.00,404.00,318.00
109,9,158.00,179.00,202.00,301.00
109,10,95.00,198.00,133.00,296.00
109,11,218.00,196.00,258.00,303.00
109,12,248.00,205.00,279.00,290.00
110,4,295.00,175.00,352.00,316.00
110,5,351.00,186.00,404.00,318.00
110,9,147.00,175.00,195.00,298.00
110,10,87.00,198.00,131.00,298.00
110,11,216.00,196.00,255.00,303.00
110,12,244.00,201.00,279.00,294.00
111,4,291.00,177.00,344.00,314.00
111,5,349.00,188.00,402.00,320.00
111,9,151.00,183.00,195.00,305.00
111,10,87.00,198.00,124.00,301.00
111,11,218.00,198.00,253.00,303.00
111,12,244.00,203.00,286.00,290.00
112,4,293.00,175.00,350.00,311.00
112,5,356.00,188.00,404.00,314.00
112,9,145.00,181.00,189.00,307.00
112,10,82.00,194.00,124.00,301.00
112,11,214.00,190.00,253.00,307.00
112,12,246.00,201.00,279.00,292.00
113,4,295.00,177.00,352.00,316.00
113,5,347.00,179.00,397.00,316.00
113,9,143.00,179.00,193.00,305.00
113,10,80.00,194.00,120.00,305.00
113,11,211.00,192.00,251.00,309.00
113,12,246.00,196.00,277.00,296.00
114,4,292.00,168.00,349.00,314.00
114,5,350.00,181.00,396.00,316.00
114,9,139.00,168.00,186.00,301.00
114,10,70.00,194.00,108.00,303.00
114,11,208.00,190.00,250.00,307.00
114,12,243.00,196.00,274.00,294.00
114,13,180.00,218.00,213.00,303.00
115,4,292.00,177.00,347.00,316.00
115,5,350.00,183.00,394.00,314.00
115,9,133.00,171.00,179.00,307.00
115,10,66.00,194.00,108.00,305.00
115,11,202.00,186.00,248.00,309.00
115,12,236.00,198.00,276.00,296.00
115,13,178.00,220.00,211.00,305.00
116,4,290.00,168.00,345.00,314.00
116,5,350.00,188.00,392.00,316.00
116,9,133.00,173.00,170.00,311.00
116,10,58.00,192.00,104.00,307.00
116,11,202.00,194.00,252.00,311.00
116,12,234.00,201.00,280.00,301.00
116,13,174.00,218.00,209.00,305.00
117,4,296.00,173.00,349.00,314.00
117,5,342.00,186.00,390.00,318.00
117,9,120.00,164.00,168.00,309.00
117,10,49.00,192.00,91.00,311.00
117,11,200.00,192.00,248.00,316.00
117,12,234.00,196.00,272.00,301.00
117,13,169.00,218.00,207.00,314.00
118,4,292.00,175.00,349.00,316.00
118,5,344.00,183.00,392.00,314.00
118,9,116.00,166.00,168.00,311.00
118,10,43.00,190.00,89.00,311.00
118,11,197.00,190.00,239.00,314.00
118,12,228.00,198.00,272.00,303.00
118,13,161.00,220.00,203.00,314.00
119,4,294.00,179.00,345.00,318.00
119,5,346.00,186.00,394.00,318.00
119,9,111.00,171.00,164.00,318.00
119,10,34.00,192.00,82.00,316.00
119,11,191.00,190.00,239.00,320.00
119,12,230.00,198.00,272.00,301.00
119,13,161.00,220.00,203.00,316.00
120,4,292.00,175.00,349.00,318.00
120,5,342.00,188.00,386.00,318.00
120,9,103.00,168.00,160.00,320.00
120,10,23.00,194.00,76.00,322.00
120,11,189.00,186.00,237.00,324.00
120,12,230.00,198.00,265.00,305.00
120,13,154.00,220.00,196.00,318.00
121,4,286.00,173.00,338.00,318.00
121,5,337.00,181.00,386.00,320.00
121,9,94.00,166.00,147.00,324.00
121,10,17.00,194.00,63.00,326.00
121,11,185.00,183.00,224.00,326.00
121,12,215.00,194.00,257.00,311.00
121,13,148.00,216.00,188.00,324.00
122,4,277.00,175.00,327.00,322.00
122,5,326.00,181.00,373.00,320.00
122,9,66.00,162.00,134.00,326.00
122,10,2.00,181.00,46.00,331.00
122,11,167.00,183.00,218.00,324.00
122,12,204.00,192.00,248.00,311.00
122,13,133.00,214.00,179.00,326.00
123,4,256.00,171.00,315.00,318.00
123,5,314.00,186.00,362.00,318.00
123,9,60.00,158.00,119.00,326.00
123,11,154.00,181.00,205.00,329.00
123,12,195.00,196.00,237.00,311.00
123,13,111.00,216.00,158.00,329.00
124,4,258.00,173.00,310.00,316.00
124,5,305.00,183.00,355.00,318.00
124,9,36.00,151.00,99.00,331.00
124,11,141.00,177.00,186.00,331.00
124,12,187.00,196.00,231.00,309.00
124,13,94.00,211.00,145.00,329.00
125,4,256.00,179.00,308.00,320.00
125,5,303.00,190.00,349.00,320.00
125,9,27.00,147.00,97.00,333.00
125,11,133.00,182.00,188.00,339.00
125,12,180.00,190.00,224.00,318.00
125,13,88.00,216.00,136.00,337.00
126,4,251.00,181.00,304.00,322.00
126,5,305.00,179.00,351.00,322.00
126,9,21.00,147.00,89.00,339.00
126,11,129.00,179.00,181.00,344.00
126,12,176.00,192.00,224.00,322.00
126,13,81.00,222.00,125.00,339.00
127,4,251.00,179.00,308.00,318.00
127,5,305.00,186.00,353.00,318.00
127,9,15.00,145.00,93.00,339.00
127,11,120.00,177.00,175.00,341.00
127,12,174.00,179.00,229.00,320.00
127,13,75.00,214.00,130.00,341.00
128,4,253.00,179.00,312.00,316.00
128,5,301.00,183.00,360.00,324.00
128,9,10.00,143.00,78.00,348.00
128,11,118.00,177.00,177.00,344.00
128,12,174.00,179.00,226.00,324.00
128,13,68.00,214.00,121.00,346.00
129,4,256.00,175.00,308.00,316.00
129,5,307.00,183.00,358.00,320.00
129,9,15.00,143.00,82.00,346.00
129,11,109.00,166.00,175.00,350.00
129,12,165.00,183.00,224.00,329.00
129,13,73.00,218.00,119.00,344.00
130,4,254.00,178.00,308.00,318.00
130,5,296.00,181.00,353.00,318.00
130,9,2.00,134.00,65.00,357.00
130,11,98.00,162.00,168.00,352.00
130,12,159.00,179.00,226.00,337.00
130,13,53.00,211.00,102.00,361.00
131,4,256.00,175.00,306.00,318.00
131,5,301.00,179.00,349.00,320.00
131,9,2.00,130.00,63.00,361.00
131,11,96.00,153.00,166.00,354.00
131,12,157.00,171.00,222.00,335.00
131,13,47.00,216.00,97.00,363.00
132,4,253.00,171.00,306.00,320.00
132,5,303.00,175.00,349.00,320.00
132,9,4.00,121.00,50.00,361.00
132,11,81.00,153.00,155.00,363.00
132,12,159.00,179.00,222.00,333.00
132,13,36.00,205.00,102.00,365.00
133,4,253.00,168.00,304.00,316.00
133,5,303.00,183.00,351.00,318.00
133,11,81.00,155.00,153.00,376.00
133,12,148.00,177.00,218.00,339.00
133,13,27.00,207.00,84.00,372.00
134,4,256.00,175.00,304.00,314.00
134,5,303.00,188.00,347.00,318.00
134,11,79.00,151.00,160.00,382.00
134,12,154.00,177.00,224.00,337.00
134,13,23.00,196.00,89.00,367.00
135,4,253.00,173.00,308.00,312.00
135,5,303.00,178.00,353.00,319.00
135,11,70.00,149.00,147.00,385.00
135,12,148.00,171.00,211.00,346.00
135,13,21.00,201.00,80.00,372.00
136,4,249.00,174.00,308.00,315.00
136,5,299.00,180.00,351.00,319.00
136,11,55.00,137.00,142.00,396.00
136,12,144.00,159.00,216.00,345.00
136,13,10.00,197.00,69.00,381.00
137,4,249.00,169.00,308.00,317.00
137,5,303.00,182.00,351.00,319.00
137,11,47.00,135.00,145.00,403.00
137,12,141.00,161.00,203.00,358.00
138,4,247.00,169.00,302.00,315.00
138,5,296.00,176.00,353.00,319.00
138,11,32.00,133.00,127.00,411.00
138,12,129.00,161.00,211.00,358.00
139,4,243.00,169.00,308.00,319.00
139,5,305.00,182.00,353.00,321.00
139,11,15.00,111.00,130.00,414.00
139,12,124.00,154.00,203.00,368.00
140,4,245.00,176.00,304.00,319.00
140,5,301.00,178.00,358.00,321.00
140,11,6.00,114.00,121.00,426.00
140,12,120.00,157.00,209.00,375.00
141,4,245.00,172.00,304.00,321.00
141,5,296.00,182.00,349.00,321.00
141,11,6.00,101.00,110.00,442.00
141,12,114.00,150.00,194.00,390.00
142,4,245.00,176.00,306.00,319.00
142,5,299.00,187.00,351.00,323.00
142,11,2.00,98.00,104.00,461.00
142,12,107.00,141.00,198.00,392.00
143,4,247.00,175.00,304.00,317.00
143,5,299.00,182.00,349.00,319.00
143,12,103.00,137.00,198.00,394.00
144,4,247.00,176.00,302.00,319.00
144,5,296.00,182.00,358.00,323.00
144,12,86.00,135.00,183.00,403.00
145,4,253.00,174.00,310.00,315.00
145,5,301.00,182.00,351.00,319.00
145,12,79.00,120.00,192.00,409.00
146,4,245.00,172.00,304.00,315.00
146,5,303.00,185.00,353.00,319.00
146,12,55.00,114.00,186.00,429.00
147,4,245.00,167.00,308.00,321.00
147,5,305.00,185.00,351.00,323.00
147,12,47.00,107.00,177.00,452.00
147,14,189.00,204.00,220.00,280.00
148,4,251.00,178.00,306.00,319.00
148,5,301.00,182.00,351.00,323.00
148,12,30.00,105.00,175.00,472.00
148,14,189.00,208.00,216.00,284.00
149,4,251.00,176.00,304.00,319.00
149,5,301.00,182.00,347.00,321.00
149,12,4.00,90.00,162.00,480.00
149,14,185.00,210.00,216.00,284.00
150,4,251.00,180.00,302.00,321.00
150,5,303.00,187.00,351.00,325.00
150,12,4.00,77.00,153.00,480.00
150,14,185.00,209.00,216.00,283.00
151,4,252.00,177.00,309.00,320.00
151,5,300.00,179.00,354.00,326.00
151,12,5.00,54.00,146.00,480.00
151,14,186.00,207.00,217.00,281.00
151,15,158.00,196.00,191.00,277.00
152,4,250.00,175.00,309.00,318.00
152,5,300.00,177.00,350.00,322.00
152,12,1.00,29.00,154.00,480.00
152,14,190.00,201.00,219.00,281.00
152,15,155.00,192.00,189.00,283.00
152,16,128.00,192.00,161.00,283.00
153,4,250.00,177.00,305.00,318.00
153,5,302.00,181.00,350.00,324.00
153,14,188.00,203.00,215.00,286.00
153,15,153.00,194.00,187.00,286.00
153,16,121.00,188.00,159.00,286.00
154,4,246.00,171.00,301.00,316.00
154,5,302.00,183.00,352.00,320.00
154,14,183.00,203.00,212.00,286.00
154,15,153.00,201.00,184.00,286.00
154,16,123.00,192.00,156.00,288.00
155,4,248.00,175.00,305.00,318.00
155,5,300.00,183.00,350.00,322.00
155,14,183.00,207.00,212.00,292.00
155,15,151.00,198.00,187.00,286.00
155,16,119.00,190.00,154.00,288.00
156,4,246.00,177.00,307.00,324.00
156,5,302.00,181.00,354.00,324.00
156,14,177.00,203.00,208.00,288.00
156,15,149.00,201.00,180.00,290.00
156,16,119.00,194.00,154.00,290.00
157,4,248.00,177.00,307.00,326.00
157,5,300.00,186.00,357.00,329.00
157,14,179.00,207.00,210.00,294.00
157,15,151.00,198.00,180.00,287.00
157,16,119.00,194.00,154.00,294.00
158,4,250.00,179.00,309.00,326.00
158,5,302.00,186.00,361.00,329.00
158,14,177.00,207.00,212.00,296.00
158,15,149.00,192.00,182.00,292.00
158,16,117.00,190.00,152.00,296.00
159,4,254.00,179.00,307.00,326.00
159,5,306.00,192.00,359.00,326.00
159,14,181.00,205.00,212.00,296.00
159,15,149.00,198.00,182.00,292.00
159,16,112.00,192.00,148.00,296.00
160,4,250.00,181.00,311.00,326.00
160,5,304.00,190.00,357.00,326.00
160,14,175.00,203.00,212.00,296.00
160,15,149.00,192.00,180.00,292.00
160,16,108.00,190.00,150.00,298.00
161,4,250.00,175.00,307.00,326.00
161,5,306.00,186.00,363.00,331.00
161,14,179.00,201.00,212.00,296.00
161,15,147.00,196.00,182.00,294.00
161,16,108.00,186.00,150.00,298.00
162,4,250.00,178.00,309.00,322.00
162,5,308.00,186.00,364.00,326.00
162,14,177.00,198.00,219.00,296.00
162,15,145.00,196.00,178.00,292.00
162,16,102.00,183.00,146.00,296.00
163,4,250.00,175.00,307.00,318.00
163,5,306.00,177.00,355.00,320.00
163,14,173.00,201.00,212.00,298.00
163,15,140.00,194.00,178.00,295.00
163,16,100.00,181.00,144.00,298.00
164,4,257.00,175.00,314.00,326.00
164,5,306.00,177.00,357.00,322.00
164,14,168.00,201.00,212.00,303.00
164,15,138.00,192.00,176.00,298.00
164,16,100.00,188.00,144.00,303.00
165,4,252.00,175.00,314.00,324.00
165,5,317.00,181.00,363.00,326.00
165,14,173.00,203.00,215.00,305.00
165,15,138.00,196.00,178.00,301.00
165,16,95.00,186.00,144.00,303.00
166,4,254.00,181.00,316.00,326.00
166,5,310.00,186.00,363.00,331.00
166,14,179.00,198.00,219.00,305.00
166,15,143.00,196.00,180.00,301.00
166,16,102.00,181.00,144.00,305.00
167,4,254.00,181.00,316.00,323.00
167,5,315.00,181.00,367.00,326.00
167,14,175.00,196.00,217.00,307.00
167,15,138.00,188.00,184.00,303.00
167,16,95.00,181.00,144.00,301.00
168,4,261.00,181.00,316.00,326.00
168,5,317.00,179.00,372.00,326.00
168,14,173.00,192.00,221.00,307.00
168,15,136.00,186.00,180.00,305.00
168,16,95.00,177.00,148.00,303.00
169,4,257.00,175.00,318.00,320.00
169,5,306.00,181.00,361.00,324.00
169,14,168.00,194.00,217.00,303.00
169,15,132.00,181.00,180.00,301.00
169,16,89.00,171.00,137.00,303.00
170,4,254.00,173.00,318.00,318.00
170,5,310.00,183.00,363.00,322.00
170,14,168.00,188.00,221.00,301.00
170,15,128.00,179.00,178.00,298.00
170,16,89.00,168.00,137.00,303.00
171,4,257.00,171.00,311.00,316.00
171,5,308.00,177.00,361.00,320.00
171,14,164.00,192.00,210.00,305.00
171,15,128.00,175.00,174.00,301.00
171,16,84.00,173.00,131.00,305.00
172,4,257.00,171.00,311.00,318.00
172,5,308.00,175.00,367.00,318.00
172,14,164.00,183.00,212.00,309.00
172,15,125.00,173.00,172.00,307.00
172,16,80.00,168.00,131.00,311.00
173,4,257.00,173.00,314.00,320.00
173,5,306.00,181.00,361.00,322.00
173,14,166.00,186.00,208.00,309.00
173,15,121.00,179.00,169.00,309.00
173,16,72.00,168.00,131.00,311.00
174,4,252.00,173.00,314.00,322.00
174,5,306.00,181.00,365.00,322.00
174,14,162.00,183.00,202.00,314.00
174,15,121.00,175.00,169.00,316.00
174,16,72.00,166.00,126.00,314.00
175,4,252.00,179.00,311.00,324.00
175,5,308.00,177.00,365.00,322.00
175,14,160.00,181.00,202.00,310.00
175,15,115.00,173.00,165.00,309.00
175,16,69.00,158.00,122.00,314.00
175,17,190.00,198.00,217.00,288.00
175,18,214.00,216.00,236.00,273.00
176,4,259.00,173.00,314.00,318.00
176,5,313.00,179.00,367.00,319.00
176,14,158.00,173.00,204.00,311.00
176,15,119.00,168.00,165.00,307.00
176,16,65.00,149.00,122.00,311.00
176,17,186.00,198.00,217.00,281.00
176,18,216.00,209.00,236.00,270.00
177,4,259.00,172.00,311.00,317.00
177,5,315.00,180.00,367.00,319.00
177,14,158.00,176.00,204.00,317.00
177,15,115.00,161.00,161.00,310.00
177,16,57.00,150.00,111.00,317.00
177,17,186.00,193.00,217.00,282.00
177,18,214.00,210.00,240.00,274.00
178,4,261.00,169.00,316.00,317.00
178,5,317.00,182.00,365.00,321.00
178,14,151.00,174.00,206.00,319.00
178,15,106.00,161.00,156.00,310.00
178,16,52.00,148.00,107.00,315.00
178,17,186.00,195.00,215.00,284.00
178,18,211.00,208.00,236.00,267.00
179,4,265.00,167.00,316.00,310.00
179,5,317.00,178.00,363.00,319.00
179,14,145.00,172.00,204.00,319.00
179,15,106.00,161.00,163.00,315.00
179,16,37.00,141.00,101.00,317.00
179,17,183.00,189.00,210.00,282.00
179,18,209.00,208.00,234.00,269.00
180,4,261.00,172.00,316.00,315.00
180,5,315.00,178.00,361.00,317.00
180,14,145.00,169.00,193.00,330.00
180,15,104.00,163.00,156.00,323.00
180,16,29.00,150.00,103.00,330.00
180,17,186.00,191.00,215.00,287.00
180,18,209.00,208.00,236.00,274.00
181,4,263.00,165.00,318.00,317.00
181,5,317.00,174.00,363.00,317.00
181,14,145.00,169.00,202.00,330.00
181,15,93.00,157.00,156.00,323.00
181,16,29.00,148.00,101.00,330.00
181,17,179.00,189.00,210.00,284.00
181,18,209.00,212.00,238.00,272.00
182,4,259.00,169.00,320.00,317.00
182,5,313.00,174.00,367.00,317.00
182,14,138.00,172.00,206.00,338.00
182,15,93.00,157.00,150.00,330.00
182,16,22.00,146.00,94.00,334.00
182,17,179.00,193.00,212.00,290.00
182,18,211.00,212.00,236.00,274.00
183,4,263.00,169.00,322.00,319.00
183,5,317.00,182.00,369.00,319.00
183,14,149.00,161.00,204.00,336.00
183,15,95.00,141.00,152.00,330.00
183,16,13.00,144.00,98.00,332.00
183,17,178.00,192.00,210.00,291.00
183,18,211.00,208.00,236.00,274.00
184,4,265.00,172.00,314.00,317.00
184,5,315.00,178.00,367.00,323.00
184,14,140.00,165.00,208.00,336.00
184,15,84.00,146.00,152.00,332.00
184,16,11.00,137.00,88.00,338.00
184,17,177.00,190.00,209.00,292.00
184,18,214.00,212.00,234.00,276.00
185,4,263.00,169.00,320.00,321.00
185,5,313.00,185.00,359.00,325.00
185,14,136.00,163.00,210.00,343.00
185,15,78.00,144.00,152.00,334.00
185,16,5.00,131.00,77.00,343.00
185,17,177.00,189.00,208.00,293.00
185,18,211.00,210.00,238.00,278.00
186,4,259.00,167.00,316.00,321.00
186,5,315.00,180.00,365.00,325.00
186,14,123.00,159.00,201.00,349.00
186,15,67.00,139.00,135.00,343.00
186,16,1.00,124.00,75.00,353.00
186,17,179.00,189.00,215.00,293.00
186,18,214.00,210.00,236.00,278.00
187,4,267.00,172.00,318.00,317.00
187,5,315.00,180.00,363.00,321.00
187,14,130.00,152.00,199.00,355.00
187,15,61.00,135.00,141.00,340.00
187,16,3.00,114.00,66.00,355.00
187,17,179.00,180.00,208.00,293.00
187,18,216.00,212.00,238.00,274.00
188,4,265.00,169.00,318.00,317.00
188,5,313.00,176.00,363.00,321.00
188,14,123.00,152.00,204.00,362.00
188,15,52.00,137.00,137.00,355.00
188,17,173.00,180.00,208.00,300.00
188,18,211.00,208.00,236.00,278.00
189,4,257.00,165.00,316.00,312.00
189,5,306.00,172.00,367.00,317.00
189,14,119.00,141.00,195.00,360.00
189,15,46.00,133.00,129.00,360.00
189,17,173.00,176.00,204.00,300.00
189,18,209.00,208.00,240.00,276.00
190,4,259.00,167.00,320.00,317.00
190,5,306.00,178.00,359.00,327.00
190,14,112.00,137.00,197.00,368.00
190,15,39.00,124.00,129.00,360.00
190,17,171.00,195.00,206.00,302.00
190,18,211.00,215.00,236.00,280.00
191,4,259.00,178.00,316.00,323.00
191,5,310.00,178.00,365.00,327.00
191,14,104.00,135.00,197.00,374.00
191,15,31.00,120.00,118.00,364.00
191,17,168.00,197.00,204.00,302.00
191,18,216.00,212.00,238.00,280.00
192,4,257.00,174.00,316.00,323.00
192,5,310.00,180.00,365.00,327.00
192,14,97.00,137.00,191.00,396.00
192,15,7.00,105.00,107.00,368.00
192,17,162.00,193.00,206.00,304.00
192,18,216.00,212.00,240.00,284.00
193,4,263.00,176.00,322.00,321.00
193,5,310.00,180.00,369.00,330.00
193,14,91.00,133.00,187.00,405.00
193,15,7.00,105.00,105.00,386.00
193,18,214.00,212.00,240.00,282.00
194,4,261.00,176.00,318.00,325.00
194,5,310.00,180.00,365.00,327.00
194,14,91.00,122.00,189.00,418.00
194,15,5.00,98.00,101.00,394.00
194,18,214.00,210.00,240.00,284.00
195,4,265.00,176.00,326.00,325.00
195,5,306.00,182.00,363.00,330.00
195,14,74.00,116.00,193.00,444.00
195,15,7.00,98.00,94.00,403.00
195,18,216.00,212.00,243.00,284.00
196,4,261.00,174.00,324.00,319.00
196,5,308.00,182.00,363.00,325.00
196,14,72.00,111.00,193.00,448.00
196,18,214.00,210.00,236.00,284.00
197,4,263.00,172.00,316.00,319.00
197,5,310.00,178.00,363.00,323.00
197,14,59.00,98.00,189.00,459.00
197,18,207.00,212.00,240.00,284.00
198,4,261.00,176.00,320.00,321.00
198,5,313.00,178.00,365.00,323.00
198,14,39.00,86.00,174.00,467.00
198,18,211.00,212.00,236.00,287.00
199,4,263.00,178.00,318.00,325.00
199,5,310.00,180.00,365.00,325.00
199,14,20.00,66.00,172.00,480.00
199,18,209.00,215.00,240.00,289.00
200,4,263.00,178.00,320.00,327.00
200,5,313.00,185.00,365.00,334.00
200,14,9.00,60.00,169.00,480.00
200,18,209.00,210.00,243.00,291.00
201,4,269.00,174.00,322.00,323.00
201,5,317.00,187.00,365.00,332.00
201,14,5.00,34.00,163.00,480.00
201,18,207.00,210.00,245.00,291.00
202,4,261.00,178.00,326.00,334.00
202,5,319.00,187.00,367.00,334.00
202,14,3.00,12.00,137.00,480.00
202,18,218.00,217.00,245.00,291.00
202,19,132.00,176.00,184.00,336.00
202,20,194.00,210.00,223.00,287.00
202,21,162.00,208.00,193.00,284.00
203,4,267.00,174.00,322.00,327.00
203,5,313.00,185.00,367.00,332.00
203,18,214.00,215.00,245.00,289.00
203,19,115.00,174.00,180.00,340.00
203,20,188.00,210.00,219.00,287.00
203,21,162.00,212.00,195.00,284.00
204,4,265.00,174.00,324.00,321.00
204,5,315.00,182.00,369.00,330.00
204,18,216.00,212.00,240.00,289.00
204,19,112.00,165.00,167.00,336.00
204,20,190.00,208.00,221.00,284.00
204,21,162.00,208.00,193.00,282.00
204,22,46.00,154.00,116.00,334.00
205,4,267.00,174.00,320.00,319.00
205,5,315.00,178.00,367.00,325.00
205,18,214.00,210.00,245.00,289.00
205,19,100.00,159.00,169.00,338.00
205,20,194.00,210.00,221.00,284.00
205,21,162.00,202.00,193.00,287.00
205,22,35.00,148.00,111.00,340.00
206,4,263.00,172.00,320.00,317.00
206,5,317.00,176.00,369.00,321.00
206,18,209.00,206.00,243.00,289.00
206,19,104.00,154.00,167.00,340.00
206,20,190.00,206.00,219.00,280.00
206,21,158.00,204.00,191.00,282.00
206,22,31.00,146.00,107.00,340.00
207,4,261.00,174.00,324.00,321.00
207,5,315.00,176.00,363.00,323.00
207,18,211.00,208.00,245.00,291.00
207,19,93.00,157.00,163.00,347.00
207,20,188.00,206.00,217.00,284.00
207,21,158.00,204.00,189.00,287.00
207,22,24.00,150.00,90.00,347.00
208,4,261.00,180.00,324.00,327.00
208,5,315.00,180.00,374.00,325.00
208,18,209.00,210.00,245.00,293.00
208,19,95.00,159.00,159.00,351.00
208,20,188.00,210.00,219.00,289.00
208,21,155.00,206.00,189.00,287.00
208,22,13.00,146.00,94.00,353.00
209,4,269.00,174.00,333.00,325.00
209,5,317.00,185.00,374.00,330.00
209,18,214.00,212.00,243.00,293.00
209,19,74.00,154.00,156.00,360.00
209,20,183.00,208.00,217.00,289.00
209,21,153.00,206.00,189.00,289.00
209,22,3.00,141.00,92.00,355.00
210,4,267.00,174.00,331.00,330.00
210,5,319.00,189.00,374.00,330.00
210,18,211.00,208.00,245.00,295.00
210,19,74.00,150.00,156.00,362.00
210,20,190.00,208.00,219.00,289.00
210,21,155.00,210.00,184.00,287.00
210,22,5.00,135.00,81.00,353.00
211,4,265.00,180.00,331.00,330.00
211,5,321.00,178.00,378.00,332.00
211,18,214.00,206.00,245.00,295.00
211,19,69.00,150.00,150.00,368.00
211,20,188.00,210.00,217.00,289.00
211,21,155.00,208.00,187.00,289.00
211,22,1.00,129.00,77.00,366.00
212,4,269.00,172.00,329.00,327.00
212,5,317.00,182.00,376.00,327.00
212,18,207.00,208.00,243.00,300.00
212,19,57.00,134.00,146.00,378.00
212,20,186.00,208.00,217.00,291.00
212,21,155.00,206.00,189.00,289.00
212,22,3.00,121.00,73.00,365.00
213,4,269.00,169.00,333.00,317.00
213,5,321.00,182.00,380.00,325.00
213,18,211.00,206.00,245.00,295.00
213,19,52.00,141.00,141.00,383.00
213,20,186.00,206.00,219.00,289.00
213,21,153.00,204.00,189.00,289.00
213,22,1.00,120.00,66.00,371.00
214,4,276.00,176.00,333.00,321.00
214,5,323.00,165.00,382.00,321.00
214,18,211.00,206.00,249.00,295.00
214,19,37.00,135.00,146.00,381.00
214,20,186.00,208.00,221.00,289.00
214,21,149.00,200.00,184.00,291.00
215,4,272.00,167.00,335.00,323.00
215,5,317.00,174.00,385.00,325.00
215,18,211.00,204.00,240.00,297.00
215,19,33.00,124.00,135.00,388.00
215,20,179.00,200.00,217.00,289.00
215,21,149.00,202.00,182.00,289.00
216,4,276.00,178.00,333.00,327.00
216,5,325.00,180.00,378.00,327.00
216,18,211.00,204.00,247.00,300.00
216,19,20.00,118.00,129.00,394.00
216,20,183.00,204.00,217.00,291.00
216,21,153.00,204.00,187.00,293.00
217,4,280.00,176.00,333.00,323.00
217,5,325.00,178.00,382.00,330.00
217,18,214.00,202.00,247.00,302.00
217,19,11.00,120.00,109.00,414.00
217,20,183.00,202.00,221.00,293.00
217,21,153.00,204.00,187.00,293.00
218,4,280.00,177.00,337.00,329.00
218,5,332.00,186.00,382.00,329.00
218,18,218.00,205.00,247.00,301.00
218,19,3.00,106.00,111.00,419.00
218,20,183.00,196.00,219.00,292.00
218,21,151.00,198.00,187.00,292.00
219,4,282.00,175.00,339.00,322.00
219,5,334.00,183.00,376.00,331.00
219,18,217.00,205.00,245.00,298.00
219,19,3.00,97.00,90.00,434.00
219,20,190.00,203.00,221.00,290.00
219,21,153.00,201.00,187.00,290.00
220,4,280.00,175.00,344.00,324.00
220,5,334.00,183.00,387.00,331.00
220,18,220.00,201.00,251.00,301.00
220,19,3.00,91.00,90.00,440.00
220,20,190.00,201.00,219.00,292.00
220,21,151.00,198.00,184.00,290.00
221,4,285.00,173.00,339.00,320.00
221,5,332.00,183.00,387.00,326.00
221,18,211.00,203.00,249.00,301.00
221,20,181.00,198.00,217.00,294.00
221,21,149.00,198.00,184.00,296.00
222,4,283.00,173.00,340.00,320.00
222,5,333.00,175.00,383.00,326.00
222,18,210.00,198.00,246.00,301.00
222,20,180.00,196.00,218.00,292.00
222,21,139.00,196.00,181.00,296.00
222,23,230.00,203.00,261.00,288.00
223,4,279.00,168.00,343.00,320.00
223,5,333.00,177.00,386.00,322.00
223,18,208.00,201.00,244.00,301.00
223,20,180.00,194.00,216.00,296.00
223,21,139.00,196.00,181.00,296.00
223,23,230.00,205.00,259.00,290.00
224,4,279.00,168.00,338.00,324.00
224,5,331.00,173.00,388.00,322.00
224,18,202.00,201.00,246.00,303.00
224,20,174.00,192.00,213.00,294.00
224,21,135.00,194.00,181.00,298.00
224,23,225.00,205.00,263.00,288.00
225,4,282.00,176.00,339.00,325.00
225,5,336.00,180.00,395.00,327.00
225,18,203.00,202.00,238.00,306.00
225,20,175.00,197.00,212.00,302.00
225,21,134.00,191.00,178.00,300.00
225,23,229.00,204.00,264.00,291.00
226,4,280.00,174.00,341.00,327.00
226,5,330.00,180.00,391.00,332.00
226,18,198.00,202.00,240.00,308.00
226,20,171.00,195.00,210.00,302.00
226,21,130.00,189.00,176.00,300.00
226,23,233.00,204.00,264.00,291.00
227,4,282.00,178.00,341.00,330.00
227,5,332.00,182.00,389.00,332.00
227,18,192.00,200.00,238.00,312.00
227,20,164.00,195.00,204.00,302.00
227,21,125.00,191.00,169.00,304.00
227,23,229.00,202.00,260.00,295.00
228,4,280.00,176.00,344.00,327.00
228,5,328.00,185.00,389.00,327.00
228,18,190.00,195.00,234.00,312.00
228,20,166.00,197.00,206.00,302.00
228,21,125.00,193.00,167.00,304.00
228,23,226.00,204.00,262.00,293.00
229,4,278.00,173.00,344.00,320.00
229,5,332.00,181.00,387.00,326.00
229,18,190.00,192.00,234.00,309.00
229,20,164.00,190.00,202.00,303.00
229,21,121.00,188.00,167.00,301.00
229,23,229.00,205.00,264.00,292.00
230,4,282.00,173.00,346.00,322.00
230,5,334.00,179.00,389.00,324.00
230,18,188.00,192.00,230.00,311.00
230,20,162.00,192.00,199.00,305.00
230,21,117.00,190.00,159.00,303.00
230,23,229.00,201.00,264.00,292.00
231,4,282.00,173.00,344.00,318.00
231,5,332.00,177.00,387.00,320.00
231,18,183.00,190.00,232.00,309.00
231,20,160.00,188.00,197.00,301.00
231,21,115.00,188.00,159.00,305.00
231,23,226.00,201.00,264.00,290.00
232,4,282.00,171.00,346.00,322.00
232,5,336.00,181.00,389.00,326.00
232,18,179.00,190.00,225.00,314.00
232,20,153.00,194.00,199.00,303.00
232,21,106.00,190.00,150.00,305.00
232,23,226.00,196.00,266.00,294.00
233,4,285.00,171.00,350.00,324.00
233,5,340.00,179.00,387.00,326.00
233,18,181.00,188.00,223.00,314.00
233,20,155.00,192.00,189.00,305.00
233,21,106.00,181.00,148.00,307.00
233,23,229.00,196.00,264.00,309.00
234,4,285.00,177.00,346.00,326.00
234,5,334.00,183.00,385.00,329.00
234,18,177.00,188.00,221.00,314.00
234,20,153.00,190.00,191.00,311.00
234,21,100.00,179.00,148.00,309.00
234,23,226.00,201.00,262.00,307.00
235,4,285.00,175.00,346.00,324.00
235,5,338.00,190.00,387.00,329.00
235,18,175.00,188.00,223.00,318.00
235,20,140.00,190.00,193.00,311.00
235,21,93.00,186.00,146.00,311.00
235,23,229.00,198.00,262.00,307.00
236,4,289.00,173.00,344.00,326.00
236,5,338.00,186.00,389.00,331.00
236,18,173.00,192.00,219.00,316.00
236,20,140.00,188.00,187.00,311.00
236,21,89.00,179.00,146.00,311.00
236,23,224.00,198.00,264.00,303.00
237,4,289.00,175.00,346.00,324.00
237,5,334.00,183.00,387.00,331.00
237,18,168.00,190.00,219.00,322.00
237,20,136.00,188.00,182.00,316.00
237,21,80.00,181.00,139.00,318.00
237,23,224.00,201.00,264.00,305.00
238,4,285.00,173.00,344.00,324.00
238,5,334.00,183.00,387.00,331.00
238,18,168.00,188.00,215.00,324.00
238,20,130.00,183.00,180.00,316.00
238,21,76.00,181.00,137.00,316.00
238,23,222.00,198.00,262.00,307.00
239,4,285.00,173.00,348.00,320.00
239,5,334.00,181.00,387.00,326.00
239,18,160.00,183.00,217.00,326.00
239,20,128.00,183.00,178.00,316.00
239,21,65.00,177.00,133.00,314.00
239,23,220.00,196.00,264.00,309.00
240,4,278.00,173.00,348.00,322.00
240,5,332.00,183.00,393.00,324.00
240,18,158.00,181.00,212.00,326.00
240,20,123.00,183.00,174.00,316.00
240,21,57.00,179.00,129.00,318.00
240,23,218.00,192.00,258.00,307.00
241,4,280.00,173.00,346.00,329.00
241,5,332.00,183.00,387.00,329.00
241,18,153.00,181.00,217.00,329.00
241,20,115.00,179.00,174.00,320.00
241,21,46.00,175.00,120.00,322.00
241,23,216.00,194.00,264.00,307.00
242,4,278.00,177.00,341.00,326.00
242,5,332.00,186.00,385.00,331.00
242,18,151.00,181.00,208.00,329.00
242,20,106.00,177.00,165.00,320.00
242,21,35.00,171.00,116.00,329.00
242,23,214.00,192.00,262.00,307.00
243,4,285.00,177.00,346.00,329.00
243,5,332.00,186.00,389.00,333.00
243,18,151.00,177.00,206.00,335.00
243,20,110.00,179.00,163.00,329.00
243,21,33.00,173.00,109.00,331.00
243,23,211.00,192.00,253.00,311.00
244,4,287.00,183.00,341.00,335.00
244,5,332.00,194.00,389.00,337.00
244,18,145.00,179.00,202.00,344.00
244,20,102.00,179.00,159.00,337.00
244,21,26.00,175.00,101.00,335.00
244,23,211.00,198.00,255.00,318.00
245,4,285.00,183.00,339.00,333.00
245,5,332.00,188.00,387.00,335.00
245,18,136.00,179.00,197.00,348.00
245,20,100.00,179.00,150.00,335.00
245,21,24.00,173.00,92.00,335.00
245,23,209.00,196.00,253.00,314.00
246,4,282.00,175.00,346.00,329.00
246,5,328.00,183.00,387.00,331.00
246,18,128.00,171.00,197.00,344.00
246,20,91.00,164.00,150.00,335.00
246,21,11.00,162.00,85.00,335.00
246,23,207.00,190.00,253.00,316.00
247,4,287.00,177.00,344.00,324.00
247,5,332.00,186.00,382.00,329.00
247,18,121.00,168.00,189.00,346.00
247,20,87.00,168.00,144.00,335.00
247,21,7.00,162.00,77.00,341.00
247,23,203.00,190.00,249.00,316.00
248,4,287.00,175.00,341.00,322.00
248,5,332.00,175.00,378.00,326.00
248,18,117.00,171.00,180.00,346.00
248,20,78.00,158.00,137.00,333.00
248,21,3.00,162.00,66.00,341.00
248,23,201.00,186.00,247.00,320.00
249,4,280.00,168.00,341.00,326.00
249,5,332.00,177.00,382.00,329.00
249,18,104.00,173.00,176.00,354.00
249,20,67.00,160.00,133.00,344.00
249,21,3.00,158.00,62.00,344.00
249,23,196.00,179.00,247.00,314.00
250,4,282.00,173.00,346.00,329.00
250,5,328.00,179.00,380.00,329.00
250,18,95.00,158.00,176.00,357.00
250,20,57.00,158.00,131.00,341.00
250,21,1.00,158.00,47.00,341.00
250,23,194.00,183.00,247.00,320.00
251,4,285.00,173.00,346.00,331.00
251,5,330.00,186.00,378.00,329.00
251,18,93.00,162.00,174.00,361.00
251,20,35.00,153.00,122.00,348.00
251,23,194.00,179.00,243.00,318.00
252,4,282.00,179.00,341.00,329.00
252,5,328.00,183.00,378.00,333.00
252,18,84.00,158.00,167.00,363.00
252,20,29.00,153.00,118.00,350.00
252,23,190.00,181.00,245.00,324.00
253,4,280.00,175.00,344.00,331.00
253,5,323.00,183.00,380.00,331.00
253,18,72.00,153.00,159.00,363.00
253,20,16.00,149.00,109.00,359.00
253,23,183.00,175.00,245.00,329.00
254,4,280.00,175.00,339.00,326.00
254,5,325.00,181.00,376.00,331.00
254,18,67.00,149.00,141.00,365.00
254,20,5.00,143.00,96.00,367.00
254,23,181.00,179.00,240.00,331.00
255,4,280.00,171.00,344.00,326.00
255,5,323.00,183.00,376.00,331.00
255,18,63.00,149.00,139.00,372.00
255,20,1.00,136.00,94.00,369.00
255,23,183.00,175.00,238.00,331.00
256,4,278.00,173.00,339.00,329.00
256,5,321.00,181.00,374.00,331.00
256,18,48.00,145.00,137.00,378.00
256,20,1.00,132.00,81.00,372.00
256,23,177.00,171.00,234.00,337.00
257,4,280.00,175.00,331.00,326.00
257,5,317.00,179.00,376.00,331.00
257,18,41.00,147.00,131.00,387.00
257,20,1.00,121.00,62.00,369.00
257,23,171.00,173.00,236.00,335.00
258,4,274.00,177.00,339.00,329.00
258,5,321.00,183.00,378.00,335.00
258,18,31.00,140.00,133.00,393.00
258,23,171.00,171.00,234.00,348.00
259,4,280.00,179.00,339.00,333.00
259,5,323.00,188.00,380.00,335.00
259,18,22.00,138.00,116.00,400.00
259,23,164.00,164.00,230.00,346.00
260,4,278.00,186.00,339.00,335.00
260,5,319.00,190.00,380.00,339.00
260,18,13.00,138.00,109.00,410.00
260,23,162.00,173.00,223.00,350.00
261,4,274.00,181.00,337.00,339.00
261,5,319.00,196.00,378.00,339.00
261,18,5.00,132.00,105.00,423.00
261,23,155.00,168.00,225.00,357.00
262,4,274.00,179.00,335.00,337.00
262,5,319.00,192.00,378.00,337.00
262,18,1.00,128.00,96.00,438.00
262,23,155.00,162.00,225.00,361.00
263,4,274.00,177.00,333.00,329.00
263,5,319.00,186.00,372.00,335.00
263,18,3.00,117.00,92.00,451.00
263,23,153.00,158.00,221.00,365.00
264,4,274.00,173.00,331.00,331.00
264,5,321.00,183.00,367.00,335.00
264,18,1.00,106.00,70.00,466.00
264,23,143.00,155.00,221.00,369.00
265,4,276.00,173.00,329.00,329.00
265,5,321.00,181.00,372.00,335.00
265,23,143.00,153.00,219.00,376.00
266,4,272.00,173.00,329.00,329.00
266,5,317.00,183.00,367.00,335.00
266,23,128.00,155.00,215.00,391.00
267,4,274.00,173.00,331.00,326.00
267,5,319.00,175.00,367.00,333.00
267,23,134.00,147.00,217.00,376.00
268,4,267.00,175.00,329.00,329.00
268,5,313.00,183.00,369.00,331.00
268,23,130.00,147.00,217.00,385.00
269,4,267.00,173.00,329.00,329.00
269,5,317.00,179.00,367.00,333.00
269,23,123.00,138.00,217.00,389.00
270,4,267.00,171.00,324.00,329.00
270,5,315.00,183.00,369.00,333.00
270,23,119.00,132.00,210.00,397.00
271,4,263.00,168.00,324.00,322.00
271,5,313.00,177.00,372.00,329.00
271,23,115.00,130.00,215.00,395.00
272,4,265.00,166.00,326.00,324.00
272,5,315.00,181.00,365.00,326.00
272,23,108.00,121.00,212.00,406.00
273,4,261.00,171.00,320.00,324.00
273,5,313.00,173.00,369.00,324.00
273,23,100.00,115.00,206.00,408.00
274,4,267.00,166.00,320.00,324.00
274,5,310.00,173.00,372.00,326.00
274,23,95.00,108.00,202.00,417.00
275,4,261.00,168.00,322.00,326.00
275,5,310.00,179.00,365.00,329.00
275,23,74.00,100.00,199.00,430.00
276,4,263.00,166.00,322.00,324.00
276,5,313.00,177.00,367.00,326.00
276,23,63.00,100.00,187.00,443.00
277,4,263.00,171.00,322.00,326.00
277,5,310.00,183.00,369.00,329.00
277,23,41.00,87.00,180.00,447.00
278,4,259.00,171.00,326.00,331.00
278,5,313.00,181.00,372.00,329.00
278,23,22.00,87.00,187.00,473.00
279,4,261.00,168.00,324.00,326.00
279,5,315.00,179.00,374.00,329.00
279,23,13.00,69.00,169.00,479.00
280,4,265.00,168.00,326.00,322.00
280,5,315.00,175.00,374.00,326.00
280,23,7.00,46.00,163.00,480.00
281,4,263.00,166.00,320.00,324.00
281,5,315.00,175.00,369.00,322.00
281,23,5.00,33.00,141.00,479.00
282,4,261.00,166.00,322.00,324.00
282,5,313.00,173.00,369.00,324.00
282,23,3.00,13.00,139.00,477.00
283,4,263.00,168.00,324.00,324.00
283,5,323.00,177.00,376.00,326.00
283,24,164.00,211.00,193.00,275.00
283,25,183.00,214.00,208.00,275.00
284,4,261.00,175.00,320.00,331.00
284,5,317.00,175.00,374.00,329.00
284,24,163.00,218.00,189.00,275.00
284,25,186.00,216.00,208.00,277.00
285,4,263.00,175.00,326.00,331.00
285,5,321.00,183.00,376.00,331.00
285,24,164.00,214.00,191.00,277.00
285,25,186.00,218.00,208.00,279.00
286,4,265.00,177.00,326.00,329.00
286,5,321.00,186.00,376.00,333.00
286,24,166.00,216.00,193.00,279.00
286,25,186.00,216.00,210.00,281.00
287,4,267.00,181.00,324.00,333.00
287,5,317.00,183.00,380.00,335.00
287,24,173.00,220.00,195.00,279.00
287,25,192.00,220.00,210.00,281.00
288,4,267.00,173.00,331.00,333.00
288,5,321.00,175.00,382.00,333.00
288,24,175.00,218.00,199.00,281.00
288,25,192.00,214.00,217.00,281.00
289,4,276.00,171.00,337.00,329.00
289,5,330.00,175.00,389.00,329.00
289,24,181.00,218.00,206.00,279.00
289,25,196.00,214.00,221.00,279.00
290,4,278.00,171.00,344.00,329.00
290,5,336.00,173.00,400.00,329.00
290,24,186.00,218.00,208.00,281.00
290,25,203.00,218.00,225.00,281.00
290,26,24.00,183.00,68.00,294.00
291,4,282.00,168.00,344.00,329.00
291,5,334.00,173.00,404.00,329.00
291,24,192.00,216.00,212.00,281.00
291,25,209.00,216.00,234.00,281.00
291,26,35.00,183.00,70.00,290.00
292,4,289.00,171.00,346.00,331.00
292,5,340.00,177.00,406.00,331.00
292,24,190.00,214.00,217.00,281.00
292,25,207.00,211.00,238.00,281.00
292,26,32.00,183.00,79.00,294.00
293,4,285.00,177.00,354.00,326.00
293,5,338.00,175.00,402.00,331.00
293,24,192.00,211.00,217.00,281.00
293,25,207.00,214.00,234.00,281.00
293,26,29.00,186.00,75.00,290.00
294,4,291.00,175.00,352.00,326.00
294,5,349.00,179.00,408.00,329.00
294,24,192.00,211.00,217.00,283.00
294,25,209.00,209.00,236.00,283.00
294,26,31.00,181.00,73.00,292.00
295,4,289.00,173.00,354.00,329.00
295,5,347.00,177.00,415.00,331.00
295,24,192.00,214.00,217.00,283.00
295,25,209.00,211.00,240.00,283.00
295,26,29.00,181.00,77.00,294.00
295,27,242.00,218.00,262.00,273.00
296,4,300.00,168.00,363.00,331.00
296,5,358.00,181.00,421.00,333.00
296,24,196.00,214.00,223.00,283.00
296,25,214.00,211.00,243.00,283.00
296,26,39.00,183.00,79.00,296.00
296,27,246.00,216.00,268.00,272.00
297,4,304.00,166.00,369.00,326.00
297,5,364.00,173.00,428.00,331.00
297,24,205.00,211.00,227.00,283.00
297,25,222.00,211.00,247.00,281.00
297,26,39.00,186.00,81.00,296.00
297,27,250.00,216.00,275.00,273.00
298,4,317.00,171.00,374.00,320.00
298,5,371.00,177.00,429.00,329.00
298,24,205.00,211.00,230.00,283.00
298,25,222.00,205.00,251.00,283.00
298,26,48.00,183.00,88.00,296.00
298,27,250.00,211.00,277.00,270.00
299,4,317.00,173.00,376.00,329.00
299,5,371.00,177.00,430.00,331.00
299,24,205.00,214.00,232.00,286.00
299,25,224.00,211.00,251.00,286.00
299,26,44.00,181.00,85.00,294.00
299,27,252.00,216.00,277.00,273.00
300,4,317.00,171.00,378.00,324.00
300,5,381.00,173.00,430.00,329.00
300,24,205.00,211.00,234.00,281.00
300,25,226.00,205.00,253.00,283.00
300,26,46.00,183.00,88.00,294.00
300,27,254.00,214.00,279.00,273.00
301,4,319.00,168.00,382.00,329.00
301,5,371.00,171.00,428.00,329.00
301,24,205.00,209.00,232.00,286.00
301,25,229.00,205.00,255.00,283.00
301,26,46.00,177.00,88.00,296.00
301,27,257.00,214.00,281.00,273.00
302,4,317.00,168.00,385.00,326.00
302,5,381.00,179.00,438.00,333.00
302,24,205.00,211.00,238.00,286.00
302,25,229.00,207.00,260.00,283.00
302,26,46.00,175.00,90.00,292.00
302,27,259.00,214.00,283.00,270.00
303,4,319.00,173.00,385.00,326.00
303,5,386.00,177.00,436.00,333.00
303,24,207.00,208.00,236.00,286.00
303,25,226.00,205.00,262.00,288.00
303,26,41.00,175.00,85.00,294.00
303,27,259.00,211.00,286.00,275.00
304,4,321.00,166.00,391.00,326.00
304,5,386.00,177.00,443.00,331.00
304,24,214.00,211.00,236.00,286.00
304,25,229.00,209.00,262.00,286.00
304,26,39.00,177.00,83.00,296.00
304,27,265.00,211.00,288.00,270.00
305,4,330.00,168.00,397.00,329.00
305,5,388.00,181.00,449.00,331.00
305,24,216.00,211.00,243.00,290.00
305,25,231.00,205.00,268.00,290.00
305,26,50.00,177.00,94.00,303.00
305,27,267.00,216.00,292.00,273.00
306,4,336.00,171.00,401.00,329.00
306,5,398.00,180.00,456.00,330.00
306,24,222.00,209.00,251.00,288.00
306,25,242.00,203.00,275.00,290.00
306,26,48.00,171.00,98.00,307.00
306,27,274.00,211.00,304.00,273.00
307,4,343.00,173.00,406.00,329.00
307,5,409.00,179.00,464.00,329.00
307,24,222.00,211.00,253.00,292.00
307,25,246.00,205.00,279.00,290.00
307,26,57.00,175.00,101.00,303.00
307,27,282.00,209.00,305.00,275.00
307,28,160.00,214.00,187.00,281.00
308,4,351.00,173.00,417.00,329.00
308,5,409.00,177.00,471.00,329.00
308,24,224.00,209.00,253.00,290.00
308,25,246.00,201.00,279.00,292.00
308,26,57.00,171.00,109.00,296.00
308,27,282.00,209.00,307.00,275.00
308,28,158.00,214.00,184.00,281.00
309,4,351.00,168.00,415.00,326.00
309,5,411.00,175.00,475.00,331.00
309,24,222.00,207.00,255.00,288.00
309,25,246.00,203.00,281.00,292.00
309,26,59.00,171.00,113.00,301.00
309,27,287.00,209.00,314.00,275.00
309,28,156.00,214.00,182.00,281.00
309,29,166.00,211.00,191.00,275.00
310,4,356.00,177.00,425.00,329.00
310,5,422.00,181.00,481.00,331.00
310,24,224.00,205.00,255.00,290.00
310,25,246.00,205.00,281.00,294.00
310,26,57.00,173.00,105.00,303.00
310,27,289.00,211.00,311.00,273.00
310,28,155.00,214.00,180.00,281.00
310,29,162.00,214.00,191.00,279.00
311,4,358.00,171.00,425.00,326.00
311,5,427.00,183.00,483.00,335.00
311,24,224.00,207.00,260.00,294.00
311,25,248.00,198.00,283.00,296.00
311,26,57.00,173.00,105.00,303.00
311,27,287.00,211.00,314.00,277.00
311,28,153.00,214.00,178.00,281.00
311,29,162.00,216.00,189.00,275.00
312,4,362.00,173.00,425.00,329.00
312,5,424.00,179.00,490.00,333.00
312,24,226.00,205.00,255.00,294.00
312,25,246.00,205.00,286.00,296.00
312,26,52.00,168.00,101.00,303.00
312,27,291.00,211.00,316.00,277.00
312,28,152.00,214.00,176.00,281.00
312,29,166.00,214.00,193.00,277.00
313,4,367.00,178.00,428.00,329.00
313,5,435.00,175.00,492.00,335.00
313,24,229.00,209.00,258.00,296.00
313,25,254.00,201.00,286.00,301.00
313,26,54.00,171.00,103.00,309.00
313,27,291.00,216.00,318.00,277.00
313,28,150.00,214.00,174.00,281.00
313,29,168.00,218.00,193.00,279.00
314,4,375.00,173.00,434.00,331.00
314,5,437.00,173.00,492.00,329.00
314,24,226.00,207.00,258.00,296.00
314,25,252.00,201.00,290.00,298.00
314,26,48.00,166.00,101.00,307.00
314,27,293.00,211.00,322.00,279.00
314,28,149.00,214.00,172.00,281.00
314,29,173.00,211.00,199.00,279.00
315,4,377.00,168.00,438.00,329.00
315,5,431.00,173.00,501.00,329.00
315,24,224.00,201.00,262.00,301.00
315,25,250.00,198.00,292.00,296.00
315,26,48.00,166.00,96.00,307.00
315,27,291.00,209.00,320.00,277.00
315,28,147.00,214.00,170.00,281.00
315,29,173.00,211.00,204.00,275.00
316,4,375.00,171.00,438.00,331.00
316,5,444.00,179.00,492.00,329.00
316,24,222.00,203.00,260.00,301.00
316,25,252.00,203.00,292.00,301.00
316,26,50.00,168.00,105.00,309.00
316,27,293.00,211.00,320.00,277.00
316,28,145.00,214.00,167.00,281.00
316,29,177.00,214.00,204.00,277.00
317,4,384.00,168.00,449.00,329.00
317,5,446.00,173.00,501.00,331.00
317,24,222.00,198.00,258.00,296.00
317,25,254.00,198.00,292.00,301.00
317,26,48.00,162.00,94.00,305.00
317,27,293.00,207.00,322.00,275.00
317,28,140.00,207.00,169.00,281.00
317,29,179.00,211.00,202.00,273.00
318,4,386.00,168.00,451.00,326.00
318,5,446.00,177.00,503.00,333.00
318,24,226.00,201.00,258.00,301.00
318,25,250.00,198.00,286.00,303.00
318,26,39.00,160.00,98.00,307.00
318,27,291.00,207.00,319.00,281.00
318,28,136.00,209.00,165.00,283.00
318,29,177.00,214.00,204.00,275.00
319,4,388.00,171.00,451.00,331.00
319,5,444.00,181.00,507.00,335.00
319,24,220.00,201.00,253.00,303.00
319,25,248.00,198.00,290.00,309.00
319,26,37.00,160.00,90.00,314.00
319,27,293.00,211.00,316.00,281.00
319,28,134.00,211.00,163.00,286.00
319,29,179.00,220.00,202.00,277.00
320,4,388.00,177.00,451.00,337.00
320,5,448.00,186.00,509.00,341.00
320,24,218.00,205.00,253.00,309.00
320,25,248.00,201.00,288.00,309.00
320,26,31.00,164.00,83.00,318.00
320,27,293.00,216.00,322.00,283.00
320,28,123.00,214.00,159.00,288.00
320,29,181.00,222.00,206.00,281.00
321,4,386.00,177.00,455.00,331.00
321,5,457.00,188.00,509.00,344.00
321,24,216.00,207.00,253.00,312.00
321,25,244.00,196.00,290.00,316.00
321,26,33.00,168.00,88.00,320.00
321,27,297.00,214.00,320.00,288.00
321,28,123.00,214.00,156.00,288.00
321,29,183.00,220.00,208.00,281.00
322,4,386.00,173.00,451.00,331.00
322,5,459.00,186.00,516.00,341.00
322,24,214.00,207.00,255.00,311.00
322,25,248.00,196.00,288.00,311.00
322,26,37.00,162.00,88.00,316.00
322,27,295.00,211.00,326.00,286.00
322,28,117.00,214.00,152.00,288.00
322,29,186.00,220.00,208.00,279.00
323,4,390.00,173.00,458.00,333.00
323,5,454.00,179.00,516.00,337.00
323,24,211.00,201.00,253.00,318.00
323,25,242.00,196.00,288.00,316.00
323,26,29.00,168.00,85.00,320.00
323,27,293.00,214.00,324.00,286.00
323,28,112.00,218.00,148.00,288.00
323,29,181.00,220.00,212.00,281.00
324,4,390.00,180.00,453.00,335.00
324,5,454.00,183.00,514.00,339.00
324,24,205.00,205.00,247.00,314.00
324,25,239.00,198.00,288.00,318.00
324,26,22.00,160.00,83.00,322.00
324,27,289.00,211.00,324.00,288.00
324,28,104.00,214.00,139.00,292.00
324,29,183.00,224.00,210.00,281.00
325,4,396.00,177.00,462.00,335.00
325,5,454.00,183.00,516.00,337.00
325,24,198.00,192.00,247.00,316.00
325,25,242.00,196.00,281.00,320.00
325,26,22.00,160.00,73.00,324.00
325,27,293.00,209.00,322.00,290.00
325,28,95.00,211.00,131.00,292.00
325,29,188.00,222.00,212.00,281.00
325,30,263.00,209.00,292.00,288.00
326,4,394.00,181.00,453.00,335.00
326,5,459.00,183.00,522.00,337.00
326,24,201.00,196.00,243.00,318.00
326,25,235.00,196.00,286.00,320.00
326,26,16.00,155.00,79.00,318.00
326,27,293.00,209.00,324.00,288.00
326,28,102.00,209.00,126.00,290.00
326,29,190.00,222.00,210.00,275.00
326,30,267.00,214.00,292.00,286.00
327,4,399.00,179.00,464.00,335.00
327,5,457.00,181.00,516.00,339.00
327,24,194.00,196.00,249.00,318.00
327,25,235.00,192.00,279.00,322.00
327,26,16.00,153.00,66.00,324.00
327,27,291.00,211.00,322.00,286.00
327,30,265.00,207.00,290.00,286.00
328,4,394.00,181.00,468.00,337.00
328,5,461.00,186.00,522.00,341.00
328,24,188.00,194.00,234.00,322.00
328,25,229.00,186.00,279.00,324.00
328,26,13.00,155.00,64.00,324.00
328,27,287.00,209.00,322.00,288.00
328,30,263.00,211.00,292.00,286.00
329,4,401.00,179.00,460.00,331.00
329,5,465.00,183.00,529.00,339.00
329,24,190.00,194.00,236.00,324.00
329,25,235.00,188.00,288.00,326.00
329,26,7.00,147.00,70.00,324.00
329,27,293.00,209.00,329.00,288.00
329,30,265.00,214.00,290.00,286.00
330,4,403.00,173.00,466.00,331.00
330,5,470.00,188.00,526.00,337.00
330,24,181.00,190.00,232.00,324.00
330,25,229.00,186.00,277.00,329.00
330,26,7.00,151.00,62.00,329.00
330,27,289.00,207.00,324.00,290.00
330,30,259.00,211.00,290.00,286.00
331,4,399.00,177.00,462.00,331.00
331,5,463.00,183.00,524.00,333.00
331,24,173.00,188.00,227.00,329.00
331,25,226.00,188.00,275.00,331.00
331,26,3.00,145.00,53.00,324.00
331,27,285.00,207.00,318.00,288.00
331,30,259.00,207.00,286.00,283.00
332,4,399.00,171.00,473.00,333.00
332,5,470.00,177.00,526.00,331.00
332,24,179.00,183.00,225.00,326.00
332,25,220.00,177.00,268.00,335.00
332,26,1.00,149.00,49.00,331.00
332,27,289.00,209.00,318.00,288.00
332,30,257.00,216.00,286.00,288.00
333,4,401.00,173.00,468.00,329.00
333,5,472.00,179.00,529.00,331.00
333,24,173.00,179.00,223.00,324.00
333,25,214.00,181.00,266.00,333.00
333,27,280.00,205.00,314.00,286.00
333,30,257.00,207.00,283.00,288.00
334,4,403.00,173.00,468.00,329.00
334,5,467.00,181.00,529.00,337.00
334,24,160.00,179.00,215.00,329.00
334,25,207.00,177.00,268.00,341.00
334,27,280.00,203.00,314.00,283.00
334,30,252.00,205.00,283.00,288.00
335,4,399.00,175.00,464.00,335.00
335,5,465.00,177.00,531.00,337.00
335,24,153.00,177.00,215.00,339.00
335,25,205.00,173.00,260.00,346.00
335,27,274.00,205.00,316.00,288.00
335,30,252.00,207.00,281.00,290.00
336,4,401.00,175.00,466.00,329.00
336,5,467.00,190.00,531.00,337.00
336,24,145.00,175.00,212.00,339.00
336,25,194.00,175.00,262.00,346.00
336,27,278.00,205.00,316.00,290.00
336,30,246.00,201.00,281.00,290.00
337,4,399.00,179.00,468.00,329.00
337,5,461.00,175.00,526.00,339.00
337,24,140.00,175.00,210.00,348.00
337,25,194.00,167.00,260.00,352.00
337,27,282.00,203.00,316.00,296.00
337,30,246.00,203.00,279.00,290.00
338,4,399.00,173.00,464.00,333.00
338,5,465.00,188.00,529.00,341.00
338,24,128.00,173.00,204.00,350.00
338,25,186.00,162.00,251.00,352.00
338,27,280.00,205.00,314.00,292.00
338,30,246.00,207.00,277.00,294.00
339,4,401.00,173.00,468.00,326.00
339,5,472.00,181.00,526.00,341.00
339,24,123.00,171.00,193.00,354.00
339,25,177.00,162.00,253.00,359.00
339,27,276.00,205.00,309.00,294.00
339,30,242.00,209.00,277.00,292.00
340,4,407.00,175.00,466.00,335.00
340,5,472.00,183.00,526.00,339.00
340,24,108.00,168.00,195.00,359.00
340,25,166.00,160.00,240.00,369.00
340,27,274.00,205.00,311.00,296.00
340,30,237.00,214.00,277.00,296.00
341,4,407.00,177.00,468.00,331.00
341,5,470.00,177.00,533.00,335.00
341,24,110.00,155.00,189.00,359.00
341,25,162.00,153.00,236.00,376.00
341,27,274.00,203.00,309.00,292.00
341,30,233.00,207.00,268.00,296.00
342,4,401.00,175.00,464.00,337.00
342,5,470.00,179.00,531.00,339.00
342,24,104.00,155.00,174.00,367.00
342,25,162.00,155.00,234.00,382.00
342,27,274.00,198.00,309.00,301.00
342,30,235.00,203.00,270.00,296.00
343,4,401.00,175.00,466.00,331.00
343,5,472.00,181.00,535.00,337.00
343,24,91.00,147.00,172.00,374.00
343,25,149.00,140.00,236.00,395.00
343,27,269.00,196.00,314.00,294.00
343,30,231.00,198.00,270.00,294.00
344,4,405.00,171.00,471.00,329.00
344,5,470.00,177.00,531.00,335.00
344,24,82.00,149.00,161.00,376.00
344,25,143.00,130.00,230.00,391.00
344,27,272.00,188.00,314.00,292.00
344,30,229.00,194.00,273.00,294.00
345,4,403.00,177.00,464.00,333.00
345,5,476.00,181.00,537.00,337.00
345,24,65.00,147.00,150.00,389.00
345,25,138.00,121.00,230.00,404.00
345,27,269.00,194.00,311.00,296.00
345,30,231.00,196.00,268.00,298.00
346,4,409.00,175.00,466.00,331.00
346,5,476.00,183.00,535.00,339.00
346,24,52.00,145.00,144.00,402.00
346,25,128.00,123.00,221.00,408.00
346,27,267.00,196.00,307.00,303.00
346,30,231.00,201.00,266.00,301.00
347,4,407.00,175.00,468.00,333.00
347,5,480.00,177.00,531.00,339.00
347,24,37.00,138.00,135.00,408.00
347,25,112.00,117.00,217.00,419.00
347,27,267.00,198.00,307.00,301.00
347,30,226.00,201.00,260.00,301.00
348,4,401.00,173.00,466.00,331.00
348,5,474.00,183.00,533.00,339.00
348,24,24.00,123.00,124.00,419.00
348,25,91.00,110.00,204.00,453.00
348,27,257.00,196.00,301.00,301.00
348,30,222.00,203.00,260.00,305.00
349,4,399.00,171.00,460.00,333.00
349,5,470.00,179.00,526.00,333.00
349,24,1.00,112.00,113.00,425.00
349,25,69.00,91.00,180.00,468.00
349,27,250.00,194.00,292.00,307.00
349,30,218.00,201.00,251.00,307.00
350,4,392.00,173.00,453.00,337.00
350,5,465.00,179.00,522.00,335.00
350,24,0.00,106.00,66.00,434.00
350,25,41.00,87.00,178.00,479.00
350,27,244.00,190.00,288.00,305.00
350,30,207.00,196.00,243.00,305.00
351,4,390.00,179.00,455.00,335.00
351,5,465.00,186.00,522.00,337.00
351,25,13.00,80.00,150.00,479.00
351,27,239.00,190.00,290.00,309.00
351,30,205.00,196.00,243.00,305.00
352,4,386.00,173.00,451.00,337.00
352,5,461.00,183.00,520.00,339.00
352,25,3.00,41.00,137.00,477.00
352,27,237.00,188.00,283.00,309.00
352,30,203.00,194.00,243.00,309.00
353,4,386.00,168.00,451.00,341.00
353,5,461.00,183.00,529.00,341.00
353,25,3.00,18.00,116.00,480.00
353,27,233.00,188.00,283.00,316.00
353,30,196.00,198.00,240.00,307.00
354,4,384.00,173.00,451.00,333.00
354,5,459.00,181.00,524.00,341.00
354,27,231.00,186.00,279.00,311.00
354,30,198.00,194.00,243.00,311.00
