19,3431,871.00,177.42,901.13,245.79
20,3431,885.92,170.09,918.71,244.50
21,3433,860.57,159.03,898.14,244.29
21,3431,900.75,167.36,934.72,244.45
22,3433,876.73,159.32,916.75,250.11
22,3431,920.92,161.97,956.96,243.76
23,3433,889.80,159.18,930.85,252.32
23,3431,943.10,167.37,980.24,251.64
24,3433,913.80,164.93,957.11,263.22
24,3431,962.10,165.88,1006.85,267.42
25,3433,941.30,164.08,987.74,269.46
25,3431,992.19,168.75,1039.35,275.76
26,3433,966.35,162.75,1016.29,276.06
26,3431,1026.33,169.71,1076.49,283.55
27,3433,998.67,160.77,1052.75,283.48
27,3431,1059.91,169.44,1113.87,291.88
28,3433,1038.20,158.93,1094.71,287.16
34,3443,808.02,162.75,839.13,233.36
35,3443,817.28,175.01,850.05,249.38
36,3443,825.80,174.95,856.34,244.25
40,3443,876.00,173.90,913.64,259.31
41,3443,891.96,175.96,929.73,261.67
42,3443,908.80,180.63,946.64,266.50
43,3443,928.90,187.78,969.33,279.53
44,3443,935.92,183.92,975.61,273.99
45,3449,252.09,174.58,290.91,262.66
45,3443,954.23,184.82,992.42,271.49
46,3449,231.71,177.88,272.17,269.68
46,3443,978.08,188.98,1015.18,273.15
47,3449,212.57,176.36,255.71,274.26
48,3449,185.21,172.63,231.77,278.26
49,3449,159.73,172.86,206.17,278.23
50,3449,123.79,176.67,173.62,289.73
51,3449,90.26,177.16,142.02,294.62
52,3449,49.77,183.01,104.68,307.62
64,3468,148.06,164.52,205.30,294.41
64,3467,792.26,161.87,826.85,240.38
65,3468,119.42,165.56,178.00,298.50
65,3467,798.11,168.11,834.79,251.34
66,3468,71.71,165.38,133.92,306.54
66,3467,803.90,169.78,841.47,255.06
67,3472,901.47,165.12,933.95,238.81
67,3468,29.07,164.54,93.00,309.63
67,3467,811.12,160.26,852.56,254.28
68,3472,912.50,161.59,947.92,241.97
68,3467,815.54,157.15,860.98,260.26
69,3472,922.05,161.39,960.55,248.75
69,3467,821.23,160.66,868.85,268.72
70,3472,937.28,160.79,977.28,251.55
71,3472,950.29,168.63,991.06,261.15
71,3470,746.12,156.36,783.87,242.01
72,3472,964.38,168.85,1007.15,265.90
72,3470,752.30,161.92,789.09,245.40
73,3479,882.81,167.09,945.72,309.83
73,3477,254.83,165.95,290.89,247.76
73,3472,983.31,165.87,1030.77,273.56
73,3470,758.63,157.54,794.78,239.56
74,3479,909.53,174.48,972.11,316.48
74,3477,241.95,165.24,278.85,248.96
74,3472,999.99,163.53,1050.19,277.44
74,3470,760.05,159.11,796.85,242.63
74,3469,962.62,168.95,1009.64,275.64
75,3477,225.96,164.84,263.22,249.40
75,3472,1019.35,155.40,1073.19,277.58
75,3470,764.61,158.29,804.44,248.67
75,3469,978.61,155.51,1037.99,290.26
76,3485,996.27,147.78,1072.17,320.02
76,3477,209.07,168.92,246.50,253.84
76,3472,1042.85,157.27,1098.94,284.55
76,3470,772.72,158.06,812.05,247.30
77,3485,1036.12,140.45,1117.48,325.09
77,3477,189.19,165.67,229.92,258.09
77,3472,1064.64,160.70,1131.95,313.45
77,3470,778.00,158.53,820.91,255.90
78,3485,1078.51,145.04,1169.11,350.64
78,3477,168.65,167.80,211.23,264.42
78,3470,791.14,157.59,837.83,263.55
79,3485,1130.84,144.95,1225.83,360.50
79,3470,800.68,161.31,849.81,272.81
80,3470,810.42,161.66,862.93,280.82
81,3470,822.25,157.12,880.95,290.33
82,3470,839.44,160.69,902.12,302.93
83,3470,858.87,160.67,924.20,308.91
84,3470,883.39,160.61,955.16,323.49
85,3501,851.37,221.82,883.84,295.50
85,3470,914.89,158.76,995.27,341.16
86,3501,869.19,223.42,904.81,304.25
86,3470,948.34,154.72,1031.98,344.53
89,3512,364.17,167.40,395.22,237.87
90,3512,341.94,165.68,377.05,245.36
91,3512,324.68,162.27,363.30,249.92
92,3512,302.26,164.84,342.57,256.31
93,3512,281.79,169.60,322.95,263.01
94,3512,263.74,177.02,304.07,268.52
95,3512,236.12,178.25,277.06,271.14
97,3533,1008.79,173.01,1038.33,240.05
98,3534,927.67,167.00,958.49,236.94
98,3533,1018.36,169.60,1050.69,242.96
99,3534,933.80,167.00,964.62,236.94
99,3533,1031.70,167.08,1066.98,247.15
100,3534,945.64,167.00,976.46,236.94
100,3533,1047.36,165.64,1084.10,249.00
101,3534,955.62,167.00,986.44,236.94
101,3533,1063.88,164.79,1101.37,249.87
102,3534,968.08,167.76,1000.39,241.06
102,3533,1076.61,164.30,1114.49,250.27
103,3541,1112.28,160.75,1156.72,261.59
103,3534,979.85,163.62,1014.38,241.97
103,3533,1092.51,166.31,1131.87,255.62
104,3541,1135.41,155.08,1183.15,263.42
104,3534,990.92,161.52,1026.76,242.85
104,3533,1116.23,164.38,1157.94,259.03
105,3541,1158.78,152.37,1210.13,268.88
105,3534,1001.81,160.39,1038.45,243.53
105,3533,1136.07,159.58,1180.87,261.24
106,3541,1188.16,156.68,1241.21,277.06
106,3534,1013.11,161.39,1051.45,248.38
107,3534,1028.21,162.88,1066.48,249.73
108,3534,1044.41,163.75,1085.08,256.04
109,3534,1058.34,163.32,1100.56,259.13
110,3534,1076.12,162.64,1119.35,260.75
111,3534,1095.33,158.92,1142.12,265.10
112,3545,683.30,161.58,711.62,225.84
112,3534,1112.14,156.38,1161.25,267.83
113,3545,682.14,162.69,711.57,229.47
114,3545,681.61,162.76,711.65,230.93
119,3555,415.46,175.47,450.82,255.69
120,3556,675.27,153.08,715.24,243.77
120,3555,405.77,176.59,440.77,256.02
121,3556,674.94,150.30,717.21,246.22
121,3555,391.71,176.95,428.13,259.60
122,3555,376.24,178.92,414.95,266.76
123,3555,362.45,182.08,404.13,276.65
124,3555,344.22,181.10,391.32,287.98
125,3555,321.26,179.42,371.40,293.21
126,3555,302.88,183.29,354.82,301.16
127,3556,671.82,160.32,708.81,244.25
127,3555,285.70,188.83,338.71,309.14
128,3556,669.95,153.56,707.89,239.65
128,3555,256.64,188.68,314.38,319.72
129,3556,665.68,147.17,705.68,237.94
129,3555,225.92,192.15,288.60,334.40
130,3556,662.19,143.19,701.07,231.42
130,3555,193.19,198.49,258.99,347.80
131,3556,662.80,139.13,703.32,231.10
131,3555,148.42,199.28,218.42,358.13
132,3555,101.38,205.35,174.10,370.37
139,3573,540.45,144.77,618.48,321.84
146,3577,678.25,161.33,718.34,252.33
147,3577,682.63,156.92,725.46,254.12
175,3596,596.90,166.69,628.17,237.66
202,3608,596.29,146.64,658.71,288.29
210,3619,123.76,48.60,162.99,137.61
211,3619,110.65,40.84,143.87,116.22
212,3622,619.29,146.00,713.13,358.95
212,3621,913.83,186.74,951.49,272.20
213,3622,620.96,157.17,710.51,360.39
213,3621,928.59,185.82,968.39,276.14
218,3629,735.31,159.46,772.19,243.15
219,3629,739.41,168.96,774.47,248.52
220,3629,734.06,160.74,773.87,251.07
221,3629,739.64,166.93,778.38,254.85
222,3629,745.13,173.57,783.23,260.02
223,3629,747.99,163.25,792.70,264.71
224,3629,745.45,156.53,796.14,271.55
225,3629,749.80,152.57,803.95,275.45
226,3629,758.16,156.48,812.53,279.83
227,3629,766.48,168.54,820.91,292.06
228,3640,873.07,235.49,911.65,323.04
228,3629,780.06,173.04,834.48,296.54
232,3647,956.89,154.25,1050.18,365.95
232,3646,838.33,182.11,913.66,353.05
233,3647,978.94,147.08,1074.35,363.57
233,3646,860.22,200.02,933.95,367.33
234,3646,885.47,193.41,965.55,375.14
235,3646,918.90,199.08,1002.01,387.68
243,3663,483.15,170.79,514.20,241.25
244,3663,473.84,164.00,507.03,239.32
244,3657,484.50,168.59,517.27,242.96
245,3657,473.36,167.35,507.09,243.89
246,3657,465.70,174.23,499.97,251.98
248,3663,436.00,171.64,472.11,253.59
249,3675,463.51,171.97,493.63,240.33
249,3663,424.73,171.18,461.67,255.02
250,3675,453.98,174.82,484.81,244.79
250,3663,409.43,174.80,446.87,259.75
251,3679,698.39,165.22,730.86,238.91
251,3675,442.84,173.99,475.72,248.60
251,3663,392.31,172.06,432.69,263.69
252,3679,699.30,168.93,729.66,237.82
252,3675,435.83,176.86,469.72,253.76
252,3663,376.54,172.78,420.38,272.25
253,3675,424.99,177.67,460.81,258.95
253,3663,354.61,172.62,402.14,280.48
254,3683,723.32,166.90,756.79,242.86
254,3675,417.19,177.44,454.09,261.17
254,3663,335.74,176.70,385.61,289.87
255,3685,702.48,166.11,737.08,244.62
255,3683,728.17,166.70,762.50,244.59
255,3675,405.53,179.29,444.34,267.34
255,3663,313.20,173.09,368.55,298.71
256,3686,443.60,179.24,471.93,243.53
256,3685,701.85,169.51,738.52,252.74
256,3683,730.48,165.63,766.80,248.04
256,3675,391.60,175.59,434.81,273.65
256,3663,291.29,175.96,350.13,309.49
257,3686,438.54,182.99,466.87,247.28
257,3683,735.51,167.01,774.38,255.20
257,3675,381.47,173.52,428.94,281.25
257,3663,265.42,180.32,328.37,323.18
258,3689,722.92,164.18,760.34,249.09
258,3686,430.92,186.20,460.56,253.44
258,3683,745.87,169.37,783.37,254.47
258,3675,380.22,171.74,432.28,289.88
258,3663,234.87,178.79,302.69,332.69
259,3690,300.72,176.07,352.74,294.12
259,3689,734.08,164.25,771.49,249.13
259,3686,428.49,186.89,458.84,255.76
259,3683,759.59,170.16,797.42,256.00
259,3675,380.21,174.67,427.83,282.74
259,3663,198.21,174.38,273.78,345.87
260,3691,332.92,183.05,390.16,312.94
260,3690,285.16,175.43,338.58,296.66
260,3689,745.38,168.77,782.75,253.56
260,3686,426.12,185.59,458.29,258.60
260,3683,762.71,176.68,801.98,265.78
260,3675,377.95,175.63,423.02,277.90
260,3663,157.67,179.39,238.25,362.26
261,3691,315.74,176.10,377.86,317.06
261,3690,268.56,168.39,328.51,304.46
261,3689,756.59,165.35,797.42,258.01
261,3686,421.18,184.55,454.44,260.01
261,3675,374.53,177.01,417.69,274.94
262,3691,296.74,180.54,360.93,326.20
262,3690,256.73,171.35,319.79,314.46
262,3689,769.28,159.49,813.99,260.96
262,3686,419.45,180.43,453.35,257.34
262,3675,367.08,178.41,412.38,281.21
263,3692,823.59,157.73,877.43,279.91
263,3691,274.28,183.60,345.21,344.57
263,3690,238.92,175.94,305.98,328.13
263,3686,417.32,178.94,452.77,259.39
263,3675,360.23,183.89,405.58,286.80
264,3692,844.57,150.33,902.07,280.81
264,3691,242.29,180.90,320.25,357.82
264,3690,211.45,176.63,280.68,333.74
264,3686,411.58,176.21,449.21,261.60
264,3683,800.53,161.93,853.88,282.99
264,3675,350.65,181.68,398.74,290.80
265,3692,869.14,154.11,928.15,288.03
265,3690,189.98,171.07,271.88,356.94
265,3686,409.30,174.52,448.31,263.03
265,3683,816.22,159.93,871.83,286.12
265,3675,341.62,185.14,391.53,298.39
266,3692,893.86,149.90,959.05,297.84
266,3690,152.54,176.18,241.56,378.19
266,3686,404.43,177.41,444.33,267.93
266,3683,831.04,162.08,892.13,300.72
266,3675,330.01,182.35,384.87,306.85
267,3692,922.58,147.16,990.94,302.29
267,3686,397.83,174.89,441.13,273.14
267,3675,312.72,192.76,370.83,324.64
268,3692,958.56,143.63,1034.74,316.51
268,3686,389.77,174.70,433.81,274.64
268,3675,289.11,194.17,351.16,334.99
269,3698,938.82,141.26,1018.77,322.68
269,3692,1003.76,140.50,1084.32,323.33
269,3686,382.17,172.59,428.10,276.82
269,3675,255.24,191.25,326.69,353.40
270,3698,977.08,145.41,1067.41,350.39
270,3692,1052.43,146.90,1135.55,335.54
270,3686,374.58,175.74,421.76,282.82
271,3698,1019.11,145.18,1113.89,360.25
271,3692,1110.86,148.51,1200.24,351.34
271,3686,366.43,177.95,415.78,289.95
272,3686,357.94,178.02,408.75,293.32
273,3686,342.64,173.51,398.09,299.35
274,3686,332.16,180.57,388.79,309.10
275,3686,317.56,176.37,378.63,314.93
276,3686,300.82,178.09,366.94,328.14
277,3686,283.78,185.78,351.30,338.99
278,3686,265.35,186.59,335.77,346.38
279,3686,235.91,184.67,310.72,354.42
280,3686,209.40,191.18,284.89,362.49
281,3715,424.79,175.26,456.06,246.22
281,3686,173.47,192.34,251.70,369.86
282,3715,418.00,177.43,451.19,252.75
283,3715,415.81,181.49,449.87,258.76
284,3715,409.00,183.33,444.97,264.96
285,3715,400.61,181.44,439.08,268.73
286,3715,393.38,180.10,433.23,270.52
287,3717,680.58,164.84,722.18,259.24
287,3715,392.59,177.55,434.76,273.23
288,3717,686.42,169.24,728.28,264.20
289,3721,352.39,177.01,404.44,295.13
289,3717,692.35,170.77,734.25,265.87
290,3721,339.61,176.33,396.09,304.51
290,3717,701.53,168.95,744.97,267.52
291,3721,322.53,181.01,381.07,313.86
291,3717,709.18,167.86,753.49,268.41
292,3721,300.07,176.58,362.26,317.71
292,3717,717.57,165.14,764.04,270.58
293,3721,274.28,178.31,340.76,329.15
293,3717,728.71,163.41,778.07,275.42
294,3721,243.60,180.90,318.47,350.79
294,3717,737.54,167.25,788.68,283.32
295,3728,144.89,167.79,213.67,323.87
295,3721,198.36,180.58,280.28,366.48
295,3717,749.00,168.48,803.14,291.33
296,3728,84.46,165.20,166.23,350.77
296,3717,763.63,190.10,815.33,307.44
297,3728,66.98,172.91,154.20,370.85
297,3717,779.54,174.58,838.01,307.28
298,3717,802.33,170.64,867.39,318.28
299,3717,824.33,169.09,886.51,310.18
300,3735,469.03,162.49,502.30,237.99
300,3717,855.49,174.74,922.71,327.28
301,3735,462.49,168.50,494.96,242.17
301,3717,887.99,173.84,965.80,350.40
302,3735,457.72,167.25,493.11,247.55
303,3735,448.33,170.43,485.15,253.98
304,3735,437.56,166.49,478.35,259.07
305,3735,423.99,168.19,466.96,265.70
306,3735,415.05,168.18,459.26,268.50
307,3735,392.10,164.84,442.54,279.31
308,3735,364.58,161.62,421.05,289.77
309,3735,335.73,162.08,403.71,316.33
310,3735,307.58,159.36,382.30,328.92
311,3752,885.31,166.02,920.18,245.13
312,3752,896.65,170.70,931.49,249.76
313,3752,915.28,166.88,951.70,249.53
314,3752,929.25,169.54,966.45,253.94
315,3761,501.00,175.24,529.33,239.53
315,3752,950.13,165.66,990.95,258.30
316,3761,500.03,175.18,528.36,239.47
316,3752,966.67,175.84,1006.63,266.51
317,3761,497.83,172.81,527.46,240.05
317,3752,989.32,176.45,1031.43,271.99
318,3761,493.45,171.67,523.80,240.55
318,3752,1016.11,173.88,1061.21,276.22
321,3772,448.14,171.16,484.71,254.15
322,3772,440.90,175.21,478.30,260.06
322,3761,482.55,183.34,512.72,251.80
323,3772,438.94,176.31,476.66,261.90
323,3761,473.59,181.40,506.61,256.31
324,3772,435.37,180.06,471.78,262.67
324,3761,466.68,179.86,501.43,258.71
325,3779,779.11,117.34,816.15,201.39
325,3772,430.02,182.50,466.96,266.33
325,3761,463.97,182.69,499.83,264.06
326,3772,422.87,179.44,463.17,270.90
326,3761,456.11,185.73,493.81,271.26
327,3772,412.19,187.19,452.91,279.60
327,3761,449.06,186.23,487.96,274.50
328,3772,404.39,189.87,445.35,282.80
328,3761,446.35,185.96,486.05,276.04
329,3761,429.38,184.30,473.82,285.15
330,3761,422.47,182.18,469.97,289.96
331,3785,763.24,160.53,799.82,243.53
331,3761,409.09,185.56,458.62,297.95
332,3785,770.05,160.00,807.28,244.50
332,3772,345.52,197.88,395.63,311.61
332,3761,386.01,180.43,442.58,308.82
333,3785,779.24,160.11,815.58,242.56
333,3772,328.12,200.28,379.55,316.99
333,3761,375.72,178.38,435.02,312.95
334,3785,790.96,159.99,827.89,243.80
334,3772,311.84,205.92,364.12,324.56
335,3785,797.33,159.09,841.08,258.38
335,3772,286.56,208.13,343.16,336.58
336,3801,299.63,180.22,378.79,359.84
336,3799,914.05,182.04,944.17,250.41
336,3785,809.35,157.12,857.04,265.36
336,3772,258.55,213.88,319.83,352.94
337,3803,958.10,172.91,992.50,250.97
337,3801,272.92,190.11,350.72,366.66
337,3799,922.39,179.31,955.18,253.72
337,3785,825.07,150.59,873.70,260.95
337,3772,227.86,220.37,290.46,362.43
338,3803,972.72,172.47,1007.57,251.55
338,3801,239.73,190.51,320.78,374.42
338,3799,937.92,177.89,973.57,258.79
339,3803,984.46,171.41,1021.08,254.52
339,3799,950.26,176.90,987.31,260.96
340,3803,999.86,170.69,1037.34,255.75
340,3799,969.30,176.53,1010.28,269.52
