19,2958,871.00,177.42,901.13,245.79
20,2958,885.92,170.09,918.71,244.50
21,2960,860.57,159.03,898.14,244.29
21,2958,900.75,167.36,934.72,244.45
22,2960,876.73,159.32,916.75,250.11
22,2958,920.92,161.97,956.96,243.76
23,2960,889.80,159.18,930.85,252.32
23,2958,943.10,167.37,980.24,251.64
24,2960,913.80,164.93,957.11,263.22
24,2959,759.24,160.65,799.95,253.03
24,2958,962.10,165.88,1006.85,267.42
25,2960,941.30,164.08,987.74,269.46
25,2958,992.19,168.75,1039.35,275.76
26,2960,966.35,162.75,1016.29,276.06
26,2958,1026.33,169.71,1076.49,283.55
27,2960,998.67,160.77,1052.75,283.48
27,2958,1059.91,169.44,1113.87,291.88
28,2960,1038.20,158.93,1094.71,287.16
28,2958,1105.20,165.61,1165.81,303.15
29,2960,1083.93,153.59,1146.24,294.99
34,2968,808.02,162.75,839.13,233.36
35,2968,817.28,175.01,850.05,249.38
36,2968,825.80,174.95,856.34,244.25
40,2968,876.00,173.90,913.64,259.31
41,2968,891.96,175.96,929.73,261.67
42,2968,908.80,180.63,946.64,266.50
43,2968,928.90,187.78,969.33,279.53
44,2968,935.92,183.92,975.61,273.99
45,2974,252.09,174.58,290.91,262.66
45,2968,954.23,184.82,992.42,271.49
46,2974,231.71,177.88,272.17,269.68
46,2968,978.08,188.98,1015.18,273.15
47,2974,212.57,176.36,255.71,274.26
47,2968,1006.66,199.62,1047.89,293.15
48,2974,185.21,172.63,231.77,278.26
49,2974,159.73,172.86,206.17,278.23
50,2974,123.79,176.67,173.62,289.73
51,2974,90.26,177.16,142.02,294.62
52,2974,49.77,183.01,104.68,307.62
64,2990,148.06,164.52,205.30,294.41
64,2989,792.26,161.87,826.85,240.38
65,2990,119.42,165.56,178.00,298.50
65,2989,798.11,168.11,834.79,251.34
66,2990,71.71,165.38,133.92,306.54
66,2989,803.90,169.78,841.47,255.06
67,2994,901.47,165.12,933.95,238.81
67,2990,29.07,164.54,93.00,309.63
67,2989,811.12,160.26,852.56,254.28
68,2994,912.50,161.59,947.92,241.97
68,2989,815.54,157.15,860.98,260.26
69,2994,922.05,161.39,960.55,248.75
69,2989,821.23,160.66,868.85,268.72
70,2994,937.28,160.79,977.28,251.55
71,2994,950.29,168.63,991.06,261.15
71,2992,746.12,156.36,783.87,242.01
72,2994,964.38,168.85,1007.15,265.90
72,2992,752.30,161.92,789.09,245.40
73,2999,254.83,165.95,290.89,247.76
73,2998,336.92,178.19,366.83,246.05
73,2994,983.31,165.87,1030.77,273.56
73,2992,758.63,157.54,794.78,239.56
73,2989,837.77,171.19,874.18,253.81
74,3001,910.74,178.29,973.07,319.74
74,2999,241.95,165.24,278.85,248.96
74,2998,321.99,179.66,354.40,253.20
74,2994,999.99,163.53,1050.19,277.44
74,2992,760.05,159.11,796.85,242.63
74,2991,962.62,168.95,1009.64,275.64
75,2999,225.96,164.84,263.22,249.40
75,2998,303.99,185.23,334.89,255.34
75,2994,1019.35,155.40,1073.19,277.58
75,2992,764.61,158.29,804.44,248.67
75,2991,978.61,155.51,1037.99,290.26
76,3005,996.27,147.78,1072.17,320.02
76,2999,209.07,168.92,246.50,253.84
76,2994,1042.85,157.27,1098.94,284.55
76,2992,772.72,158.06,812.05,247.30
76,2991,987.69,203.67,1044.55,332.69
77,3005,1036.12,140.45,1117.48,325.09
77,2999,189.19,165.67,229.92,258.09
77,2994,1064.64,160.70,1131.95,313.45
77,2992,778.00,158.53,820.91,255.90
77,2991,1011.19,178.32,1078.66,331.42
78,3005,1078.51,145.04,1169.11,350.64
78,2999,168.65,167.80,211.23,264.42
78,2992,791.14,157.59,837.83,263.55
79,3005,1130.84,144.95,1225.83,360.50
79,2992,800.68,161.31,849.81,272.81
80,3009,240.90,186.42,278.32,271.33
80,2992,810.42,161.66,862.93,280.82
81,2992,822.25,157.12,880.95,290.33
82,2992,824.00,177.60,875.94,295.46
83,2992,836.91,189.17,883.90,295.81
84,3011,884.80,149.40,966.93,335.78
84,2992,841.28,200.49,885.09,299.92
85,3015,886.26,217.96,920.85,296.46
85,3014,850.41,220.83,882.88,294.52
85,3011,916.95,145.32,1010.09,356.67
85,2992,854.47,213.81,895.08,305.95
86,3018,400.13,169.09,430.94,239.01
86,3015,911.46,221.67,948.14,304.90
86,3014,870.41,223.56,906.03,304.39
86,3011,951.75,143.10,1045.75,356.42
86,2992,874.78,222.79,914.54,313.03
87,3018,392.02,173.31,421.44,240.07
87,3015,938.79,224.31,982.66,323.87
87,3011,1008.64,142.10,1106.06,363.19
88,3020,922.42,234.13,968.20,338.01
88,3018,380.46,172.42,410.56,240.73
88,3015,962.10,249.56,1004.07,344.81
89,3018,366.81,169.04,397.28,238.18
89,3015,980.77,247.20,1028.48,355.48
90,3018,345.53,167.74,379.19,244.13
91,3024,1170.59,281.88,1214.50,381.53
91,3018,328.02,164.56,364.91,248.26
92,3018,305.48,166.66,344.23,254.58
93,3018,284.66,170.96,324.52,261.41
94,3018,266.16,177.84,305.56,267.25
95,3018,238.41,178.95,278.57,270.07
97,3033,1008.79,173.01,1038.33,240.05
98,3034,927.67,167.00,958.49,236.94
98,3033,1018.36,169.60,1050.69,242.96
99,3034,933.80,167.00,964.62,236.94
99,3033,1031.70,167.08,1066.98,247.15
100,3034,945.64,167.00,976.46,236.94
100,3033,1047.36,165.64,1084.10,249.00
101,3034,955.62,167.00,986.44,236.94
101,3033,1063.88,164.79,1101.37,249.87
102,3034,968.08,167.76,1000.39,241.06
102,3033,1076.61,164.30,1114.49,250.27
103,3041,1112.28,160.75,1156.72,261.59
103,3034,979.85,163.62,1014.38,241.97
103,3033,1092.51,166.31,1131.87,255.62
104,3041,1135.41,155.08,1183.15,263.42
104,3034,990.92,161.52,1026.76,242.85
104,3033,1116.23,164.38,1157.94,259.03
105,3041,1158.78,152.37,1210.13,268.88
105,3034,1001.81,160.39,1038.45,243.53
105,3033,1136.07,159.58,1180.87,261.24
106,3041,1188.16,156.68,1241.21,277.06
106,3034,1013.11,161.39,1051.45,248.38
107,3034,1028.21,162.88,1066.48,249.73
108,3034,1044.41,163.75,1085.08,256.04
109,3034,1058.34,163.32,1100.56,259.13
110,3034,1076.12,162.64,1119.35,260.75
111,3034,1095.33,158.92,1142.12,265.10
112,3045,683.30,161.58,711.62,225.84
112,3034,1112.14,156.38,1161.25,267.83
113,3045,682.14,162.69,711.57,229.47
114,3045,681.61,162.76,711.65,230.93
119,3055,415.46,175.47,450.82,255.69
120,3056,675.27,153.08,715.24,243.77
120,3055,405.77,176.59,440.77,256.02
121,3056,674.94,150.30,717.21,246.22
121,3055,391.71,176.95,428.13,259.60
122,3055,376.24,178.92,414.95,266.76
123,3055,362.45,182.08,404.13,276.65
124,3055,344.22,181.10,391.32,287.98
125,3055,321.26,179.42,371.40,293.21
126,3055,302.88,183.29,354.82,301.16
127,3056,671.82,160.32,708.81,244.25
127,3055,285.70,188.83,338.71,309.14
128,3056,669.95,153.56,707.89,239.65
128,3055,256.64,188.68,314.38,319.72
129,3056,665.68,147.17,705.68,237.94
129,3055,225.92,192.15,288.60,334.40
130,3056,662.19,143.19,701.07,231.42
130,3055,193.19,198.49,258.99,347.80
131,3056,662.80,139.13,703.32,231.10
131,3055,148.42,199.28,218.42,358.13
132,3055,101.38,205.35,174.10,370.37
139,3073,540.45,144.77,618.48,321.84
141,3074,1063.66,128.60,1107.54,228.17
146,3076,678.25,161.33,718.34,252.33
147,3076,682.63,156.92,725.46,254.12
166,3087,977.30,0.67,1070.89,213.05
175,3092,596.90,166.69,628.17,237.66
202,3103,596.29,146.64,658.71,288.29
210,3114,123.76,48.60,162.99,137.61
211,3114,110.65,40.84,143.87,116.22
212,3117,619.29,146.00,713.13,358.95
212,3116,913.83,186.74,951.49,272.20
212,3114,79.04,37.22,133.84,161.56
213,3117,620.96,157.17,710.51,360.39
213,3116,928.59,185.82,968.39,276.14
213,3114,46.33,26.88,109.73,170.75
214,3114,12.08,19.01,77.38,167.20
216,3115,731.27,166.84,767.27,248.52
217,3115,731.19,162.06,768.08,245.77
218,3115,735.01,160.08,772.41,244.95
219,3115,738.52,167.00,775.08,249.96
220,3115,734.51,160.90,774.28,251.15
221,3115,739.50,166.08,778.78,255.22
222,3115,744.69,172.19,783.60,260.49
223,3115,748.08,163.56,792.31,263.95
224,3115,745.98,157.70,795.49,270.04
225,3115,750.34,153.93,803.18,273.84
226,3115,758.49,157.47,811.82,278.50
227,3131,687.51,141.91,786.82,367.27
227,3129,858.80,235.59,892.00,310.90
227,3115,766.64,169.15,820.28,290.87
228,3129,872.65,236.40,910.24,321.71
228,3115,780.06,173.45,833.87,295.57
229,3129,894.89,184.99,950.68,311.59
229,3115,799.87,196.49,851.40,313.44
230,3129,900.79,161.64,978.76,338.55
230,3115,807.52,193.01,863.38,319.78
231,3129,930.44,150.46,1018.97,351.35
231,3115,820.87,195.27,881.41,332.66
232,3129,954.08,153.11,1045.49,360.53
232,3115,823.38,200.60,889.16,349.88
233,3129,976.12,145.09,1071.76,362.12
233,3115,822.04,228.30,881.38,362.95
235,3139,923.51,200.10,1005.18,385.43
243,3149,483.15,170.79,514.20,241.25
244,3149,473.84,164.00,507.03,239.32
244,3143,484.50,168.59,517.27,242.96
245,3143,473.36,167.35,507.09,243.89
246,3143,465.70,174.23,499.97,251.98
248,3149,436.00,171.64,472.11,253.59
249,3159,463.51,171.97,493.63,240.33
249,3149,424.73,171.18,461.67,255.02
250,3159,453.98,174.82,484.81,244.79
250,3149,409.43,174.80,446.87,259.75
251,3163,698.39,165.22,730.86,238.91
251,3159,442.84,173.99,475.72,248.60
251,3149,392.31,172.06,432.69,263.69
252,3163,699.30,168.93,729.66,237.82
252,3159,435.83,176.86,469.72,253.76
252,3149,376.54,172.78,420.38,272.25
253,3159,424.99,177.67,460.81,258.95
253,3149,354.61,172.62,402.14,280.48
254,3166,723.32,166.90,756.79,242.86
254,3159,417.19,177.44,454.09,261.17
254,3149,335.74,176.70,385.61,289.87
255,3168,702.48,166.11,737.08,244.62
255,3166,728.17,166.70,762.50,244.59
255,3159,405.53,179.29,444.34,267.34
255,3149,313.20,173.09,368.55,298.71
256,3169,443.60,179.24,471.93,243.53
256,3168,701.85,169.51,738.52,252.74
256,3166,730.48,165.63,766.80,248.04
256,3159,391.60,175.59,434.81,273.65
256,3149,291.29,175.96,350.13,309.49
257,3169,438.54,182.99,466.87,247.28
257,3166,735.51,167.01,774.38,255.20
257,3159,381.47,173.52,428.94,281.25
257,3149,265.42,180.32,328.37,323.18
258,3172,722.92,164.18,760.34,249.09
258,3169,430.92,186.20,460.56,253.44
258,3166,745.87,169.37,783.37,254.47
258,3159,380.22,171.74,432.28,289.88
258,3149,234.87,178.79,302.69,332.69
259,3173,300.72,176.07,352.74,294.12
259,3172,734.08,164.25,771.49,249.13
259,3169,428.49,186.89,458.84,255.76
259,3166,759.59,170.16,797.42,256.00
259,3159,380.21,174.67,427.83,282.74
259,3149,198.21,174.38,273.78,345.87
260,3174,332.92,183.05,390.16,312.94
260,3173,285.16,175.43,338.58,296.66
260,3172,745.38,168.77,782.75,253.56
260,3169,426.12,185.59,458.29,258.60
260,3166,762.71,176.68,801.98,265.78
260,3159,377.95,175.63,423.02,277.90
260,3149,157.67,179.39,238.25,362.26
261,3174,315.74,176.10,377.86,317.06
261,3173,268.56,168.39,328.51,304.46
261,3172,756.59,165.35,797.42,258.01
261,3169,421.18,184.55,454.44,260.01
261,3159,374.53,177.01,417.69,274.94
261,3149,106.86,179.53,190.79,369.98
262,3174,296.74,180.54,360.93,326.20
262,3173,256.73,171.35,319.79,314.46
262,3172,769.28,159.49,813.99,260.96
262,3169,419.45,180.43,453.35,257.34
262,3159,367.08,178.41,412.38,281.21
262,3149,43.97,178.31,130.15,373.88
263,3175,823.59,157.73,877.43,279.91
263,3174,274.28,183.60,345.21,344.57
263,3173,238.92,175.94,305.98,328.13
263,3169,417.32,178.94,452.77,259.39
263,3159,360.23,183.89,405.58,286.80
264,3175,844.57,150.33,902.07,280.81
264,3174,242.29,180.90,320.25,357.82
264,3173,211.45,176.63,280.68,333.74
264,3169,411.58,176.21,449.21,261.60
264,3166,800.53,161.93,853.88,282.99
264,3159,350.65,181.68,398.74,290.80
265,3175,869.14,154.11,928.15,288.03
265,3173,189.98,171.07,271.88,356.94
265,3169,409.30,174.52,448.31,263.03
265,3166,816.22,159.93,871.83,286.12
265,3159,341.62,185.14,391.53,298.39
266,3175,893.86,149.90,959.05,297.84
266,3173,152.54,176.18,241.56,378.19
266,3169,404.43,177.41,444.33,267.93
266,3166,831.04,162.08,892.13,300.72
266,3159,330.01,182.35,384.87,306.85
267,3175,922.58,147.16,990.94,302.29
267,3173,118.28,218.37,197.08,397.18
267,3169,397.83,174.89,441.13,273.14
267,3166,840.54,156.96,895.27,281.15
267,3159,312.72,192.76,370.83,324.64
268,3175,958.56,143.63,1034.74,316.51
268,3169,389.77,174.70,433.81,274.64
268,3166,855.58,153.95,905.33,266.84
268,3159,289.11,194.17,351.16,334.99
269,3179,938.82,141.26,1018.77,322.68
269,3175,1003.76,140.50,1084.32,323.33
269,3169,382.17,172.59,428.10,276.82
269,3166,872.43,155.05,918.31,259.16
269,3159,255.24,191.25,326.69,353.40
270,3179,977.08,145.41,1067.41,350.39
270,3175,1052.43,146.90,1135.55,335.54
270,3169,374.58,175.74,421.76,282.82
270,3166,891.77,172.44,944.08,291.11
270,3159,215.35,187.24,292.81,363.04
271,3179,1019.11,145.18,1113.89,360.25
271,3175,1110.86,148.51,1200.24,351.34
271,3169,366.43,177.95,415.78,289.95
272,3169,357.94,178.02,408.75,293.32
273,3169,342.64,173.51,398.09,299.35
274,3169,332.16,180.57,388.79,309.10
275,3169,317.56,176.37,378.63,314.93
276,3169,300.82,178.09,366.94,328.14
277,3169,283.78,185.78,351.30,338.99
278,3169,265.35,186.59,335.77,346.38
279,3169,235.91,184.67,310.72,354.42
280,3169,209.40,191.18,284.89,362.49
281,3191,424.79,175.26,456.06,246.22
281,3169,173.47,192.34,251.70,369.86
282,3191,418.00,177.43,451.19,252.75
282,3169,127.18,191.70,207.29,373.50
283,3191,415.81,181.49,449.87,258.76
284,3191,409.00,183.33,444.97,264.96
285,3191,400.61,181.44,439.08,268.73
286,3191,393.38,180.10,433.23,270.52
287,3193,680.58,164.84,722.18,259.24
287,3191,392.59,177.55,434.76,273.23
288,3193,686.42,169.24,728.28,264.20
289,3196,352.39,177.01,404.44,295.13
289,3193,692.35,170.77,734.25,265.87
290,3196,339.61,176.33,396.09,304.51
290,3193,701.53,168.95,744.97,267.52
291,3196,322.53,181.01,381.07,313.86
291,3193,709.18,167.86,753.49,268.41
292,3199,254.06,173.51,307.17,294.02
292,3196,300.07,176.58,362.26,317.71
292,3193,717.57,165.14,764.04,270.58
293,3199,225.51,174.62,283.31,305.79
293,3196,274.28,178.31,340.76,329.15
293,3193,728.71,163.41,778.07,275.42
294,3199,189.03,170.59,254.81,319.86
294,3196,243.60,180.90,318.47,350.79
294,3193,737.54,167.25,788.68,283.32
295,3199,148.24,167.80,217.72,325.46
295,3196,198.36,180.58,280.28,366.48
295,3193,749.00,168.48,803.14,291.33
296,3199,90.36,166.53,170.75,348.97
296,3196,145.35,178.46,231.44,373.83
296,3193,763.63,190.10,815.33,307.44
297,3199,70.03,173.38,156.17,368.86
297,3193,779.54,174.58,838.01,307.28
298,3193,802.33,170.64,867.39,318.28
299,3193,824.33,169.09,886.51,310.18
300,3206,469.03,162.49,502.30,237.99
300,3193,855.49,174.74,922.71,327.28
301,3206,462.49,168.50,494.96,242.17
301,3193,887.99,173.84,965.80,350.40
302,3206,457.72,167.25,493.11,247.55
302,3193,934.49,184.96,1014.75,367.10
303,3206,448.33,170.43,485.15,253.98
304,3207,359.59,219.88,390.20,289.34
304,3206,437.56,166.49,478.35,259.07
305,3207,338.32,225.16,371.79,301.12
305,3206,423.99,168.19,466.96,265.70
306,3206,415.05,168.18,459.26,268.50
307,3206,392.10,164.84,442.54,279.31
308,3209,843.65,175.60,868.10,231.10
308,3206,364.58,161.62,421.05,289.77
309,3209,856.29,172.82,884.26,236.27
309,3206,335.73,162.08,403.71,316.33
310,3209,870.40,171.08,900.30,238.93
310,3206,307.58,159.36,382.30,328.92
311,3209,885.74,169.94,916.82,240.45
312,3209,897.36,173.33,929.19,245.55
313,3209,915.56,169.61,949.25,246.03
314,3209,929.56,171.73,964.40,250.80
315,3226,501.00,175.24,529.33,239.53
315,3209,950.29,168.01,988.72,255.22
316,3226,500.03,175.18,528.36,239.47
316,3209,966.73,177.44,1004.80,263.83
317,3226,497.83,172.81,527.46,240.05
317,3209,989.28,177.97,1029.61,269.50
318,3226,493.45,171.67,523.80,240.55
318,3209,1015.98,175.43,1059.37,273.87
319,3209,1050.01,174.11,1096.86,280.43
321,3237,448.14,171.16,484.71,254.15
322,3237,440.90,175.21,478.30,260.06
322,3226,482.55,183.34,512.72,251.80
323,3237,438.94,176.31,476.66,261.90
323,3226,473.59,181.40,506.61,256.31
324,3237,435.37,180.06,471.78,262.67
324,3226,466.68,179.86,501.43,258.71
325,3243,779.11,117.34,816.15,201.39
325,3237,430.02,182.50,466.96,266.33
325,3226,463.97,182.69,499.83,264.06
326,3237,422.87,179.44,463.17,270.90
326,3226,456.11,185.73,493.81,271.26
327,3237,412.19,187.19,452.91,279.60
327,3226,449.06,186.23,487.96,274.50
328,3237,404.39,189.87,445.35,282.80
328,3226,446.35,185.96,486.05,276.04
329,3226,429.38,184.30,473.82,285.15
330,3226,422.47,182.18,469.97,289.96
331,3249,763.24,160.53,799.82,243.53
331,3226,409.09,185.56,458.62,297.95
332,3249,770.05,160.00,807.28,244.50
332,3237,345.52,197.88,395.63,311.61
332,3226,386.01,180.43,442.58,308.82
333,3249,779.24,160.11,815.58,242.56
333,3237,328.12,200.28,379.55,316.99
333,3226,375.72,178.38,435.02,312.95
334,3249,790.96,159.99,827.89,243.80
334,3237,311.84,205.92,364.12,324.56
335,3249,797.33,159.09,841.08,258.38
335,3237,286.56,208.13,343.16,336.58
336,3265,299.63,180.22,378.79,359.84
336,3263,914.05,182.04,944.17,250.41
336,3249,809.35,157.12,857.04,265.36
336,3237,258.55,213.88,319.83,352.94
337,3267,958.10,172.91,992.50,250.97
337,3265,272.92,190.11,350.72,366.66
337,3263,922.39,179.31,955.18,253.72
337,3249,825.07,150.59,873.70,260.95
337,3237,227.86,220.37,290.46,362.43
338,3267,972.72,172.47,1007.57,251.55
338,3265,239.73,190.51,320.78,374.42
338,3263,937.92,177.89,973.57,258.79
338,3237,188.56,222.89,253.74,370.80
339,3267,984.46,171.41,1021.08,254.52
339,3263,950.26,176.90,987.31,260.96
339,3237,144.76,228.62,210.04,376.76
340,3267,999.86,170.69,1037.34,255.75
340,3263,969.30,176.53,1010.28,269.52
