1,2877,750.19,167.15,765.71,208.10
1,2876,760.36,169.73,776.30,209.07
2,2878,705.32,173.52,723.34,209.00
2,2877,747.62,167.80,762.32,207.83
2,2876,761.38,170.20,779.32,210.17
3,2878,707.99,173.00,726.59,207.92
3,2877,747.51,167.18,762.34,208.95
3,2876,760.51,169.50,777.83,209.57
4,2877,750.44,166.44,765.78,209.77
4,2876,756.61,166.67,777.25,211.07
5,2877,752.47,167.37,768.07,210.67
6,2877,753.25,167.28,769.89,212.37
7,2877,755.53,165.89,773.07,213.71
8,2880,778.46,167.51,796.74,212.96
8,2877,757.41,165.36,775.73,215.20
9,2882,709.13,170.35,728.03,211.41
9,2880,783.19,166.27,803.22,214.18
9,2877,759.23,165.86,778.01,215.44
10,2882,708.57,168.60,728.42,211.82
10,2880,786.71,165.79,807.21,214.99
10,2877,762.48,167.22,781.16,216.44
11,2880,791.56,164.63,812.54,216.02
11,2877,767.06,165.06,787.36,217.71
12,2880,797.55,165.18,819.31,216.76
13,2880,803.44,165.55,825.80,217.22
14,2880,811.41,166.21,834.91,220.20
15,2886,167.49,162.83,195.63,225.29
15,2884,469.54,171.57,482.32,203.91
15,2880,821.11,166.67,845.81,224.18
15,2877,793.84,165.28,816.22,225.40
16,2886,154.86,168.30,182.18,228.56
16,2884,467.29,173.58,480.66,206.90
16,2880,832.35,168.93,857.40,229.00
16,2877,803.47,167.49,826.67,229.70
17,2886,139.71,170.34,167.51,230.85
17,2884,465.05,175.45,478.76,209.34
17,2880,843.42,170.98,869.81,235.12
17,2877,812.92,170.20,837.45,235.16
18,2886,124.17,162.75,152.22,228.35
18,2884,463.43,175.81,477.41,210.20
18,2880,855.96,173.37,883.72,240.82
18,2877,824.06,170.00,850.02,238.40
19,2886,107.41,166.37,133.65,230.48
19,2884,460.76,174.85,475.19,210.11
19,2880,871.14,172.99,899.85,243.74
20,2886,87.48,164.67,113.89,230.89
20,2884,457.63,172.28,473.00,209.05
20,2880,886.37,170.05,915.93,244.46
21,2886,65.90,163.82,92.98,231.68
21,2884,456.02,170.58,471.03,207.36
21,2880,901.59,164.28,933.32,244.70
22,2886,41.41,161.41,69.77,232.08
22,2884,452.87,167.33,468.31,205.11
22,2880,920.54,161.32,953.63,245.89
22,2877,878.65,158.96,913.62,245.87
23,2886,15.24,160.77,44.28,234.80
23,2884,449.78,168.36,465.41,206.72
23,2880,921.08,158.80,970.06,251.86
23,2877,897.16,156.45,934.52,248.79
24,2886,-3.75,163.64,21.06,238.71
24,2884,445.98,171.01,461.59,210.62
24,2880,921.45,160.02,970.02,258.82
25,2884,441.98,176.38,458.36,217.24
25,2880,936.45,162.83,987.02,268.86
26,2894,1035.32,162.05,1081.07,283.74
26,2884,439.37,179.00,455.93,220.69
26,2880,958.98,164.09,1012.67,278.20
27,2894,1074.36,161.15,1123.32,292.57
27,2884,435.57,179.11,452.46,221.89
27,2880,990.72,162.82,1047.35,286.42
28,2894,1122.23,154.88,1182.48,303.49
28,2884,431.63,175.68,448.76,219.70
29,2894,1174.79,154.14,1237.75,312.04
29,2884,427.66,174.26,444.95,219.14
30,2884,422.63,173.97,440.80,220.78
31,2884,415.63,175.28,434.40,223.13
32,2884,409.07,177.58,427.68,225.80
33,2884,403.39,178.36,421.78,226.54
34,2884,395.58,176.33,414.93,225.97
35,2905,315.26,164.51,335.08,195.79
35,2884,386.68,174.68,406.99,225.98
36,2905,304.96,164.84,324.87,194.74
36,2884,380.69,173.39,401.77,226.71
37,2905,293.38,167.60,315.88,206.14
37,2884,373.24,173.63,394.99,227.88
38,2905,281.59,168.31,303.60,208.53
38,2884,362.61,174.77,385.30,231.13
39,2905,266.99,170.62,289.77,216.55
39,2884,352.98,175.52,377.04,234.25
40,2907,464.32,176.05,480.06,213.03
40,2905,253.36,171.62,276.11,220.83
40,2884,343.79,175.36,368.11,236.46
41,2907,459.30,176.38,475.58,214.19
41,2905,237.84,171.54,261.42,224.13
41,2884,330.45,175.43,355.74,239.53
42,2907,455.95,175.44,472.42,213.64
42,2905,219.66,169.84,244.02,226.02
42,2884,316.63,175.19,344.48,243.18
43,2907,449.65,176.89,466.31,215.52
43,2905,201.05,169.14,226.23,228.88
43,2884,301.38,176.02,330.57,247.86
44,2907,443.81,176.89,460.42,217.45
44,2905,180.17,169.07,206.18,231.22
44,2884,284.87,177.79,316.15,252.88
45,2907,437.91,173.83,455.89,218.91
45,2884,266.90,178.65,298.77,256.96
46,2884,247.58,180.20,281.32,261.83
47,2911,103.70,163.96,144.49,247.93
47,2884,224.71,180.04,259.96,265.39
48,2911,75.55,166.76,116.60,250.45
48,2884,200.80,181.63,238.44,272.23
49,2911,42.76,165.63,84.87,251.92
49,2884,171.14,180.77,211.02,277.75
50,2911,8.87,164.87,51.70,254.91
50,2884,139.30,182.71,181.54,285.44
51,2913,720.05,171.99,731.59,206.60
51,2884,102.54,184.35,147.73,293.15
52,2913,720.48,173.60,732.04,207.96
54,2907,365.26,169.60,388.54,237.90
55,2914,757.14,172.07,781.32,224.88
56,2914,762.85,169.46,789.47,225.48
56,2913,726.53,168.65,741.50,211.58
57,2914,767.36,171.11,793.77,227.29
57,2913,726.27,169.70,741.48,212.82
58,2923,746.54,175.46,763.88,211.03
58,2914,769.33,171.73,796.39,227.96
58,2913,725.86,169.87,741.63,214.50
59,2923,747.63,175.11,765.50,212.22
59,2914,771.62,171.32,799.55,229.20
59,2913,725.89,167.53,743.46,215.98
60,2925,395.11,169.85,413.93,220.34
60,2914,774.61,173.49,802.82,233.46
60,2913,726.15,167.73,744.95,218.83
61,2928,238.67,160.36,279.96,266.47
61,2925,387.14,171.20,406.57,221.82
61,2914,782.56,170.96,811.45,234.52
61,2913,725.92,167.36,746.30,220.25
62,2928,216.43,161.12,260.04,272.25
62,2925,379.01,168.75,399.67,222.47
62,2914,785.79,171.19,816.63,237.48
62,2913,725.42,167.89,746.75,221.25
63,2928,191.58,164.45,236.05,281.57
63,2925,370.95,170.03,392.55,225.64
63,2923,739.94,178.80,759.80,221.61
63,2914,791.74,172.21,823.73,242.61
63,2913,730.25,171.43,750.66,224.38
64,2932,875.09,168.38,901.44,235.59
64,2928,160.30,159.92,208.82,287.08
64,2925,363.33,169.56,384.99,226.43
64,2923,740.82,179.13,760.29,222.81
64,2914,795.59,168.59,829.51,245.09
64,2913,731.74,170.59,753.53,225.14
65,2932,887.99,167.44,914.23,235.63
65,2928,124.51,156.44,178.45,295.57
65,2925,355.59,168.69,377.63,225.67
65,2923,739.78,178.84,757.94,223.25
65,2914,800.24,167.32,835.60,248.28
66,2932,895.89,170.08,922.13,237.42
66,2930,318.06,185.99,337.89,220.60
66,2928,86.48,155.35,142.93,301.52
66,2925,345.88,167.37,369.30,226.91
66,2923,739.94,175.00,758.93,223.98
66,2914,804.20,166.87,841.01,251.64
67,2940,890.89,168.14,916.91,235.38
67,2932,906.79,167.74,933.94,237.53
67,2930,307.35,183.19,328.47,220.23
67,2928,42.77,150.78,105.13,308.14
67,2925,334.23,165.97,359.12,228.22
67,2923,741.50,168.74,762.59,224.75
67,2914,811.32,165.75,849.23,253.71
68,2940,896.57,163.77,922.98,235.61
68,2932,918.03,167.67,946.02,240.91
68,2930,295.58,183.76,317.95,220.95
68,2928,1.30,155.43,61.47,320.00
68,2925,324.63,165.81,350.34,228.99
68,2923,743.02,164.25,765.19,225.37
68,2914,822.86,162.56,863.50,255.31
69,2932,929.30,169.59,956.78,244.38
69,2925,313.40,164.58,339.83,230.12
69,2923,746.11,166.65,768.41,231.24
69,2914,835.45,163.18,878.01,259.15
70,2932,941.04,169.21,969.83,248.39
70,2925,301.12,166.58,327.68,236.02
70,2914,849.42,162.77,894.34,263.75
71,2932,955.91,170.05,986.79,256.04
71,2925,288.51,168.17,315.43,239.59
71,2914,862.26,164.81,910.50,271.90
72,2951,356.06,180.33,379.99,239.65
72,2950,1190.81,151.88,1251.19,249.11
72,2949,757.91,162.50,786.77,247.90
72,2940,939.98,166.65,972.37,256.59
72,2932,970.90,167.85,1002.81,260.32
72,2930,243.42,192.60,267.86,233.08
72,2925,275.11,170.04,302.58,244.68
72,2914,878.98,164.49,930.58,279.52
73,2957,0.44,188.29,26.76,218.79
73,2951,342.02,179.95,367.24,242.45
73,2949,762.97,160.37,793.68,249.33
73,2940,956.26,164.62,991.28,262.01
73,2932,987.96,166.55,1021.72,265.28
73,2930,228.83,193.39,253.62,234.11
73,2925,261.35,171.71,289.10,248.64
73,2914,896.74,164.95,953.28,288.39
74,2949,765.22,159.11,797.95,254.27
74,2940,977.68,165.36,1011.35,265.96
74,2932,1007.55,167.10,1043.64,271.71
74,2930,212.79,194.57,237.15,235.57
74,2925,246.84,172.22,275.44,251.81
74,2914,919.12,161.90,980.52,295.19
75,2949,769.73,158.04,804.49,256.64
75,2932,1028.25,166.70,1068.18,278.57
75,2930,195.35,195.10,221.32,237.88
75,2925,231.14,171.04,260.87,254.35
75,2914,946.15,159.35,1014.16,301.93
76,2949,774.80,159.28,811.81,260.05
76,2932,1056.61,167.28,1099.10,285.96
76,2930,177.08,194.63,205.36,239.09
76,2925,214.46,171.01,245.90,257.69
76,2914,979.70,160.06,1052.73,311.39
77,2951,273.82,173.16,306.32,256.98
77,2949,786.38,161.96,822.95,265.11
77,2932,1085.50,167.65,1131.53,295.62
77,2930,157.55,194.69,186.68,240.08
77,2925,195.87,168.89,228.77,260.02
77,2914,1017.05,161.13,1099.53,325.52
78,2951,253.87,172.52,290.26,262.64
78,2949,784.76,163.47,825.85,267.34
78,2932,1094.22,162.59,1162.11,329.70
78,2930,135.96,194.92,167.01,242.69
78,2925,176.44,168.56,210.61,263.65
78,2914,1054.45,159.87,1128.09,325.20
79,2951,232.02,173.09,270.61,268.10
79,2932,1133.50,160.57,1214.43,349.35
79,2930,114.81,199.35,147.17,248.04
79,2925,156.27,170.15,191.50,268.49
79,2914,1098.67,156.24,1166.24,317.02
80,2969,790.04,185.36,819.38,263.86
80,2968,-4.22,195.01,42.14,261.10
80,2967,455.50,174.82,482.71,225.00
80,2951,208.34,178.44,248.89,276.33
80,2932,1181.75,164.66,1249.39,355.15
80,2930,89.94,202.14,123.71,253.26
80,2925,133.42,172.81,170.75,277.12
80,2914,1144.06,155.70,1210.09,316.63
81,2971,835.97,155.61,883.99,303.19
81,2970,857.52,176.35,909.54,276.63
81,2969,800.35,197.35,827.30,269.57
81,2967,443.48,172.05,471.43,226.65
81,2951,180.84,178.69,222.11,282.72
81,2930,63.35,204.25,98.81,257.27
81,2925,108.35,174.56,151.67,282.13
82,2971,852.84,153.47,903.49,312.30
82,2969,812.40,204.45,838.33,273.86
82,2967,431.90,171.72,457.76,226.58
82,2951,151.16,177.92,195.03,288.99
82,2930,35.72,205.54,72.96,260.28
82,2925,77.83,174.70,125.33,287.33
83,2971,872.49,151.50,928.62,325.93
83,2969,824.81,205.54,852.47,279.50
83,2967,422.51,172.97,447.36,229.67
83,2951,116.65,174.44,163.64,294.90
83,2930,6.16,204.90,44.48,263.18
83,2925,52.94,173.20,100.52,289.75
84,2971,893.69,147.33,955.43,337.86
84,2969,838.38,207.21,867.52,286.19
84,2967,413.39,170.91,436.65,229.63
84,2966,608.13,170.93,629.59,212.92
84,2951,75.77,171.86,128.82,304.53
84,2925,22.10,171.24,70.54,293.71
85,2974,887.13,206.93,920.47,294.86
85,2971,920.41,143.98,988.35,354.17
85,2969,855.54,210.67,887.65,295.45
85,2967,401.37,168.46,425.97,233.18
85,2966,610.26,171.10,632.27,213.17
85,2951,25.97,170.56,85.42,315.14
85,2925,-0.28,173.19,47.16,303.61
86,2978,794.92,177.97,828.79,212.81
86,2974,915.04,212.72,949.07,306.06
86,2971,961.81,143.34,1036.64,369.06
86,2969,876.21,215.80,912.15,307.30
86,2967,390.14,169.85,418.70,241.63
86,2966,613.12,172.30,635.88,212.43
86,2925,-9.66,189.97,33.65,322.19
87,2978,806.09,180.10,834.39,212.93
87,2974,944.58,212.70,983.12,319.38
87,2971,1008.92,136.05,1096.49,376.67
87,2969,901.54,216.92,942.63,319.48
87,2967,372.46,166.86,401.14,238.88
88,2978,811.03,181.92,836.28,213.66
88,2974,946.78,218.61,995.66,339.36
88,2971,1066.26,126.21,1174.90,381.74
88,2967,356.48,168.61,386.19,243.90
89,2985,872.26,168.38,888.31,214.14
89,2978,812.47,180.40,838.28,213.62
89,2974,975.10,230.44,1034.80,360.21
89,2971,1133.53,118.06,1237.12,378.82
89,2967,338.59,168.66,370.62,248.75
90,2986,26.36,168.41,78.87,263.56
90,2985,876.34,169.01,894.37,219.54
90,2984,348.13,164.56,375.67,239.44
90,2978,809.72,178.20,840.70,215.20
90,2974,1020.73,233.81,1087.41,374.41
90,2967,317.74,165.15,350.24,246.46
91,2985,883.26,168.88,902.30,221.13
91,2984,328.38,167.06,357.50,246.78
91,2967,295.00,167.48,328.29,252.59
92,2990,1104.18,219.65,1178.92,318.50
92,2988,627.46,173.83,652.83,222.09
92,2985,888.33,167.62,909.37,223.97
92,2984,306.31,166.57,338.25,251.94
92,2982,945.06,176.79,967.95,226.05
92,2967,261.63,165.98,301.05,260.04
93,2991,163.87,187.30,206.10,250.01
93,2990,1143.75,212.61,1227.02,326.03
93,2988,630.47,174.81,655.83,224.03
93,2985,893.83,167.31,915.57,225.49
93,2984,281.01,170.36,317.46,261.50
93,2982,957.24,174.05,979.39,226.48
93,2967,230.44,169.35,273.56,273.80
94,2991,145.60,190.14,185.28,252.93
94,2990,1177.10,210.71,1253.13,326.09
94,2988,633.86,176.04,658.60,223.61
94,2985,899.59,165.57,923.75,228.51
94,2984,254.57,171.46,294.68,266.96
94,2982,967.05,170.24,990.56,228.13
94,2978,819.77,181.99,859.26,223.94
94,2967,192.73,171.35,242.04,289.03
95,2991,128.23,183.49,187.43,286.82
95,2988,635.43,175.96,660.09,222.61
95,2985,905.48,166.37,931.23,231.37
95,2984,232.71,172.44,274.26,272.16
95,2982,972.66,168.55,997.19,229.91
95,2978,822.36,181.69,864.35,225.17
96,2991,79.81,175.68,153.37,309.54
96,2988,637.95,175.96,662.20,222.09
96,2985,911.80,165.86,938.92,233.48
96,2984,190.50,168.74,240.63,277.30
96,2982,987.16,165.74,1013.66,233.05
96,2978,823.57,181.86,869.43,226.63
97,2991,64.30,174.60,127.95,296.59
97,2988,640.60,174.80,665.40,222.38
97,2985,920.29,166.90,947.40,234.50
97,2984,145.69,169.81,203.34,286.53
97,2982,1001.67,164.96,1030.30,236.91
97,2978,829.31,183.20,877.61,228.59
98,2991,46.15,175.41,99.83,285.22
98,2988,643.65,175.21,670.09,223.52
98,2985,928.06,165.37,954.83,235.28
98,2984,96.66,171.08,161.96,294.00
98,2982,1016.79,165.69,1045.81,240.90
98,2978,832.04,183.27,883.95,230.28
99,2991,26.98,173.89,92.37,303.41
99,2988,647.49,175.36,674.57,224.20
99,2985,936.05,164.65,964.14,237.27
99,2982,1031.26,164.66,1062.09,244.37
99,2978,836.98,183.19,891.82,232.13
100,2991,-3.17,182.49,54.96,312.46
100,2988,651.16,175.69,678.70,224.98
100,2985,945.16,164.33,973.84,238.45
100,2982,1045.93,164.18,1078.41,246.23
100,2978,842.79,183.41,900.99,234.30
101,3001,273.74,172.35,298.28,220.74
101,2988,654.51,174.90,682.07,226.44
101,2985,954.86,163.30,984.21,239.81
101,2982,1063.47,163.47,1097.98,250.20
101,2978,845.05,183.26,906.88,235.67
102,3001,259.94,168.70,286.04,219.70
102,2988,657.40,174.89,683.98,225.83
102,2985,964.99,163.91,996.15,243.21
102,2982,1081.79,163.81,1118.98,253.89
102,2978,853.31,183.63,917.49,237.67
103,3001,247.38,161.26,275.20,217.07
103,2988,661.19,173.92,687.83,223.82
103,2985,976.04,163.34,1007.76,244.10
103,2982,1101.68,163.37,1142.55,258.30
103,2978,862.25,183.39,923.56,238.06
104,3001,233.39,157.57,263.54,218.70
104,2988,665.25,173.13,690.89,222.97
104,2985,989.69,161.14,1022.35,244.51
104,2982,1124.50,161.83,1169.18,261.99
104,2978,865.12,183.18,925.77,239.30
105,3001,219.20,156.58,251.59,221.58
105,2988,668.70,172.73,693.96,222.31
105,2985,1001.67,159.19,1035.41,244.96
105,2982,1140.30,160.27,1182.22,260.78
105,2978,877.71,182.21,943.51,240.80
106,3001,205.04,156.70,240.11,224.80
106,2988,672.20,171.70,697.34,222.41
106,2985,1014.75,159.51,1049.89,248.44
106,2982,1165.21,160.53,1205.91,261.90
106,2978,878.27,182.88,944.06,243.43
107,3001,191.07,158.03,227.27,227.70
107,2988,675.45,173.59,700.45,225.51
107,2985,1028.18,161.57,1064.87,252.94
107,2978,887.40,183.48,952.73,246.12
108,3001,178.68,157.98,215.70,229.19
108,2988,679.07,177.31,703.10,229.18
108,2985,1043.37,163.61,1081.22,258.31
108,2978,892.44,185.36,958.40,250.41
109,3004,954.49,189.23,1005.10,260.63
109,3003,483.10,172.42,507.33,231.92
109,3001,158.44,153.44,198.93,228.81
109,2988,682.57,174.23,706.31,228.58
109,2985,1060.22,163.64,1098.62,261.24
109,2978,903.23,184.85,971.96,252.98
110,3004,973.86,187.45,1026.76,263.60
110,3003,478.43,173.05,502.28,232.50
110,3001,143.92,152.39,186.11,231.36
110,2988,684.59,172.70,707.66,227.72
110,2985,1077.06,160.56,1116.40,261.45
110,2978,915.85,183.83,984.75,254.86
111,3004,972.46,184.81,1040.27,268.46
111,3003,473.34,171.16,497.68,232.46
111,2988,686.84,172.17,708.28,227.37
111,2985,1096.40,158.73,1138.20,264.62
112,3004,982.14,186.90,1059.20,273.74
112,3003,469.44,170.21,494.06,234.62
112,2988,688.54,170.19,709.24,226.56
112,2985,1116.39,160.25,1159.11,268.52
113,3006,91.11,157.24,129.62,236.34
113,3004,1003.85,188.24,1084.14,278.21
113,3003,464.66,172.41,488.51,236.31
113,2988,689.28,169.85,709.50,226.51
113,2985,1139.08,160.60,1183.79,272.50
114,3006,69.22,159.47,108.04,239.28
114,3003,458.63,175.08,482.99,240.35
114,2988,690.22,169.95,710.29,226.07
114,2985,1163.40,162.06,1209.18,278.30
115,3006,45.16,162.86,84.87,244.33
115,3003,452.68,177.45,478.29,245.44
115,2988,691.57,174.30,710.74,228.90
115,2985,1187.78,161.97,1235.03,283.57
116,3007,-5.78,147.33,18.11,215.34
116,3006,11.10,158.38,56.13,247.70
116,3003,445.99,177.65,472.35,248.80
116,2988,692.27,175.16,711.05,229.65
116,2985,1211.03,150.77,1251.05,263.91
117,3006,-6.60,163.95,30.24,247.56
117,3003,438.49,176.79,466.24,251.29
117,2988,692.76,179.71,710.72,231.88
118,3003,430.10,175.69,459.88,253.78
118,2988,692.64,181.89,710.76,232.76
119,3003,419.76,174.22,451.66,256.43
119,2988,691.97,183.06,710.23,232.84
120,3003,407.53,174.42,442.00,260.83
120,2988,690.46,173.74,709.79,228.12
121,3003,394.59,176.57,431.80,266.91
121,2988,690.43,178.22,710.17,232.96
122,3003,380.50,178.49,419.33,272.59
122,2988,688.16,175.24,709.27,232.30
123,3003,365.31,180.96,404.91,278.20
123,2988,686.81,178.60,708.79,235.32
124,3003,346.97,182.59,388.40,283.88
124,2988,685.51,183.23,707.35,238.87
125,3003,329.23,182.15,373.94,291.29
125,2988,683.32,183.00,705.56,238.86
126,3003,310.58,182.30,357.98,297.16
126,2988,681.68,183.43,704.05,239.73
127,3003,290.39,183.78,341.80,306.09
127,2988,679.32,179.09,701.95,237.66
128,3003,265.77,185.67,322.36,315.83
128,2988,677.26,174.59,700.60,236.16
129,3003,233.98,185.97,297.75,327.62
129,2988,675.96,176.32,699.22,238.06
130,3003,196.38,187.25,266.17,341.79
130,2988,675.14,180.07,697.82,240.25
131,3012,274.29,154.89,313.12,241.53
131,3003,151.10,189.92,228.54,358.95
131,2988,673.78,183.49,696.53,241.68
132,3003,95.89,190.61,179.73,368.48
132,2988,672.04,179.43,694.93,240.81
133,3003,30.33,192.50,121.71,374.10
133,2988,669.71,176.25,692.93,242.07
134,3003,-9.07,204.50,67.46,382.18
134,2988,668.46,176.59,691.61,244.19
135,2988,667.65,177.31,690.96,246.65
136,3013,361.46,161.82,406.15,245.90
136,2988,666.81,175.30,690.50,247.89
137,3013,349.27,159.86,397.11,248.42
137,2988,665.92,175.28,689.96,249.92
138,3013,337.22,158.89,388.48,253.98
138,2988,665.55,179.51,689.33,253.06
139,3013,322.48,157.71,376.88,255.96
140,3013,312.86,156.85,368.21,253.44
141,3013,299.66,158.67,356.65,258.16
142,3013,286.87,159.97,347.38,259.95
142,2988,670.74,170.31,696.42,252.39
143,3016,620.99,160.27,636.33,195.19
143,3013,276.64,159.96,337.98,262.61
143,2988,673.39,167.15,699.92,252.60
144,3013,263.65,157.51,327.53,264.85
145,3013,250.60,156.06,316.73,267.62
146,3013,236.08,156.28,305.15,271.88
147,3013,221.70,155.83,291.98,274.85
147,2988,690.95,177.46,718.97,258.28
148,3013,206.40,155.12,278.76,278.54
148,2988,698.76,171.05,728.70,256.25
149,3013,189.25,156.75,263.72,284.65
149,2988,705.38,170.58,735.87,258.31
150,3013,173.25,157.67,248.94,289.28
150,2988,713.04,170.04,744.30,259.04
151,3013,156.49,158.41,233.37,294.38
151,2988,721.08,170.38,753.31,257.91
152,3013,129.27,158.95,214.75,300.79
152,2988,730.83,170.87,764.68,258.13
153,3013,104.24,158.35,195.58,306.32
153,2988,740.49,168.77,776.49,256.30
154,3013,77.83,155.53,173.66,310.49
154,2988,748.04,166.08,785.35,254.31
155,3023,626.81,160.23,641.76,196.30
156,3023,627.30,160.33,641.87,196.59
157,3024,787.73,161.18,832.72,261.96
157,3023,627.56,161.51,641.97,198.16
158,3024,801.18,162.89,848.56,263.24
158,3023,627.91,162.55,642.65,200.09
159,3024,817.97,157.13,867.35,254.89
159,3023,628.12,163.34,643.18,202.04
160,3024,833.32,163.75,884.83,258.41
160,3023,630.00,163.11,645.08,202.51
161,3024,849.15,166.18,905.05,262.60
161,3023,631.85,164.23,647.38,203.79
162,3024,866.54,165.71,924.74,263.14
163,3024,884.82,166.85,944.27,265.13
164,3024,904.70,169.64,964.47,268.18
165,3029,776.70,180.53,802.64,234.80
165,3024,927.17,172.66,987.79,270.71
166,3029,780.52,175.92,805.80,230.84
166,3024,950.40,171.54,1012.27,270.36
167,3029,782.94,172.64,807.79,227.73
167,3024,973.13,170.35,1035.56,270.53
168,3029,785.71,171.53,811.23,228.61
168,3024,997.42,169.73,1061.36,272.80
169,3029,788.96,172.97,814.28,230.58
169,3024,1025.30,169.65,1090.98,273.85
170,3029,791.36,174.71,816.73,232.71
170,3024,1054.85,171.21,1121.37,277.74
171,3029,792.55,175.56,821.02,236.45
171,3024,1084.60,172.26,1152.00,280.11
172,3029,796.20,174.81,824.58,235.83
172,3024,1112.57,174.18,1181.54,281.54
173,3029,797.87,174.51,826.12,235.48
173,3024,1145.21,164.11,1211.93,272.03
174,3035,837.13,163.10,860.02,220.97
174,3029,798.10,174.81,826.19,235.51
174,3024,1173.66,167.39,1240.33,272.91
175,3035,837.98,161.26,860.64,218.76
175,3029,797.06,173.78,825.74,235.99
176,3035,832.25,153.56,857.70,218.80
176,3029,795.81,172.59,824.46,234.55
177,3029,793.20,176.34,822.99,240.53
178,3029,789.00,178.58,819.85,245.65
179,3029,784.29,178.98,816.38,248.66
180,3029,779.77,179.53,812.72,250.48
181,3029,773.59,179.28,806.66,251.31
182,3029,766.12,179.26,801.10,252.75
183,3029,760.39,178.86,795.60,253.10
184,3040,789.83,166.74,813.12,225.04
184,3029,753.11,178.90,788.97,254.26
185,3040,783.72,171.51,805.09,224.40
185,3029,747.32,179.81,784.09,255.40
186,3040,779.14,170.22,801.86,225.41
186,3029,744.68,179.57,781.50,255.64
187,3040,780.59,171.54,802.60,224.96
187,3029,744.81,180.23,781.84,257.34
188,3040,783.41,171.73,805.61,227.34
188,3029,746.55,179.16,783.37,254.37
189,3029,751.73,183.94,789.56,261.66
190,3029,758.21,186.59,796.24,266.34
191,3029,764.07,187.72,803.88,268.73
192,3044,559.55,171.63,577.26,210.20
193,3044,566.87,171.33,584.47,209.95
194,3044,572.99,172.94,590.57,212.61
195,3044,582.42,173.09,599.80,213.84
196,3047,964.88,201.53,1022.96,276.49
196,3044,589.42,173.88,606.59,214.49
197,3047,984.65,203.17,1044.73,280.39
197,3044,599.96,174.16,617.15,215.96
198,3047,1004.44,207.65,1063.65,281.92
199,3050,992.50,199.71,1035.14,268.68
199,3047,1026.43,209.44,1089.42,285.90
200,3050,1013.05,201.75,1059.13,273.04
200,3047,1049.98,205.85,1117.61,287.44
201,3050,1037.04,202.55,1084.77,275.77
201,3047,1074.08,202.94,1145.62,290.12
201,3044,636.12,171.50,654.01,216.86
202,3050,1058.75,202.90,1110.27,278.69
202,3047,1099.73,202.00,1176.12,293.93
202,3044,648.05,171.37,665.87,217.23
203,3050,1089.73,205.92,1141.50,283.42
203,3047,1134.84,209.05,1214.27,302.88
203,3044,659.91,171.29,677.68,217.80
204,3052,589.38,168.11,603.16,197.20
204,3050,1113.19,205.88,1169.26,287.11
204,3047,1164.15,212.50,1242.84,308.75
204,3044,667.62,171.97,686.35,219.68
205,3044,678.44,172.18,696.95,220.10
206,3044,686.16,175.76,704.88,223.40
207,3044,695.65,179.56,713.92,227.20
208,3044,706.11,178.93,724.55,229.11
209,3044,713.19,182.69,731.72,232.64
210,3052,628.03,176.15,641.47,206.71
210,3044,717.74,185.94,736.66,234.72
211,3052,632.21,177.24,645.63,207.02
211,3044,724.79,188.49,743.33,236.72
212,3052,634.27,178.61,648.11,207.71
212,3044,729.45,191.66,748.50,239.25
213,3052,635.89,179.58,650.13,208.92
213,3044,732.82,188.65,753.02,239.99
214,3052,635.57,179.22,650.06,208.50
214,3044,734.84,186.71,755.79,241.87
215,3052,636.67,177.06,651.47,207.31
215,3044,735.61,183.55,757.78,242.79
216,3052,634.33,176.12,650.00,207.55
216,3044,737.57,180.95,761.31,244.71
217,3052,633.06,172.31,649.49,205.69
217,3044,738.72,175.23,763.85,243.36
218,3044,740.86,172.69,766.83,243.42
219,3044,750.09,166.47,776.59,241.21
220,3063,739.35,163.97,772.86,252.96
221,3066,619.06,163.51,638.28,205.24
221,3063,740.28,164.39,776.47,256.13
222,3066,617.05,168.61,635.08,207.54
222,3065,812.46,158.23,860.34,267.05
222,3063,747.37,169.75,782.76,260.17
223,3066,610.38,170.39,629.67,210.94
223,3065,819.03,160.88,868.73,273.15
223,3063,748.08,168.94,786.34,263.75
224,3066,611.12,172.33,629.43,212.35
224,3065,828.49,160.34,880.88,275.28
224,3063,756.47,175.00,794.07,270.82
225,3066,611.43,172.58,629.43,213.58
225,3065,831.40,185.39,886.93,294.86
225,3063,760.32,177.05,799.78,276.84
226,3069,602.15,169.01,621.21,213.91
226,3066,612.07,170.79,629.90,213.20
226,3065,839.38,192.20,896.61,301.81
226,3063,762.84,180.91,805.86,283.00
227,3073,753.68,165.02,770.62,204.97
227,3072,743.79,168.19,762.52,202.10
227,3069,601.72,167.30,621.48,213.24
227,3066,612.88,170.04,629.97,212.58
227,3063,773.86,181.00,817.94,287.97
228,3074,879.38,159.05,938.55,291.59
228,3073,754.27,165.98,770.80,205.27
228,3072,744.58,169.71,760.99,202.17
228,3069,600.42,166.62,620.95,213.46
228,3066,612.99,169.60,629.81,212.65
228,3063,782.46,180.10,830.67,294.50
229,3074,896.22,156.28,965.85,305.57
229,3072,745.57,168.54,762.51,203.50
229,3069,593.80,167.69,614.59,215.11
229,3066,608.71,170.29,627.04,214.78
229,3063,782.86,189.85,833.60,303.70
230,3074,912.57,155.91,994.03,321.57
230,3072,745.86,170.73,762.30,205.92
230,3069,590.92,169.83,610.90,216.57
230,3066,609.40,171.44,627.55,216.09
231,3074,931.83,157.07,1020.74,334.84
231,3072,746.42,172.99,762.05,207.66
231,3069,588.61,171.25,607.94,217.96
231,3066,606.99,173.87,625.48,218.67
232,3077,844.36,184.66,911.01,339.52
232,3074,956.51,157.12,1051.67,347.45
232,3073,760.05,171.20,777.09,210.09
232,3072,743.60,174.97,758.58,209.15
232,3069,582.83,171.13,603.09,218.38
232,3066,603.90,174.55,622.04,220.08
233,3077,854.83,183.56,933.18,358.76
233,3074,982.58,158.05,1086.29,360.67
233,3073,759.94,171.72,776.88,210.50
233,3072,742.67,173.97,757.22,208.71
233,3069,577.76,171.40,598.43,219.40
233,3066,599.50,173.95,617.52,221.19
234,3077,877.05,181.71,964.99,367.72
234,3074,1010.41,157.03,1125.11,368.00
234,3073,758.33,169.81,775.04,210.09
234,3072,741.19,174.08,755.79,209.94
234,3069,573.86,172.12,594.58,220.70
234,3066,596.16,174.91,614.15,220.95
235,3077,903.31,183.25,1000.38,372.47
235,3074,1047.64,153.30,1176.09,374.00
235,3073,757.48,169.68,773.67,210.36
235,3072,739.10,174.59,753.50,210.60
235,3069,568.30,173.74,589.33,222.85
235,3066,591.74,175.70,609.31,222.14
236,3084,539.40,177.28,557.88,224.76
236,3077,939.03,185.12,1047.48,379.35
236,3074,1092.07,151.90,1228.26,376.52
236,3073,756.93,171.25,772.47,211.81
236,3072,737.55,174.65,752.37,213.16
236,3069,562.94,174.45,584.55,224.34
237,3084,531.36,178.48,550.75,227.98
237,3077,994.57,181.64,1117.30,380.71
237,3074,1137.18,151.91,1258.64,374.72
237,3073,757.11,172.75,772.26,213.23
237,3072,736.71,173.57,751.65,213.80
237,3069,557.93,174.21,579.44,226.09
238,3083,578.33,183.05,594.62,219.86
238,3074,1116.54,171.15,1252.02,379.85
238,3073,755.10,174.23,770.50,213.59
238,3072,734.04,174.61,749.26,214.49
238,3069,552.22,174.79,574.28,228.27
239,3083,572.34,182.30,587.98,219.64
239,3073,754.19,173.44,770.33,213.19
239,3072,730.79,172.35,747.16,214.83
239,3069,543.76,172.64,566.81,229.00
240,3083,563.69,179.95,579.90,220.24
240,3073,752.59,172.89,769.78,213.27
240,3072,727.79,169.79,744.92,214.92
240,3069,537.40,171.98,560.47,229.79
241,3091,733.22,167.56,760.60,214.03
241,3083,557.12,179.78,573.27,220.52
241,3073,748.43,170.15,766.23,213.60
241,3072,726.00,167.58,744.12,215.30
241,3069,525.17,172.80,549.08,232.09
242,3092,1108.33,149.26,1161.41,275.07
242,3091,737.84,169.38,761.19,214.07
242,3089,1093.58,158.12,1136.05,269.17
242,3083,550.37,178.96,567.58,222.02
242,3072,722.52,168.18,740.45,216.27
242,3069,514.36,173.92,539.58,234.94
243,3092,1128.91,148.47,1182.75,279.04
243,3091,728.66,167.84,754.98,216.80
243,3089,1109.83,161.14,1153.02,273.53
243,3084,498.25,173.56,523.65,236.60
243,3083,543.50,178.05,560.91,223.07
243,3072,719.71,168.27,737.65,217.86
243,3069,516.71,173.57,539.67,232.88
244,3092,1156.62,149.47,1209.13,284.09
244,3089,1130.46,165.05,1174.26,280.59
244,3084,488.97,172.41,515.53,239.18
244,3083,536.08,178.52,553.98,224.87
244,3072,717.98,167.74,735.81,218.64
244,3069,511.87,172.31,533.84,232.42
245,3092,1184.41,155.80,1237.51,293.26
245,3089,1150.24,166.33,1195.65,285.87
245,3084,478.63,171.11,506.67,242.22
245,3083,527.58,178.93,546.01,227.52
245,3073,734.96,169.07,754.96,217.99
245,3072,716.78,168.73,734.35,219.93
245,3069,505.47,173.69,527.43,234.19
246,3089,1175.48,160.84,1229.74,295.02
246,3084,467.45,170.77,497.33,246.01
246,3083,520.57,180.34,538.74,229.43
246,3072,713.46,168.59,732.11,221.54
246,3069,496.83,174.15,519.53,236.65
247,3089,1197.86,167.36,1247.52,300.14
247,3084,454.81,171.07,486.68,249.54
247,3083,511.34,179.08,530.44,230.87
247,3072,710.21,167.55,729.95,222.69
247,3069,494.15,173.88,519.70,236.96
248,3084,441.80,170.73,475.05,252.22
248,3083,504.24,179.87,524.01,233.07
248,3072,708.46,166.42,728.27,223.07
249,3084,428.20,169.15,463.41,254.82
249,3083,495.80,178.13,516.43,233.27
249,3073,722.92,168.79,743.59,224.38
249,3072,709.40,167.71,732.03,225.89
250,3101,454.37,172.01,481.18,246.21
250,3084,412.70,167.99,450.07,258.93
250,3083,488.28,178.97,508.84,233.92
250,3073,721.58,169.48,742.17,226.77
250,3072,708.86,170.08,730.72,228.58
251,3101,444.74,169.89,473.85,250.40
251,3084,395.87,167.11,434.41,263.36
251,3083,480.91,175.84,502.09,234.28
251,3073,722.50,169.86,743.77,229.44
252,3106,564.35,175.49,576.66,209.25
252,3101,436.34,172.78,466.37,255.03
252,3084,378.79,169.16,418.87,271.11
252,3083,472.91,178.11,494.43,237.32
252,3073,722.41,170.63,744.43,231.96
253,3104,750.15,176.17,775.07,224.88
253,3101,426.99,175.66,457.79,259.72
253,3084,360.98,169.87,404.06,278.98
253,3083,465.91,180.04,487.26,240.58
253,3073,724.23,171.76,747.22,235.18
254,3104,753.28,174.20,777.64,226.23
254,3101,417.32,176.39,450.33,265.14
254,3084,361.55,165.90,399.46,269.87
254,3083,459.97,181.35,482.09,244.22
254,3073,727.08,171.78,750.68,237.92
254,3072,707.23,171.78,730.96,236.77
255,3104,758.53,171.60,785.30,230.00
255,3101,408.17,175.64,443.92,271.63
255,3084,355.09,167.44,390.18,267.67
255,3083,454.19,178.48,476.66,242.93
255,3073,731.13,172.04,756.12,240.71
255,3072,709.95,170.68,734.17,239.59
256,3111,282.24,158.88,347.19,323.92
256,3104,762.95,172.04,790.33,234.20
256,3101,398.40,177.19,435.34,278.12
256,3084,344.88,171.04,380.32,272.01
256,3083,449.01,180.96,471.00,245.50
256,3073,736.51,173.16,762.26,244.63
256,3072,714.45,171.10,740.02,243.70
257,3111,261.34,162.55,331.45,335.22
257,3104,769.20,169.87,796.26,234.77
257,3101,385.75,176.33,426.49,283.64
257,3084,333.65,173.26,370.61,277.08
257,3083,442.73,182.69,465.24,248.98
257,3073,744.26,173.25,771.20,247.89
257,3072,720.19,170.94,746.21,247.25
258,3111,233.14,164.38,308.53,350.98
258,3101,370.95,178.83,415.63,292.30
258,3084,323.65,175.24,360.07,282.49
258,3083,436.88,181.73,459.90,250.12
258,3073,752.13,173.04,780.19,251.37
258,3072,726.65,170.50,754.23,251.42
259,3111,199.86,165.32,279.39,362.99
259,3101,355.92,178.29,403.94,300.13
259,3084,309.63,178.04,347.43,290.20
259,3083,432.64,182.65,456.41,252.86
259,3072,735.79,170.77,763.66,254.96
260,3111,156.46,163.53,239.66,372.94
260,3101,341.90,180.39,392.08,308.43
260,3084,297.59,179.80,335.33,297.89
260,3083,429.12,182.58,454.16,255.10
261,3115,380.99,176.24,416.24,273.98
261,3111,101.75,159.43,191.42,378.16
261,3104,788.57,165.84,823.09,259.26
261,3101,325.15,178.45,379.08,316.62
261,3084,284.45,178.81,323.57,303.98
261,3083,425.91,181.61,452.29,256.57
262,3115,375.80,173.78,414.85,280.52
262,3111,33.42,155.00,131.14,379.31
262,3104,804.34,162.04,841.04,262.10
262,3101,307.04,178.12,364.33,329.28
262,3084,271.14,177.66,310.33,308.29
262,3083,423.66,180.65,450.84,258.09
262,3073,772.04,162.49,805.40,260.79
263,3115,369.75,175.03,412.37,289.37
263,3111,-13.43,175.58,63.60,387.78
263,3104,809.27,159.15,849.23,267.06
263,3101,285.39,178.75,345.47,342.49
263,3084,251.22,174.76,291.51,316.77
263,3083,419.40,181.62,447.35,261.26
263,3073,788.14,161.00,823.89,265.32
264,3115,358.99,175.87,406.53,299.04
264,3104,812.47,159.92,857.37,274.70
264,3101,257.13,179.16,321.66,358.79
264,3084,227.47,181.57,268.34,331.90
264,3083,416.13,181.62,445.17,264.60
265,3119,878.32,154.73,935.98,294.00
265,3115,345.01,174.32,397.80,309.68
265,3104,827.56,160.22,875.68,282.06
265,3084,209.05,178.35,262.84,352.96
265,3083,411.21,181.30,441.95,267.04
266,3119,902.66,154.21,965.53,301.64
266,3115,330.29,172.88,388.08,318.16
266,3114,97.47,192.82,165.30,362.05
266,3104,848.70,157.95,899.39,288.27
266,3084,165.87,172.36,228.56,359.49
266,3083,405.03,181.63,438.72,272.47
267,3123,445.15,173.68,462.42,224.72
267,3122,507.91,175.89,522.49,202.86
267,3119,934.15,152.58,999.30,307.40
267,3115,312.10,175.23,376.47,333.15
267,3114,63.22,171.66,152.88,371.02
267,3104,873.72,155.33,927.90,295.91
267,3084,137.21,160.58,202.78,336.81
267,3083,400.01,179.93,435.68,275.60
268,3123,444.07,172.03,462.38,225.46
268,3122,511.01,174.32,525.23,200.94
268,3119,968.98,147.73,1042.81,314.23
268,3115,287.75,176.60,358.04,348.62
268,3114,49.69,163.49,147.88,372.15
268,3104,902.94,153.78,959.76,304.77
268,3083,393.59,178.35,431.29,278.10
269,3123,445.04,173.30,463.41,226.56
269,3119,1011.33,144.63,1095.79,325.65
269,3115,258.22,176.80,336.73,364.96
269,3104,921.25,139.61,970.38,284.10
269,3083,385.13,177.05,424.33,281.47
270,3123,445.71,172.39,464.89,227.83
270,3119,1059.48,141.80,1158.58,342.78
270,3115,216.19,172.34,303.71,371.82
270,3083,375.69,177.92,416.85,284.89
271,3127,427.72,173.84,446.07,224.37
271,3123,445.50,171.21,464.59,228.00
271,3119,1113.08,143.82,1220.74,361.59
271,3115,153.65,169.04,259.68,375.32
271,3083,367.27,178.61,410.28,289.55
272,3128,1096.51,132.93,1186.27,378.43
272,3127,425.00,174.85,444.53,227.24
272,3123,445.28,171.13,464.57,228.92
272,3119,1171.46,151.29,1260.79,365.47
272,3115,69.56,165.40,198.38,379.16
272,3083,356.99,179.89,401.21,296.26
273,3128,1168.97,134.84,1248.13,371.84
273,3127,422.78,177.08,442.95,232.24
273,3123,444.71,174.89,464.06,232.53
273,3115,7.85,167.23,129.35,380.82
273,3083,345.31,180.95,391.60,303.61
274,3134,383.70,180.69,411.18,252.32
274,3127,421.73,179.36,442.49,236.97
274,3123,443.75,177.95,463.44,235.90
274,3083,331.60,178.99,381.86,310.26
275,3134,371.68,183.05,401.50,256.67
275,3127,421.05,181.21,441.70,239.87
275,3123,442.20,179.30,462.34,238.65
275,3083,319.54,182.89,373.52,319.87
276,3127,419.52,180.04,440.50,241.49
276,3123,440.86,181.96,461.53,241.98
276,3083,304.38,187.73,361.52,331.57
277,3136,633.40,184.80,647.89,229.83
277,3127,418.04,179.26,439.18,242.63
277,3123,438.06,182.26,459.63,243.29
277,3083,287.35,188.13,348.85,340.81
278,3136,637.58,180.95,653.76,231.18
278,3127,416.06,178.43,437.84,243.62
278,3123,436.66,181.38,459.38,244.72
278,3083,263.27,185.64,332.21,349.05
279,3140,489.30,175.96,504.81,209.24
279,3127,410.01,175.31,432.99,244.90
279,3123,434.55,179.53,458.56,246.02
279,3083,235.81,183.22,312.00,360.58
280,3139,530.16,174.84,546.99,204.92
280,3127,406.64,172.48,430.00,245.09
280,3123,431.95,179.02,456.87,247.70
280,3083,204.75,182.51,287.54,368.06
281,3139,532.35,176.58,548.50,205.94
281,3127,403.36,171.20,427.23,246.38
281,3123,428.28,178.36,453.87,249.39
281,3083,166.95,180.66,258.11,371.02
282,3139,533.91,179.89,549.15,206.94
282,3136,657.53,173.56,677.22,235.67
282,3127,400.28,172.21,423.49,248.02
282,3123,424.41,180.54,450.83,253.53
282,3083,116.41,180.33,217.87,372.65
283,3140,482.16,178.76,499.81,219.24
283,3139,535.25,181.57,550.22,210.05
283,3136,664.30,175.20,684.42,239.74
283,3127,393.91,173.36,418.17,253.55
283,3123,419.53,180.48,447.10,256.65
283,3083,57.53,178.61,166.34,373.01
284,3144,348.55,201.65,376.28,270.42
284,3140,483.12,178.98,500.69,221.51
284,3139,536.07,181.49,551.66,210.98
284,3136,669.99,174.98,690.77,242.50
284,3127,387.24,174.78,412.46,258.36
284,3123,414.77,181.09,442.60,260.94
284,3083,6.79,179.58,107.59,374.09
285,3144,335.96,203.17,365.63,276.11
285,3140,482.74,180.51,500.37,223.08
285,3139,536.38,182.15,552.23,209.70
285,3136,676.02,174.66,697.90,244.78
285,3127,380.16,174.49,406.50,262.07
285,3123,408.16,180.62,437.81,265.29
286,3144,322.32,203.71,354.08,281.99
286,3140,482.67,183.74,499.59,224.58
286,3139,537.27,181.40,553.45,209.66
286,3136,682.52,173.08,705.28,246.46
286,3127,371.57,172.65,399.38,265.24
286,3123,400.84,181.24,431.33,270.41
287,3144,306.77,202.24,341.41,287.75
287,3140,481.25,186.01,498.10,226.27
287,3139,536.79,181.57,552.52,210.26
287,3136,689.16,172.93,713.74,250.68
287,3127,360.76,172.63,390.69,270.73
287,3123,392.37,182.58,423.89,275.50
288,3144,287.79,205.79,325.29,297.49
288,3139,536.32,181.48,551.84,210.79
288,3136,696.46,173.00,722.23,254.93
288,3127,348.03,173.89,379.12,278.40
288,3123,380.73,181.83,414.42,281.87
289,3144,265.01,207.25,305.71,306.49
289,3139,538.14,182.25,553.83,211.14
289,3136,703.08,171.31,729.69,257.04
289,3127,333.61,172.71,365.43,282.50
289,3123,366.82,182.03,402.97,289.92
290,3139,538.87,181.46,554.86,210.83
290,3136,710.51,170.87,738.70,261.47
290,3127,316.40,170.25,350.30,286.03
290,3123,350.80,179.08,389.30,295.71
291,3140,471.00,185.29,490.36,233.01
291,3139,539.81,181.17,555.32,210.57
291,3136,717.63,169.79,747.23,265.29
291,3127,295.26,170.05,331.84,295.37
291,3123,332.92,179.56,374.30,304.65
292,3140,467.09,179.49,487.56,231.60
292,3139,539.68,180.20,555.67,210.24
292,3136,725.85,167.78,756.75,268.38
292,3127,269.86,169.44,310.95,307.39
292,3123,310.91,180.35,355.93,315.44
293,3140,462.87,185.94,482.82,236.18
293,3139,540.57,179.73,556.36,210.23
293,3136,736.23,166.26,769.84,274.11
293,3127,241.05,168.48,285.48,316.79
293,3123,284.18,179.59,334.74,329.41
294,3157,497.40,169.80,514.74,221.96
294,3140,456.17,187.81,476.68,239.38
294,3139,537.53,177.82,553.48,209.71
294,3136,745.36,166.80,782.22,282.04
294,3127,205.34,167.95,255.65,332.77
294,3123,254.07,180.40,310.13,344.92
295,3157,494.71,170.92,512.80,224.86
295,3140,451.00,188.90,472.63,241.92
295,3139,539.29,177.97,555.04,209.93
295,3136,761.84,167.36,800.27,289.23
295,3127,194.84,175.86,252.86,355.48
296,3157,492.80,171.84,511.17,225.71
296,3140,447.04,183.84,469.38,241.64
296,3139,541.17,178.45,557.22,210.53
296,3136,778.38,166.58,818.37,296.01
297,3157,491.58,170.35,510.25,225.52
297,3140,439.57,180.28,463.63,244.67
297,3139,542.60,178.34,558.83,210.44
297,3136,795.81,166.03,839.25,305.76
298,3159,762.85,169.15,785.82,215.89
298,3157,488.95,167.68,509.36,228.28
298,3140,432.25,174.24,459.13,247.51
298,3139,545.28,177.98,561.38,210.55
298,3136,817.99,164.16,866.42,317.31
299,3159,769.57,168.44,793.87,218.62
299,3157,484.79,168.01,506.37,233.05
299,3140,422.20,171.29,452.74,252.51
299,3139,546.65,178.15,562.57,210.22
299,3136,841.78,165.05,895.03,330.19
300,3162,531.52,177.10,546.83,213.74
300,3159,776.26,168.74,801.32,220.53
300,3157,479.72,167.03,502.17,237.01
300,3140,410.98,173.37,444.02,260.04
300,3139,547.08,179.09,562.41,210.63
300,3136,871.27,166.94,930.60,347.53
301,3162,530.52,179.35,546.12,216.61
301,3159,783.28,170.78,809.30,223.25
301,3157,473.15,166.43,497.08,241.85
301,3140,395.98,173.75,432.11,267.07
301,3139,543.17,180.10,559.30,213.48
301,3136,903.90,167.10,965.51,359.05
302,3162,527.61,178.96,543.92,218.14
302,3159,789.57,172.15,815.63,226.02
302,3157,465.66,166.23,490.59,247.73
302,3140,380.84,174.17,419.23,271.86
302,3139,542.91,181.24,559.00,216.24
302,3136,948.90,164.14,1016.69,366.83
303,3159,796.35,172.22,824.52,228.99
303,3157,456.28,165.35,483.61,254.88
303,3140,366.55,173.81,406.57,277.70
303,3139,540.33,179.69,556.80,217.56
304,3159,803.76,170.32,834.19,230.62
304,3157,446.66,163.10,475.77,260.08
304,3140,346.87,173.68,389.53,285.98
304,3139,538.97,179.52,555.22,219.31
305,3163,517.00,174.64,536.58,222.03
305,3159,811.04,170.16,841.21,231.63
305,3157,434.18,161.59,465.99,266.95
305,3140,318.47,174.01,367.19,296.76
305,3139,538.23,179.06,554.77,220.08
306,3163,514.52,175.10,535.24,224.50
306,3159,820.25,170.46,850.46,233.11
306,3157,418.79,160.02,454.01,274.00
306,3140,286.81,175.79,343.65,308.87
306,3139,536.06,178.78,552.79,220.74
307,3163,511.85,174.47,532.55,224.80
307,3159,830.10,169.74,860.78,234.85
307,3157,402.09,158.78,441.76,281.14
307,3140,252.13,174.17,315.78,321.28
307,3139,533.53,178.47,550.32,219.22
308,3163,509.84,175.04,529.71,225.17
308,3159,841.40,168.52,872.20,235.38
308,3157,377.91,154.32,424.36,290.05
308,3139,530.10,179.77,547.36,221.98
309,3163,507.37,176.76,527.12,227.75
309,3159,852.89,168.51,884.28,238.24
309,3157,348.80,154.97,407.72,308.57
309,3139,528.45,179.29,546.41,224.53
310,3163,506.45,178.24,526.69,229.91
310,3159,864.58,169.42,897.51,242.09
310,3157,303.85,156.31,375.15,327.00
310,3139,525.11,178.63,544.43,227.13
311,3163,503.07,180.61,522.95,232.73
311,3159,879.51,169.50,912.92,245.43
311,3157,250.14,159.27,333.33,351.98
311,3139,521.06,180.00,541.83,230.18
312,3172,460.05,176.97,474.85,215.88
312,3163,499.56,181.30,519.36,234.67
312,3159,893.96,169.08,929.58,250.66
312,3139,517.87,179.43,539.82,231.69
313,3163,496.92,181.91,516.81,236.51
313,3159,911.07,168.20,949.55,254.87
313,3139,515.44,178.93,537.63,233.09
314,3163,494.24,180.29,514.66,237.63
314,3159,927.99,167.07,970.75,259.39
314,3139,512.04,177.69,534.66,234.50
315,3163,490.15,180.39,510.68,238.28
315,3159,946.77,165.79,994.27,263.53
315,3139,508.83,176.06,532.15,234.58
316,3163,486.04,177.70,506.91,237.25
316,3159,968.19,164.26,1020.92,267.72
316,3139,506.45,173.93,530.29,234.51
317,3163,481.44,175.74,503.03,237.22
317,3159,993.77,161.39,1051.27,271.19
317,3139,503.70,170.68,528.80,234.69
318,3177,436.08,166.83,455.91,217.69
318,3163,476.76,178.17,498.57,242.02
318,3159,1023.09,160.49,1085.01,276.37
318,3139,499.08,175.01,524.21,240.43
319,3177,432.24,168.94,451.00,220.09
319,3163,470.25,176.72,493.03,244.47
319,3159,1054.95,160.19,1122.06,283.56
319,3139,493.03,177.08,518.53,244.57
320,3177,427.49,174.34,445.97,224.07
320,3163,464.72,177.32,488.29,248.53
320,3159,1091.87,157.92,1166.19,293.10
320,3139,489.29,178.01,516.24,248.28
321,3177,422.82,171.22,441.73,224.17
321,3163,459.09,177.84,483.50,252.34
321,3159,1135.83,159.14,1215.68,304.29
321,3139,486.19,180.40,513.14,251.50
322,3177,417.47,173.43,438.45,228.28
322,3176,705.15,165.57,726.29,224.88
322,3163,452.05,178.23,477.79,256.62
322,3159,1177.97,136.45,1249.40,296.85
322,3139,480.57,179.50,507.94,252.88
323,3177,410.07,169.12,431.62,227.33
323,3176,712.17,165.25,733.72,226.56
323,3163,447.09,177.07,473.98,259.28
323,3139,476.04,179.84,503.75,255.25
324,3177,404.03,167.05,427.33,229.75
324,3176,716.50,165.50,739.52,229.00
324,3163,441.90,176.75,469.57,262.25
324,3139,472.26,180.21,499.99,257.93
325,3177,397.57,167.52,422.06,233.46
325,3176,722.65,162.70,746.79,229.04
325,3163,434.99,176.77,463.81,266.78
325,3139,468.76,180.29,497.83,261.80
326,3177,390.44,168.91,416.39,237.92
326,3176,728.04,161.53,753.42,231.47
326,3163,428.00,178.37,457.16,272.15
326,3139,462.63,181.98,492.56,268.12
327,3177,382.34,169.10,409.61,239.70
327,3176,734.84,163.70,762.51,237.84
327,3163,419.36,178.64,448.99,277.25
327,3139,456.99,184.45,488.64,274.38
328,3182,853.12,175.38,875.70,227.03
328,3177,371.66,168.65,399.53,242.60
328,3176,742.48,161.63,770.24,237.08
328,3163,410.40,177.77,441.61,282.63
328,3139,450.38,182.67,484.69,279.36
329,3182,862.21,177.47,882.86,228.28
329,3181,717.30,162.18,742.84,241.45
329,3177,360.33,168.69,390.08,246.78
329,3176,750.28,162.50,778.97,242.98
329,3163,400.14,176.12,433.33,286.54
329,3139,442.95,182.09,478.99,284.56
330,3182,869.57,177.03,890.31,228.03
330,3181,723.24,160.53,751.05,245.54
330,3177,349.09,168.47,380.57,248.90
330,3176,758.05,161.89,787.30,245.83
330,3163,386.33,176.29,422.01,293.82
330,3139,432.98,182.89,470.85,291.37
331,3182,877.56,179.25,898.51,231.14
331,3181,728.39,161.84,756.23,247.30
331,3177,336.23,170.55,367.96,252.73
331,3176,767.58,160.75,797.77,248.21
331,3163,371.16,177.45,409.40,301.22
331,3139,417.88,183.31,458.42,298.73
332,3182,883.57,180.24,905.21,234.63
332,3181,734.36,161.05,763.68,249.80
332,3176,774.44,158.96,806.87,250.21
332,3163,353.45,176.80,395.35,309.23
332,3139,403.23,186.50,446.04,309.42
333,3182,890.25,180.86,912.66,237.95
333,3181,738.55,159.47,769.85,254.52
333,3176,783.04,159.69,819.15,255.29
333,3163,335.21,184.28,378.63,322.39
333,3139,381.15,187.63,429.19,318.06
334,3183,932.11,173.81,959.40,239.13
334,3182,897.81,182.18,921.37,243.00
334,3181,745.40,158.67,779.05,260.22
334,3176,792.62,159.91,830.55,260.41
334,3163,315.66,184.81,361.98,331.45
334,3139,362.26,186.28,414.25,325.15
335,3183,940.65,174.29,968.59,241.90
335,3182,906.42,181.84,931.72,247.00
335,3181,753.97,158.41,789.04,264.33
335,3177,267.16,165.12,299.48,251.65
335,3176,803.68,159.13,842.28,264.96
335,3163,292.92,181.98,342.39,337.59
335,3139,342.76,188.49,398.74,335.52
336,3183,951.76,175.36,979.75,245.31
336,3182,914.65,181.35,941.72,251.18
336,3181,763.52,158.30,800.67,270.14
336,3177,246.57,162.54,277.98,242.31
336,3176,816.61,157.54,855.13,267.69
336,3163,265.06,182.21,318.71,348.23
336,3139,316.72,190.50,375.99,347.07
337,3183,958.07,172.64,989.61,248.55
337,3182,925.75,179.73,955.51,254.72
337,3181,772.09,156.06,811.73,274.66
337,3177,222.75,161.62,253.32,237.92
337,3176,831.42,156.52,871.57,274.96
337,3163,235.67,183.84,294.04,360.55
337,3139,291.29,191.38,354.92,357.66
338,3183,971.17,171.41,1003.81,251.38
338,3182,938.17,178.89,970.13,258.45
338,3181,782.82,153.90,825.17,279.14
338,3176,846.50,152.87,888.20,278.47
338,3163,203.71,182.82,265.54,366.43
338,3139,259.45,188.68,328.97,364.83
339,3183,985.52,171.79,1018.69,253.47
339,3182,953.00,180.36,986.65,263.99
339,3181,795.31,152.69,840.04,284.72
339,3176,864.87,151.05,909.42,284.07
339,3163,160.89,178.28,229.18,365.30
339,3139,228.20,183.13,300.30,365.70
340,3183,1003.64,171.60,1036.02,253.52
340,3182,956.59,178.04,988.60,259.79
340,3181,810.13,151.46,857.68,291.27
340,3176,883.33,150.08,930.51,290.78
340,3163,105.83,172.01,184.64,367.93
340,3139,186.78,181.52,265.75,367.14
