1,3184,750.19,167.15,765.71,208.10
1,3183,760.36,169.73,776.30,209.07
2,3185,705.32,173.52,723.34,209.00
2,3184,747.62,167.80,762.32,207.83
2,3183,761.38,170.20,779.32,210.17
3,3185,707.99,173.00,726.59,207.92
3,3184,747.51,167.18,762.34,208.95
3,3183,760.51,169.50,777.83,209.57
4,3184,750.44,166.44,765.78,209.77
4,3183,756.61,166.67,777.25,211.07
5,3184,752.47,167.37,768.07,210.67
6,3184,753.25,167.28,769.89,212.37
7,3184,755.53,165.89,773.07,213.71
8,3187,778.46,167.51,796.74,212.96
8,3184,757.41,165.36,775.73,215.20
9,3189,709.13,170.35,728.03,211.41
9,3187,783.19,166.27,803.22,214.18
9,3184,759.23,165.86,778.01,215.44
10,3189,708.57,168.60,728.42,211.82
10,3187,786.71,165.79,807.21,214.99
10,3184,762.48,167.22,781.16,216.44
11,3187,791.56,164.63,812.54,216.02
11,3184,767.06,165.06,787.36,217.71
12,3187,797.55,165.18,819.31,216.76
13,3187,803.44,165.55,825.80,217.22
14,3187,811.41,166.21,834.91,220.20
15,3193,167.49,162.83,195.63,225.29
15,3191,469.54,171.57,482.32,203.91
15,3187,821.11,166.67,845.81,224.18
15,3184,793.84,165.28,816.22,225.40
16,3193,154.86,168.30,182.18,228.56
16,3191,467.29,173.58,480.66,206.90
16,3187,832.35,168.93,857.40,229.00
16,3184,803.47,167.49,826.67,229.70
17,3193,139.71,170.34,167.51,230.85
17,3191,465.05,175.45,478.76,209.34
17,3187,843.42,170.98,869.81,235.12
17,3184,812.92,170.20,837.45,235.16
18,3193,124.17,162.75,152.22,228.35
18,3191,463.43,175.81,477.41,210.20
18,3187,855.96,173.37,883.72,240.82
18,3184,824.06,170.00,850.02,238.40
19,3193,107.41,166.37,133.65,230.48
19,3191,460.76,174.85,475.19,210.11
19,3187,871.14,172.99,899.85,243.74
20,3193,87.48,164.67,113.89,230.89
20,3191,457.63,172.28,473.00,209.05
20,3187,886.37,170.05,915.93,244.46
21,3193,65.90,163.82,92.98,231.68
21,3191,456.02,170.58,471.03,207.36
21,3187,901.59,164.28,933.32,244.70
22,3193,41.41,161.41,69.77,232.08
22,3191,452.87,167.33,468.31,205.11
22,3187,920.54,161.32,953.63,245.89
23,3201,900.70,152.77,941.28,250.96
23,3193,15.24,160.77,44.28,234.80
23,3191,449.78,168.36,465.41,206.72
23,3187,921.08,158.80,970.06,251.86
24,3201,918.29,155.71,961.82,262.23
24,3193,-3.75,163.64,21.06,238.71
24,3191,445.98,171.01,461.59,210.62
25,3191,441.98,176.38,458.36,217.24
26,3191,439.37,179.00,455.93,220.69
27,3191,435.57,179.11,452.46,221.89
28,3191,431.63,175.68,448.76,219.70
29,3191,427.66,174.26,444.95,219.14
30,3191,422.63,173.97,440.80,220.78
31,3191,415.63,175.28,434.40,223.13
32,3191,409.07,177.58,427.68,225.80
33,3191,403.39,178.36,421.78,226.54
34,3191,395.58,176.33,414.93,225.97
35,3191,386.68,174.68,406.99,225.98
36,3191,380.69,173.39,401.77,226.71
37,3191,373.24,173.63,394.99,227.88
38,3221,280.40,169.96,303.93,211.50
38,3191,362.61,174.77,385.30,231.13
39,3221,265.58,171.82,289.71,219.60
39,3191,352.98,175.52,377.04,234.25
40,3223,464.32,176.05,480.06,213.03
40,3221,252.16,172.51,275.87,223.27
40,3191,343.79,175.36,368.11,236.46
41,3223,459.30,176.38,475.58,214.19
41,3221,236.68,172.10,261.09,226.17
41,3191,330.45,175.43,355.74,239.53
42,3223,455.95,175.44,472.42,213.64
42,3221,218.49,170.14,243.57,227.71
42,3191,316.63,175.19,344.48,243.18
43,3223,449.65,176.89,466.31,215.52
43,3221,199.92,169.30,225.74,230.36
43,3191,301.38,176.02,330.57,247.86
44,3223,443.81,176.89,460.42,217.45
44,3221,179.07,169.18,205.64,232.51
44,3191,284.87,177.79,316.15,252.88
45,3223,437.91,173.83,455.89,218.91
45,3221,154.97,166.26,185.39,235.40
45,3191,266.90,178.65,298.77,256.96
46,3221,131.72,166.15,166.28,240.73
46,3191,247.58,180.20,281.32,261.83
47,3221,107.22,166.59,144.32,244.64
47,3191,224.71,180.04,259.96,265.39
48,3221,79.28,168.25,117.85,248.20
48,3191,200.80,181.63,238.44,272.23
49,3221,46.93,167.04,87.08,250.29
50,3221,13.14,166.15,54.38,253.56
51,3229,720.05,171.99,731.59,206.60
52,3229,720.48,173.60,732.04,207.96
54,3223,365.26,169.60,388.54,237.90
55,3231,757.14,172.07,781.32,224.88
56,3231,762.85,169.46,789.47,225.48
56,3229,726.53,168.65,741.50,211.58
57,3231,767.36,171.11,793.77,227.29
57,3229,726.27,169.70,741.48,212.82
58,3242,746.54,175.46,763.88,211.03
58,3231,769.33,171.73,796.39,227.96
58,3229,725.86,169.87,741.63,214.50
59,3242,747.63,175.11,765.50,212.22
59,3231,771.62,171.32,799.55,229.20
59,3229,725.89,167.53,743.46,215.98
60,3231,774.61,173.49,802.82,233.46
60,3229,726.15,167.73,744.95,218.83
61,3247,238.67,160.36,279.96,266.47
61,3231,782.56,170.96,811.45,234.52
61,3229,725.92,167.36,746.30,220.25
62,3249,378.87,168.70,399.71,222.65
62,3247,216.43,161.12,260.04,272.25
62,3231,785.79,171.19,816.63,237.48
62,3229,725.42,167.89,746.75,221.25
63,3249,370.80,170.16,392.56,226.00
63,3247,191.58,164.45,236.05,281.57
63,3242,739.94,178.80,759.80,221.61
63,3231,791.74,172.21,823.73,242.61
63,3229,730.25,171.43,750.66,224.38
64,3252,875.09,168.38,901.44,235.59
64,3249,363.24,169.72,384.92,226.58
64,3247,160.30,159.92,208.82,287.08
64,3242,740.82,179.13,760.29,222.81
64,3231,795.59,168.59,829.51,245.09
64,3229,731.74,170.59,753.53,225.14
65,3252,887.99,167.44,914.23,235.63
65,3249,355.54,168.84,377.54,225.65
65,3247,124.51,156.44,178.45,295.57
65,3242,739.78,178.84,757.94,223.25
65,3231,800.24,167.32,835.60,248.28
66,3252,895.89,170.08,922.13,237.42
66,3250,318.06,185.99,337.89,220.60
66,3249,345.75,167.38,369.23,226.99
66,3247,86.48,155.35,142.93,301.52
66,3242,739.94,175.00,758.93,223.98
66,3231,804.20,166.87,841.01,251.64
67,3252,906.79,167.74,933.94,237.53
67,3250,307.35,183.19,328.47,220.23
67,3249,334.03,165.89,359.03,228.37
67,3247,42.77,150.78,105.13,308.14
67,3242,741.50,168.74,762.59,224.75
67,3231,811.32,165.75,849.23,253.71
68,3252,918.03,167.67,946.02,240.91
68,3250,295.58,183.76,317.95,220.95
68,3249,324.44,165.75,350.24,229.11
68,3247,1.30,155.43,61.47,320.00
68,3242,743.02,164.25,765.19,225.37
68,3231,822.86,162.56,863.50,255.31
69,3252,929.30,169.59,956.78,244.38
69,3249,313.20,164.51,339.72,230.24
69,3242,746.11,166.65,768.41,231.24
69,3231,835.45,163.18,878.01,259.15
70,3252,941.04,169.21,969.83,248.39
70,3249,300.91,166.54,327.56,236.18
70,3231,849.42,162.77,894.34,263.75
71,3271,928.01,169.41,958.10,251.48
71,3252,955.91,170.05,986.79,256.04
71,3249,288.32,168.14,315.30,239.74
71,3231,862.26,164.81,910.50,271.90
72,3272,757.91,162.50,786.77,247.90
72,3271,940.81,166.55,973.90,257.61
72,3252,970.90,167.85,1002.81,260.32
72,3250,243.42,192.60,267.86,233.08
72,3249,274.91,170.01,302.46,244.84
72,3231,878.98,164.49,930.58,279.52
73,3272,762.97,160.37,793.68,249.33
73,3271,957.31,163.88,993.30,263.31
73,3252,987.96,166.55,1021.72,265.28
73,3250,228.83,193.39,253.62,234.11
73,3249,261.16,171.69,288.97,248.79
73,3231,896.74,164.95,953.28,288.39
74,3272,765.22,159.11,797.95,254.27
74,3271,979.26,165.22,1013.32,266.59
74,3252,1007.55,167.10,1043.64,271.71
74,3250,212.79,194.57,237.15,235.57
74,3249,246.65,172.19,275.32,251.96
74,3231,919.12,161.90,980.52,295.19
75,3272,769.73,158.04,804.49,256.64
75,3252,1028.25,166.70,1068.18,278.57
75,3250,195.35,195.10,221.32,237.88
75,3249,230.95,170.99,260.76,254.51
75,3231,946.15,159.35,1014.16,301.93
76,3272,774.80,159.28,811.81,260.05
76,3250,177.08,194.63,205.36,239.09
76,3249,214.27,170.94,245.80,257.86
76,3231,979.70,160.06,1052.73,311.39
77,3272,786.38,161.96,822.95,265.11
77,3250,157.55,194.69,186.68,240.08
77,3249,195.68,168.79,228.68,260.20
77,3231,1017.05,161.13,1099.53,325.52
78,3272,784.76,163.47,825.85,267.34
78,3250,135.96,194.92,167.01,242.69
78,3249,176.25,168.45,210.53,263.83
78,3231,1054.45,159.87,1128.09,325.20
79,3300,228.96,171.86,269.42,270.44
79,3250,114.81,199.35,147.17,248.04
79,3249,156.09,170.04,191.42,268.67
80,3304,790.04,185.36,819.38,263.86
80,3301,455.50,174.82,482.71,225.00
80,3300,205.22,178.61,247.03,278.65
80,3250,89.94,202.14,123.71,253.26
80,3249,133.23,172.69,170.68,277.32
81,3308,835.97,155.61,883.99,303.19
81,3306,857.52,176.35,909.54,276.63
81,3304,800.35,197.35,827.30,269.57
81,3301,443.48,172.05,471.43,226.65
81,3300,177.47,178.82,219.61,284.59
81,3250,63.35,204.25,98.81,257.27
81,3249,108.16,174.41,151.63,282.35
82,3308,852.84,153.47,903.49,312.30
82,3304,812.40,204.45,838.33,273.86
82,3301,431.90,171.72,457.76,226.58
82,3300,147.55,177.46,192.55,291.02
82,3250,35.72,205.54,72.96,260.28
82,3249,77.64,174.53,125.30,287.55
83,3308,872.49,151.50,928.62,325.93
83,3304,824.81,205.54,852.47,279.50
83,3301,422.51,172.97,447.36,229.67
83,3300,112.72,173.25,161.18,297.20
83,3250,6.16,204.90,44.48,263.18
83,3249,52.76,173.04,100.49,289.96
84,3308,893.69,147.33,955.43,337.86
84,3304,838.38,207.21,867.52,286.19
84,3301,413.39,170.91,436.65,229.63
84,3300,71.37,169.80,126.57,307.59
84,3249,21.93,171.08,70.51,293.91
85,3319,610.64,171.28,631.54,212.20
85,3318,887.13,206.93,920.47,294.86
85,3308,920.41,143.98,988.35,354.17
85,3304,855.54,210.67,887.65,295.45
85,3301,401.37,168.46,425.97,233.18
85,3300,21.16,168.06,83.15,318.62
85,3249,-0.44,173.04,47.13,303.81
86,3323,794.92,177.97,828.79,212.81
86,3319,613.41,172.23,635.53,211.59
86,3318,915.04,212.72,949.07,306.06
86,3308,961.81,143.34,1036.64,369.06
86,3304,876.21,215.80,912.15,307.30
86,3301,390.14,169.85,418.70,241.63
86,3249,-9.79,189.84,33.62,322.37
87,3323,806.09,180.10,834.39,212.93
87,3318,944.58,212.70,983.12,319.38
87,3308,1008.92,136.05,1096.49,376.67
87,3301,372.46,166.86,401.14,238.88
88,3323,811.03,181.92,836.28,213.66
88,3318,946.78,218.61,995.66,339.36
88,3308,1066.26,126.21,1174.90,381.74
88,3301,356.48,168.61,386.19,243.90
89,3331,872.26,168.38,888.31,214.14
89,3327,980.74,227.54,1043.91,365.74
89,3323,812.47,180.40,838.28,213.62
89,3308,1133.53,118.06,1237.12,378.82
89,3301,338.59,168.66,370.62,248.75
90,3333,26.36,168.41,78.87,263.56
90,3331,876.34,169.01,894.37,219.54
90,3323,809.72,178.20,840.70,215.20
90,3301,317.74,165.15,350.24,246.46
91,3331,883.26,168.88,902.30,221.13
91,3301,295.00,167.48,328.29,252.59
92,3336,627.46,173.83,652.83,222.09
92,3331,888.33,167.62,909.37,223.97
93,3345,957.80,173.12,980.60,227.14
93,3342,163.87,187.30,206.10,250.01
93,3336,630.47,174.81,655.83,224.03
93,3331,893.83,167.31,915.57,225.49
94,3345,967.45,168.79,991.83,229.03
94,3342,145.60,190.14,185.28,252.93
94,3336,633.86,176.04,658.60,223.61
94,3331,899.59,165.57,923.75,228.51
94,3323,819.77,181.99,859.26,223.94
95,3345,979.65,168.51,1004.73,231.93
95,3336,635.43,175.96,660.09,222.61
95,3331,905.48,166.37,931.23,231.37
95,3323,822.36,181.69,864.35,225.17
96,3345,989.97,164.77,1017.23,234.59
96,3336,637.95,175.96,662.20,222.09
96,3331,911.80,165.86,938.92,233.48
96,3323,823.57,181.86,869.43,226.63
97,3345,1002.95,163.79,1032.41,238.27
97,3336,640.60,174.80,665.40,222.38
97,3331,920.29,166.90,947.40,234.50
97,3323,829.31,183.20,877.61,228.59
98,3345,1017.56,164.70,1047.25,242.02
98,3336,643.65,175.21,670.09,223.52
98,3331,928.06,165.37,954.83,235.28
98,3323,832.04,183.27,883.95,230.28
99,3345,1031.77,163.69,1063.29,245.42
99,3336,647.49,175.36,674.57,224.20
99,3331,936.05,164.65,964.14,237.27
99,3323,836.98,183.19,891.82,232.13
100,3345,1046.35,163.31,1079.46,247.14
100,3336,651.16,175.69,678.70,224.98
100,3331,945.16,164.33,973.84,238.45
100,3323,842.79,183.41,900.99,234.30
101,3369,273.74,172.35,298.28,220.74
101,3345,1063.85,162.64,1098.99,251.10
101,3336,654.51,174.90,682.07,226.44
101,3331,954.86,163.30,984.21,239.81
101,3323,845.05,183.26,906.88,235.67
102,3369,259.94,168.70,286.04,219.70
102,3345,1082.14,163.03,1119.96,254.75
102,3336,657.40,174.89,683.98,225.83
102,3331,964.99,163.91,996.15,243.21
102,3323,853.31,183.63,917.49,237.67
103,3369,247.38,161.26,275.20,217.07
103,3345,1101.98,162.59,1143.52,259.16
103,3336,661.19,173.92,687.83,223.82
103,3331,976.04,163.34,1007.76,244.10
103,3323,862.25,183.39,923.56,238.06
104,3369,233.39,157.57,263.54,218.70
104,3345,1124.78,161.05,1170.16,262.84
104,3336,665.25,173.13,690.89,222.97
104,3331,989.69,161.14,1022.35,244.51
104,3323,865.12,183.18,925.77,239.30
105,3369,219.20,156.58,251.59,221.58
105,3345,1140.60,159.65,1183.03,261.44
105,3336,668.70,172.73,693.96,222.31
105,3331,1001.67,159.19,1035.41,244.96
105,3323,877.71,182.21,943.51,240.80
106,3369,205.04,156.70,240.11,224.80
106,3345,1165.54,160.03,1206.64,262.43
106,3336,672.20,171.70,697.34,222.41
106,3331,1014.75,159.51,1049.89,248.44
106,3323,878.27,182.88,944.06,243.43
107,3369,191.07,158.03,227.27,227.70
107,3336,675.45,173.59,700.45,225.51
107,3331,1028.18,161.57,1064.87,252.94
107,3323,887.40,183.48,952.73,246.12
108,3369,178.68,157.98,215.70,229.19
108,3336,679.07,177.31,703.10,229.18
108,3331,1043.37,163.61,1081.22,258.31
108,3323,892.44,185.36,958.40,250.41
109,3374,954.49,189.23,1005.10,260.63
109,3373,483.10,172.42,507.33,231.92
109,3369,158.44,153.44,198.93,228.81
109,3336,682.57,174.23,706.31,228.58
109,3331,1060.22,163.64,1098.62,261.24
109,3323,903.23,184.85,971.96,252.98
110,3374,973.86,187.45,1026.76,263.60
110,3373,478.43,173.05,502.28,232.50
110,3369,143.92,152.39,186.11,231.36
110,3336,684.59,172.70,707.66,227.72
110,3331,1077.06,160.56,1116.40,261.45
110,3323,915.85,183.83,984.75,254.86
111,3374,972.46,184.81,1040.27,268.46
111,3373,473.34,171.16,497.68,232.46
111,3336,686.84,172.17,708.28,227.37
111,3331,1096.40,158.73,1138.20,264.62
112,3374,982.14,186.90,1059.20,273.74
112,3373,469.44,170.21,494.06,234.62
112,3336,688.54,170.19,709.24,226.56
112,3331,1116.39,160.25,1159.11,268.52
113,3376,91.11,157.24,129.62,236.34
113,3374,1003.85,188.24,1084.14,278.21
113,3373,464.66,172.41,488.51,236.31
113,3336,689.28,169.85,709.50,226.51
113,3331,1139.08,160.60,1183.79,272.50
114,3376,69.22,159.47,108.04,239.28
114,3373,458.63,175.08,482.99,240.35
114,3336,690.22,169.95,710.29,226.07
114,3331,1163.40,162.06,1209.18,278.30
115,3376,45.16,162.86,84.87,244.33
115,3373,452.68,177.45,478.29,245.44
115,3336,691.57,174.30,710.74,228.90
115,3331,1187.78,161.97,1235.03,283.57
116,3373,445.99,177.65,472.35,248.80
116,3336,692.27,175.16,711.05,229.65
117,3373,438.49,176.79,466.24,251.29
117,3336,692.76,179.71,710.72,231.88
118,3373,430.10,175.69,459.88,253.78
118,3336,692.64,181.89,710.76,232.76
119,3373,419.76,174.22,451.66,256.43
119,3336,691.97,183.06,710.23,232.84
120,3373,407.53,174.42,442.00,260.83
120,3336,690.46,173.74,709.79,228.12
121,3373,394.59,176.57,431.80,266.91
121,3336,690.43,178.22,710.17,232.96
122,3373,380.50,178.49,419.33,272.59
122,3336,688.16,175.24,709.27,232.30
123,3373,365.31,180.96,404.91,278.20
123,3336,686.81,178.60,708.79,235.32
124,3373,346.97,182.59,388.40,283.88
124,3336,685.51,183.23,707.35,238.87
125,3373,329.23,182.15,373.94,291.29
125,3336,683.32,183.00,705.56,238.86
126,3373,310.58,182.30,357.98,297.16
126,3336,681.68,183.43,704.05,239.73
127,3373,290.39,183.78,341.80,306.09
127,3336,679.32,179.09,701.95,237.66
128,3373,265.77,185.67,322.36,315.83
128,3336,677.26,174.59,700.60,236.16
129,3373,233.98,185.97,297.75,327.62
129,3336,675.96,176.32,699.22,238.06
130,3373,196.38,187.25,266.17,341.79
130,3336,675.14,180.07,697.82,240.25
131,3391,274.29,154.89,313.12,241.53
131,3336,673.78,183.49,696.53,241.68
132,3336,672.04,179.43,694.93,240.81
133,3336,669.71,176.25,692.93,242.07
134,3336,668.46,176.59,691.61,244.19
135,3336,667.65,177.31,690.96,246.65
136,3395,361.46,161.82,406.15,245.90
136,3336,666.81,175.30,690.50,247.89
137,3395,349.27,159.86,397.11,248.42
137,3336,665.92,175.28,689.96,249.92
138,3395,337.22,158.89,388.48,253.98
138,3336,665.55,179.51,689.33,253.06
139,3395,322.48,157.71,376.88,255.96
140,3395,312.86,156.85,368.21,253.44
141,3395,299.66,158.67,356.65,258.16
142,3395,286.87,159.97,347.38,259.95
142,3336,670.74,170.31,696.42,252.39
143,3399,620.99,160.27,636.33,195.19
143,3395,276.64,159.96,337.98,262.61
143,3336,673.39,167.15,699.92,252.60
144,3395,263.65,157.51,327.53,264.85
145,3395,250.60,156.06,316.73,267.62
146,3395,236.08,156.28,305.15,271.88
147,3395,221.70,155.83,291.98,274.85
147,3336,690.95,177.46,718.97,258.28
148,3395,206.40,155.12,278.76,278.54
148,3336,698.76,171.05,728.70,256.25
149,3395,189.25,156.75,263.72,284.65
149,3336,705.38,170.58,735.87,258.31
150,3395,173.25,157.67,248.94,289.28
150,3336,713.04,170.04,744.30,259.04
151,3395,156.49,158.41,233.37,294.38
151,3336,721.08,170.38,753.31,257.91
152,3395,129.27,158.95,214.75,300.79
152,3336,730.83,170.87,764.68,258.13
153,3395,104.24,158.35,195.58,306.32
153,3336,740.49,168.77,776.49,256.30
154,3395,77.83,155.53,173.66,310.49
154,3336,748.04,166.08,785.35,254.31
155,3407,626.81,160.23,641.76,196.30
156,3407,627.30,160.33,641.87,196.59
157,3408,787.73,161.18,832.72,261.96
157,3407,627.56,161.51,641.97,198.16
158,3408,801.18,162.89,848.56,263.24
158,3407,627.91,162.55,642.65,200.09
159,3408,817.97,157.13,867.35,254.89
159,3407,628.12,163.34,643.18,202.04
160,3408,833.32,163.75,884.83,258.41
160,3407,630.00,163.11,645.08,202.51
161,3408,849.15,166.18,905.05,262.60
161,3407,631.85,164.23,647.38,203.79
162,3408,866.54,165.71,924.74,263.14
163,3408,884.82,166.85,944.27,265.13
164,3408,904.70,169.64,964.47,268.18
165,3413,776.70,180.53,802.64,234.80
165,3408,927.17,172.66,987.79,270.71
166,3413,780.52,175.92,805.80,230.84
166,3408,950.40,171.54,1012.27,270.36
167,3413,782.94,172.64,807.79,227.73
167,3408,973.13,170.35,1035.56,270.53
168,3413,785.71,171.53,811.23,228.61
168,3408,997.42,169.73,1061.36,272.80
169,3413,788.96,172.97,814.28,230.58
169,3408,1025.30,169.65,1090.98,273.85
170,3413,791.36,174.71,816.73,232.71
170,3408,1054.85,171.21,1121.37,277.74
171,3413,792.55,175.56,821.02,236.45
171,3408,1084.60,172.26,1152.00,280.11
172,3413,796.20,174.81,824.58,235.83
172,3408,1112.57,174.18,1181.54,281.54
173,3413,797.87,174.51,826.12,235.48
173,3408,1145.21,164.11,1211.93,272.03
174,3419,837.13,163.10,860.02,220.97
174,3413,798.10,174.81,826.19,235.51
174,3408,1173.66,167.39,1240.33,272.91
175,3419,837.98,161.26,860.64,218.76
175,3413,797.06,173.78,825.74,235.99
176,3419,832.25,153.56,857.70,218.80
176,3413,795.81,172.59,824.46,234.55
177,3413,793.20,176.34,822.99,240.53
178,3413,789.00,178.58,819.85,245.65
179,3413,784.29,178.98,816.38,248.66
180,3413,779.77,179.53,812.72,250.48
181,3413,773.59,179.28,806.66,251.31
182,3413,766.12,179.26,801.10,252.75
183,3413,760.39,178.86,795.60,253.10
184,3424,789.83,166.74,813.12,225.04
184,3413,753.11,178.90,788.97,254.26
185,3424,783.72,171.51,805.09,224.40
185,3413,747.32,179.81,784.09,255.40
186,3424,779.14,170.22,801.86,225.41
186,3413,744.68,179.57,781.50,255.64
187,3424,780.59,171.54,802.60,224.96
187,3413,744.81,180.23,781.84,257.34
188,3424,783.41,171.73,805.61,227.34
188,3413,746.55,179.16,783.37,254.37
189,3413,751.73,183.94,789.56,261.66
190,3413,758.21,186.59,796.24,266.34
191,3413,764.07,187.72,803.88,268.73
192,3428,559.55,171.63,577.26,210.20
193,3428,566.87,171.33,584.47,209.95
194,3428,572.99,172.94,590.57,212.61
195,3428,582.42,173.09,599.80,213.84
196,3431,964.88,201.53,1022.96,276.49
196,3428,589.42,173.88,606.59,214.49
197,3431,984.65,203.17,1044.73,280.39
197,3428,599.96,174.16,617.15,215.96
198,3431,1004.44,207.65,1063.65,281.92
199,3434,992.50,199.71,1035.14,268.68
199,3431,1026.43,209.44,1089.42,285.90
200,3434,1013.05,201.75,1059.13,273.04
200,3431,1049.98,205.85,1117.61,287.44
201,3434,1037.04,202.55,1084.77,275.77
201,3431,1074.08,202.94,1145.62,290.12
201,3428,636.12,171.50,654.01,216.86
202,3434,1058.75,202.90,1110.27,278.69
202,3431,1099.73,202.00,1176.12,293.93
202,3428,648.05,171.37,665.87,217.23
203,3434,1089.73,205.92,1141.50,283.42
203,3431,1134.84,209.05,1214.27,302.88
203,3428,659.91,171.29,677.68,217.80
204,3434,1113.19,205.88,1169.26,287.11
204,3431,1164.15,212.50,1242.84,308.75
204,3428,667.62,171.97,686.35,219.68
205,3428,678.44,172.18,696.95,220.10
206,3428,686.16,175.76,704.88,223.40
207,3428,695.65,179.56,713.92,227.20
208,3428,706.11,178.93,724.55,229.11
209,3428,713.19,182.69,731.72,232.64
210,3428,717.74,185.94,736.66,234.72
211,3448,630.60,176.81,644.07,206.75
211,3428,724.79,188.49,743.33,236.72
212,3448,632.55,178.35,646.42,207.45
212,3428,729.45,191.66,748.50,239.25
213,3448,634.14,179.30,648.51,208.82
213,3428,732.82,188.65,753.02,239.99
214,3448,633.79,178.88,648.39,208.31
214,3428,734.84,186.71,755.79,241.87
215,3448,635.00,176.54,649.99,207.12
215,3428,735.61,183.55,757.78,242.79
216,3448,632.61,175.49,648.60,207.51
216,3428,737.57,180.95,761.31,244.71
217,3448,631.40,171.52,648.24,205.70
217,3428,738.72,175.23,763.85,243.36
218,3448,627.32,168.69,644.22,204.60
218,3428,740.86,172.69,766.83,243.42
219,3448,624.67,164.98,642.93,203.79
219,3428,742.47,171.33,770.33,244.92
220,3448,622.10,164.38,641.16,204.17
220,3428,743.28,169.02,774.24,247.98
221,3448,620.02,163.71,639.20,204.40
221,3428,744.55,169.23,777.66,251.16
222,3455,813.23,157.85,859.84,267.26
222,3448,617.63,167.25,636.37,207.05
222,3428,750.57,173.01,783.65,256.00
223,3455,820.00,161.21,868.48,273.16
223,3428,751.34,172.48,786.85,259.43
224,3458,604.67,171.84,624.08,212.93
224,3455,829.65,160.72,880.98,274.94
224,3428,758.94,177.62,794.32,266.92
225,3458,602.90,171.26,622.16,214.38
225,3455,841.88,159.97,893.76,271.58
225,3428,762.63,179.65,799.77,272.93
226,3458,602.02,169.15,621.35,213.78
226,3455,855.19,163.78,906.82,276.33
226,3448,612.62,169.69,630.63,213.03
226,3428,765.13,183.50,805.57,279.06
227,3462,753.68,165.02,770.62,204.97
227,3461,743.79,168.19,762.52,202.10
227,3458,601.58,167.41,621.51,213.09
227,3455,865.67,161.84,919.08,280.37
227,3448,613.11,168.94,630.52,212.71
227,3428,775.78,183.59,817.37,284.19
228,3462,754.27,165.98,770.80,205.27
228,3461,744.58,169.71,760.99,202.17
228,3458,600.31,166.71,620.93,213.32
228,3455,878.86,161.14,935.55,288.73
228,3448,613.08,168.56,630.28,212.89
228,3428,784.35,183.03,829.74,290.49
229,3461,745.57,168.54,762.51,203.50
229,3458,593.72,167.77,614.56,214.98
229,3455,895.83,160.23,960.63,300.17
229,3448,608.88,169.54,627.44,214.80
229,3428,784.70,192.38,832.73,299.97
230,3461,745.86,170.73,762.30,205.92
230,3458,590.85,169.90,610.86,216.46
230,3455,912.66,160.74,987.76,314.66
230,3448,609.49,170.69,627.90,216.16
231,3461,746.42,172.99,762.05,207.66
231,3458,588.56,171.32,607.91,217.86
231,3455,931.88,161.75,1014.51,327.98
231,3448,607.06,173.16,625.82,218.72
232,3466,844.36,184.66,911.01,339.52
232,3461,743.60,174.97,758.58,209.15
232,3458,582.79,171.18,603.05,218.30
232,3455,956.28,161.63,1045.52,340.91
232,3448,603.97,173.86,622.38,220.18
233,3470,759.48,171.30,777.06,211.16
233,3466,854.83,183.56,933.18,358.76
233,3461,742.67,173.97,757.22,208.71
233,3458,577.73,171.45,598.40,219.32
233,3455,982.29,162.45,1080.19,354.35
233,3448,599.59,173.32,617.85,221.29
234,3470,757.58,168.94,774.87,210.53
234,3466,877.05,181.71,964.99,367.72
234,3461,741.19,174.08,755.79,209.94
234,3458,573.84,172.16,594.55,220.64
234,3455,1010.13,161.31,1119.06,362.17
234,3448,596.21,174.29,614.50,221.11
235,3470,756.81,169.01,773.39,210.68
235,3466,903.31,183.25,1000.38,372.47
235,3461,739.10,174.59,753.50,210.60
235,3458,568.28,173.78,589.30,222.80
235,3455,1047.32,157.59,1169.87,368.52
236,3474,539.40,177.28,557.88,224.76
236,3470,756.39,170.90,772.15,212.09
236,3466,939.03,185.12,1047.48,379.35
236,3461,737.55,174.65,752.37,213.16
236,3458,562.92,174.48,584.52,224.29
236,3455,1091.46,155.74,1222.27,371.76
237,3474,531.36,178.48,550.75,227.98
237,3470,756.70,172.54,772.01,213.49
237,3466,994.57,181.64,1117.30,380.71
237,3461,736.71,173.57,751.65,213.80
237,3458,557.92,174.23,579.41,226.05
237,3455,1135.84,154.63,1253.84,371.32
238,3470,754.68,174.06,770.23,213.85
238,3461,734.04,174.61,749.26,214.49
238,3458,552.21,174.82,574.26,228.23
238,3455,1115.91,173.23,1248.08,376.98
238,3448,578.11,178.78,595.46,223.84
239,3470,753.76,173.12,770.16,213.52
239,3461,730.79,172.35,747.16,214.83
239,3458,543.76,172.66,566.78,228.96
239,3448,572.05,178.40,589.10,223.48
240,3470,752.15,172.46,769.69,213.68
240,3461,727.79,169.79,744.92,214.92
240,3458,537.40,172.00,560.45,229.75
240,3448,563.75,176.92,581.10,223.41
241,3481,733.22,167.56,760.60,214.03
241,3470,747.92,169.58,766.15,214.10
241,3461,726.00,167.58,744.12,215.30
241,3458,525.17,172.82,549.06,232.05
241,3448,557.17,177.07,574.54,223.37
242,3482,1108.33,149.26,1161.41,275.07
242,3470,743.43,169.10,761.81,215.29
242,3461,722.52,168.18,740.45,216.27
242,3448,550.54,176.93,568.69,224.17
243,3485,1109.67,162.13,1153.16,273.67
243,3482,1128.91,148.47,1182.75,279.04
243,3470,739.92,169.10,758.24,216.57
243,3461,719.71,168.27,737.65,217.86
243,3448,543.72,176.34,561.96,224.90
244,3485,1130.76,166.09,1174.66,280.73
244,3482,1156.62,149.47,1209.13,284.09
244,3470,737.79,169.36,757.00,217.64
244,3461,717.98,167.74,735.81,218.64
244,3448,536.34,177.10,554.95,226.37
245,3485,1150.60,167.05,1196.12,286.03
245,3482,1184.41,155.80,1237.51,293.26
245,3470,734.51,168.41,754.83,218.61
245,3461,716.78,168.73,734.35,219.93
245,3458,506.11,173.96,527.38,233.73
245,3448,527.90,177.79,546.91,228.68
246,3490,465.69,168.83,496.92,248.37
246,3485,1175.72,160.42,1230.86,296.03
246,3470,728.49,168.79,750.14,221.23
246,3461,713.46,168.59,732.11,221.54
246,3458,497.16,174.33,519.37,236.40
246,3448,520.84,179.23,539.60,230.53
247,3490,452.73,169.37,486.04,251.85
247,3485,1198.32,167.65,1248.17,300.44
247,3470,727.66,167.92,749.33,221.96
247,3461,710.21,167.55,729.95,222.69
247,3458,494.32,174.02,519.55,236.82
247,3448,511.68,178.29,531.20,231.65
248,3490,439.66,169.25,474.21,254.21
248,3470,725.21,167.45,746.58,222.86
248,3461,708.46,166.42,728.27,223.07
248,3448,504.57,179.25,524.68,233.68
249,3490,426.01,167.55,462.58,256.74
249,3470,722.27,168.21,743.64,225.05
249,3461,709.40,167.71,732.03,225.89
249,3448,496.15,177.70,517.01,233.70
250,3494,454.37,172.01,481.18,246.21
250,3490,410.42,166.30,449.25,260.95
250,3470,721.11,168.97,742.27,227.31
250,3461,708.86,170.08,730.72,228.58
250,3448,488.58,178.54,509.40,234.36
251,3494,444.74,169.89,473.85,250.40
251,3490,393.61,165.51,433.51,265.30
251,3470,722.12,169.40,743.88,229.91
251,3448,481.22,175.58,502.55,234.56
252,3499,564.35,175.49,576.66,209.25
252,3494,436.34,172.78,466.37,255.03
252,3490,376.59,167.67,417.99,273.13
252,3470,722.10,170.20,744.53,232.39
252,3448,473.20,177.88,494.85,237.55
253,3497,750.15,176.17,775.07,224.88
253,3494,426.99,175.66,457.79,259.72
253,3490,358.77,168.25,403.33,281.19
253,3470,723.96,171.36,747.32,235.59
253,3448,466.17,179.82,487.64,240.80
254,3497,753.28,174.20,777.64,226.23
254,3494,417.32,176.39,450.33,265.14
254,3470,726.83,171.39,750.78,238.31
254,3461,707.23,171.78,730.96,236.77
254,3448,460.23,181.22,482.41,244.33
255,3497,758.53,171.60,785.30,230.00
255,3494,408.17,175.64,443.92,271.63
255,3470,730.91,171.67,756.23,241.09
255,3461,709.95,170.68,734.17,239.59
255,3448,454.43,178.40,476.94,243.01
256,3497,762.95,172.04,790.33,234.20
256,3494,398.40,177.19,435.34,278.12
256,3470,736.31,172.79,762.37,245.01
256,3461,714.45,171.10,740.02,243.70
256,3448,449.21,180.83,471.27,245.61
257,3505,333.11,171.50,370.25,282.21
257,3497,769.20,169.87,796.26,234.77
257,3494,385.75,176.33,426.49,283.64
257,3490,265.37,171.01,330.48,323.78
257,3470,744.07,172.88,771.31,248.26
257,3461,720.19,170.94,746.21,247.25
257,3448,442.92,182.61,465.47,249.04
258,3505,323.02,173.50,359.84,287.36
258,3494,370.95,178.83,415.63,292.30
258,3490,237.89,172.38,307.92,339.65
258,3470,751.95,172.67,780.30,251.74
258,3461,726.65,170.50,754.23,251.42
258,3448,437.07,181.70,460.10,250.13
259,3505,308.14,175.49,347.34,295.98
259,3494,355.92,178.29,403.94,300.13
259,3490,205.17,172.71,279.48,352.63
259,3461,735.79,170.77,763.66,254.96
259,3448,432.82,182.67,456.57,252.83
260,3505,296.07,177.21,335.29,303.47
260,3494,341.90,180.39,392.08,308.43
260,3490,162.47,170.52,240.69,363.58
260,3448,429.30,182.67,454.28,255.00
261,3509,380.99,176.24,416.24,273.98
261,3505,282.73,175.56,323.77,309.68
261,3497,788.57,165.84,823.09,259.26
261,3494,325.15,178.45,379.08,316.62
261,3448,426.10,181.77,452.36,256.40
262,3509,375.80,173.78,414.85,280.52
262,3505,269.50,174.57,310.44,313.32
262,3494,307.04,178.12,364.33,329.28
262,3470,771.88,162.10,805.52,261.19
262,3448,423.85,180.84,450.89,257.89
263,3509,369.75,175.03,412.37,289.37
263,3505,249.25,171.09,291.54,322.12
263,3494,285.39,178.75,345.47,342.49
263,3448,419.59,181.83,447.38,261.04
264,3509,358.99,175.87,406.53,299.04
264,3505,225.31,178.16,268.14,337.25
264,3494,257.13,179.16,321.66,358.79
264,3448,416.32,181.87,445.17,264.34
265,3514,828.26,157.13,880.79,288.00
265,3509,345.01,174.32,397.80,309.68
265,3505,206.14,172.53,263.75,360.75
265,3448,411.40,181.60,441.93,266.73
266,3514,851.56,154.66,906.11,293.49
266,3509,330.29,172.88,388.08,318.16
266,3508,97.47,192.82,165.30,362.05
266,3448,405.25,182.01,438.66,272.08
267,3522,445.15,173.68,462.42,224.72
267,3521,507.91,175.89,522.49,202.86
267,3519,935.42,155.38,1000.42,303.02
267,3514,877.48,151.42,935.66,301.38
267,3509,312.10,175.23,376.47,333.15
267,3508,63.22,171.66,152.88,371.02
267,3448,400.24,180.36,435.59,275.16
268,3522,444.07,172.03,462.38,225.46
268,3521,511.01,174.32,525.23,200.94
268,3519,970.45,148.85,1045.03,311.39
268,3514,907.27,149.89,967.85,310.19
268,3509,287.75,176.60,358.04,348.62
268,3508,49.69,163.49,147.88,372.15
268,3448,393.83,178.82,431.18,277.62
269,3522,445.04,173.30,463.41,226.56
269,3519,1013.01,144.77,1098.92,324.31
269,3514,941.58,149.50,1005.36,322.50
269,3509,258.22,176.80,336.73,364.96
269,3448,385.37,177.54,424.20,280.97
270,3522,445.71,172.39,464.89,227.83
270,3519,1061.09,141.05,1162.47,342.89
270,3514,979.09,148.17,1048.12,339.21
270,3509,216.19,172.34,303.71,371.82
270,3448,375.94,178.43,416.71,284.38
271,3527,427.72,173.84,446.07,224.37
271,3522,445.50,171.21,464.59,228.00
271,3519,1114.80,143.05,1224.59,362.19
271,3514,1024.65,146.54,1103.78,360.21
271,3509,153.65,169.04,259.68,375.32
271,3448,367.53,179.13,410.12,289.02
272,3527,425.00,174.85,444.53,227.24
272,3522,445.28,171.13,464.57,228.92
272,3519,1173.93,152.31,1263.29,364.33
272,3448,357.24,180.43,401.05,295.70
273,3527,422.78,177.08,442.95,232.24
273,3522,444.71,174.89,464.06,232.53
273,3448,345.57,181.53,391.42,303.03
274,3534,383.70,180.69,411.18,252.32
274,3527,421.73,179.36,442.49,236.97
274,3522,443.75,177.95,463.44,235.90
274,3448,331.88,179.63,381.65,309.62
275,3534,371.68,183.05,401.50,256.67
275,3527,421.05,181.21,441.70,239.87
275,3522,442.20,179.30,462.34,238.65
275,3448,319.84,183.55,373.29,319.21
276,3527,419.52,180.04,440.50,241.49
276,3522,440.86,181.96,461.53,241.98
276,3448,304.68,188.41,361.28,330.89
277,3527,418.04,179.26,439.18,242.63
277,3522,438.06,182.26,459.63,243.29
277,3448,287.67,188.85,348.58,340.08
278,3541,637.53,178.75,654.35,231.54
278,3527,416.06,178.43,437.84,243.62
278,3522,436.66,181.38,459.38,244.72
278,3448,263.62,186.41,331.90,348.28
279,3545,489.30,175.96,504.81,209.24
279,3527,410.01,175.31,432.99,244.90
279,3522,434.55,179.53,458.56,246.02
279,3448,236.19,184.05,311.67,359.74
280,3544,530.16,174.84,546.99,204.92
280,3527,406.64,172.48,430.00,245.09
280,3522,431.95,179.02,456.87,247.70
280,3448,205.15,183.36,287.18,367.21
281,3544,532.35,176.58,548.50,205.94
281,3527,403.36,171.20,427.23,246.38
281,3522,428.28,178.36,453.87,249.39
281,3448,167.38,181.52,257.72,370.16
282,3544,533.91,179.89,549.15,206.94
282,3541,657.49,172.45,677.57,236.03
282,3527,400.28,172.21,423.49,248.02
282,3522,424.41,180.54,450.83,253.53
282,3448,116.87,181.17,217.44,371.81
283,3544,535.25,181.57,550.22,210.05
283,3541,664.29,174.33,684.74,240.08
283,3527,393.91,173.36,418.17,253.55
283,3522,419.53,180.48,447.10,256.65
283,3448,58.01,179.43,165.90,372.18
284,3553,483.32,179.28,500.37,222.03
284,3544,536.07,181.49,551.66,210.98
284,3541,669.98,174.22,691.05,242.83
284,3527,387.24,174.78,412.46,258.36
284,3522,414.77,181.09,442.60,260.94
285,3555,335.35,202.57,365.35,276.31
285,3553,482.99,181.01,500.07,223.23
285,3544,536.38,182.15,552.23,209.70
285,3541,676.01,173.99,698.17,245.08
285,3527,380.16,174.49,406.50,262.07
285,3522,408.16,180.62,437.81,265.29
286,3555,321.47,202.90,353.77,282.50
286,3553,483.08,184.83,499.12,224.21
286,3544,537.27,181.40,553.45,209.66
286,3541,682.51,172.47,705.53,246.74
286,3527,371.57,172.65,399.38,265.24
286,3522,400.84,181.24,431.33,270.41
287,3555,305.78,201.19,341.14,288.45
287,3553,481.58,187.11,497.59,225.83
287,3544,536.79,181.57,552.52,210.26
287,3541,689.14,172.36,713.98,250.98
287,3527,360.76,172.63,390.69,270.73
287,3522,392.37,182.58,423.89,275.50
288,3555,286.72,204.87,324.97,298.35
288,3544,536.32,181.48,551.84,210.79
288,3541,696.45,172.48,722.46,255.23
288,3527,348.03,173.89,379.12,278.40
288,3522,380.73,181.83,414.42,281.87
289,3555,263.88,206.34,305.34,307.41
289,3544,538.14,182.25,553.83,211.14
289,3541,703.07,170.82,729.90,257.32
289,3527,333.61,172.71,365.43,282.50
289,3522,366.82,182.03,402.97,289.92
290,3544,538.87,181.46,554.86,210.83
290,3541,710.49,170.42,738.90,261.75
290,3527,316.40,170.25,350.30,286.03
290,3522,350.80,179.08,389.30,295.71
291,3553,470.85,185.43,490.12,233.12
291,3544,539.81,181.17,555.32,210.57
291,3541,717.61,169.36,747.42,265.56
291,3522,332.92,179.56,374.30,304.65
292,3553,466.86,179.36,487.39,231.80
292,3544,539.68,180.20,555.67,210.24
292,3541,725.83,167.37,756.93,268.64
293,3553,462.68,186.04,482.59,236.27
293,3544,540.57,179.73,556.36,210.23
293,3541,736.20,165.86,770.02,274.38
294,3567,497.40,169.80,514.74,221.96
294,3553,455.94,187.88,476.44,239.50
294,3544,537.53,177.82,553.48,209.71
294,3541,745.33,166.41,782.40,282.33
295,3567,494.71,170.92,512.80,224.86
295,3553,450.76,188.92,472.42,242.08
295,3544,539.29,177.97,555.04,209.93
295,3541,761.81,166.98,800.44,289.51
296,3567,492.80,171.84,511.17,225.71
296,3553,446.78,183.75,469.22,241.85
296,3544,541.17,178.45,557.22,210.53
296,3541,778.36,166.22,818.53,296.29
297,3567,491.58,170.35,510.25,225.52
297,3553,439.27,180.06,463.52,244.98
297,3544,542.60,178.34,558.83,210.44
297,3541,795.78,165.67,839.42,306.05
298,3572,762.85,169.15,785.82,215.89
298,3567,488.95,167.68,509.36,228.28
298,3553,431.91,173.86,459.07,247.95
298,3544,545.28,177.98,561.38,210.55
298,3541,817.96,163.80,866.59,317.61
299,3572,769.57,168.44,793.87,218.62
299,3567,484.79,168.01,506.37,233.05
299,3553,421.82,170.81,452.74,253.04
299,3544,546.65,178.15,562.57,210.22
299,3541,841.73,164.69,895.21,330.50
300,3575,531.52,177.10,546.83,213.74
300,3572,776.26,168.74,801.32,220.53
300,3567,479.72,167.03,502.17,237.01
300,3553,410.59,172.87,444.03,260.61
300,3544,547.08,179.09,562.41,210.63
300,3541,871.23,166.58,930.77,347.86
301,3575,530.52,179.35,546.12,216.61
301,3572,783.28,170.78,809.30,223.25
301,3567,473.15,166.43,497.08,241.85
301,3553,395.58,173.23,432.14,267.67
301,3544,543.17,180.10,559.30,213.48
301,3541,903.86,166.75,965.68,359.37
302,3575,527.61,178.96,543.92,218.14
302,3572,789.57,172.15,815.63,226.02
302,3567,465.66,166.23,490.59,247.73
302,3553,380.44,173.65,419.26,272.45
302,3544,542.91,181.24,559.00,216.24
303,3572,796.35,172.22,824.52,228.99
303,3567,456.28,165.35,483.61,254.88
303,3553,366.16,173.29,406.61,278.30
303,3544,540.33,179.69,556.80,217.56
304,3572,803.76,170.32,834.19,230.62
304,3567,446.66,163.10,475.77,260.08
304,3553,346.48,173.14,389.57,286.59
304,3544,538.97,179.52,555.22,219.31
305,3576,517.00,174.64,536.58,222.03
305,3572,811.04,170.16,841.21,231.63
305,3567,434.18,161.59,465.99,266.95
305,3544,538.23,179.06,554.77,220.08
306,3576,514.52,175.10,535.24,224.50
306,3572,820.25,170.46,850.46,233.11
306,3567,418.79,160.02,454.01,274.00
306,3544,536.06,178.78,552.79,220.74
307,3576,511.85,174.47,532.55,224.80
307,3572,830.10,169.74,860.78,234.85
307,3567,402.09,158.78,441.76,281.14
307,3544,533.53,178.47,550.32,219.22
308,3580,173.87,164.79,265.57,355.80
308,3576,509.84,175.04,529.71,225.17
308,3572,841.40,168.52,872.20,235.38
308,3567,377.91,154.32,424.36,290.05
308,3544,530.10,179.77,547.36,221.98
309,3580,100.42,161.63,210.45,372.40
309,3576,507.37,176.76,527.12,227.75
309,3572,852.89,168.51,884.28,238.24
309,3567,348.80,154.97,407.72,308.57
309,3544,528.45,179.29,546.41,224.53
310,3576,506.45,178.24,526.69,229.91
310,3572,864.58,169.42,897.51,242.09
310,3544,525.11,178.63,544.43,227.13
311,3576,503.07,180.61,522.95,232.73
311,3572,879.51,169.50,912.92,245.43
311,3544,521.06,180.00,541.83,230.18
312,3586,460.05,176.97,474.85,215.88
312,3576,499.56,181.30,519.36,234.67
312,3572,893.96,169.08,929.58,250.66
312,3544,517.87,179.43,539.82,231.69
313,3576,496.92,181.91,516.81,236.51
313,3572,911.07,168.20,949.55,254.87
313,3544,515.44,178.93,537.63,233.09
314,3576,494.24,180.29,514.66,237.63
314,3572,927.99,167.07,970.75,259.39
314,3544,512.04,177.69,534.66,234.50
315,3576,490.15,180.39,510.68,238.28
315,3572,946.77,165.79,994.27,263.53
315,3544,508.83,176.06,532.15,234.58
316,3576,486.04,177.70,506.91,237.25
316,3572,968.19,164.26,1020.92,267.72
316,3544,506.45,173.93,530.29,234.51
317,3576,481.44,175.74,503.03,237.22
317,3572,993.77,161.39,1051.27,271.19
317,3544,503.70,170.68,528.80,234.69
318,3593,436.08,166.83,455.91,217.69
318,3576,476.76,178.17,498.57,242.02
318,3572,1023.09,160.49,1085.01,276.37
318,3544,499.08,175.01,524.21,240.43
319,3593,432.24,168.94,451.00,220.09
319,3576,470.25,176.72,493.03,244.47
319,3572,1054.95,160.19,1122.06,283.56
319,3544,493.03,177.08,518.53,244.57
320,3593,427.49,174.34,445.97,224.07
320,3576,464.72,177.32,488.29,248.53
320,3572,1091.87,157.92,1166.19,293.10
320,3544,489.29,178.01,516.24,248.28
321,3593,422.82,171.22,441.73,224.17
321,3576,459.09,177.84,483.50,252.34
321,3572,1135.83,159.14,1215.68,304.29
321,3544,486.19,180.40,513.14,251.50
322,3593,417.47,173.43,438.45,228.28
322,3592,705.15,165.57,726.29,224.88
322,3576,452.05,178.23,477.79,256.62
322,3572,1177.97,136.45,1249.40,296.85
323,3593,410.07,169.12,431.62,227.33
323,3592,712.17,165.25,733.72,226.56
323,3576,447.09,177.07,473.98,259.28
324,3593,404.03,167.05,427.33,229.75
324,3592,716.50,165.50,739.52,229.00
324,3576,441.90,176.75,469.57,262.25
325,3593,397.57,167.52,422.06,233.46
325,3592,722.65,162.70,746.79,229.04
325,3576,434.99,176.77,463.81,266.78
325,3544,468.80,180.41,497.88,261.76
326,3593,390.44,168.91,416.39,237.92
326,3592,728.04,161.53,753.42,231.47
326,3576,428.00,178.37,457.16,272.15
326,3544,462.63,182.00,492.59,268.12
327,3593,382.34,169.10,409.61,239.70
327,3592,734.84,163.70,762.51,237.84
327,3576,419.36,178.64,448.99,277.25
327,3544,456.97,184.43,488.66,274.40
328,3599,853.12,175.38,875.70,227.03
328,3593,371.66,168.65,399.53,242.60
328,3592,742.48,161.63,770.24,237.08
328,3576,410.40,177.77,441.61,282.63
328,3544,450.35,182.64,484.72,279.39
329,3599,862.21,177.47,882.86,228.28
329,3593,360.33,168.69,390.08,246.78
329,3592,750.28,162.50,778.97,242.98
329,3576,400.14,176.12,433.33,286.54
329,3544,442.92,182.06,479.00,284.59
330,3601,723.32,159.13,751.76,246.84
330,3599,869.57,177.03,890.31,228.03
330,3593,349.09,168.47,380.57,248.90
330,3592,758.05,161.89,787.30,245.83
330,3576,386.33,176.29,422.01,293.82
330,3544,432.96,182.86,470.87,291.39
331,3601,728.42,161.46,756.33,247.70
331,3599,877.56,179.25,898.51,231.14
331,3593,336.23,170.55,367.96,252.73
331,3592,767.58,160.75,797.77,248.21
331,3576,371.16,177.45,409.40,301.22
331,3544,417.86,183.29,458.43,298.74
332,3601,734.31,160.43,763.91,250.35
332,3599,883.57,180.24,905.21,234.63
332,3592,774.44,158.96,806.87,250.21
332,3576,353.45,176.80,395.35,309.23
332,3544,403.22,186.48,446.05,309.43
333,3601,738.26,158.44,770.13,255.54
333,3599,890.25,180.86,912.66,237.95
333,3592,783.04,159.69,819.15,255.29
333,3576,335.21,184.28,378.63,322.39
333,3544,381.14,187.61,429.20,318.07
334,3602,932.11,173.81,959.40,239.13
334,3601,745.09,157.42,779.54,261.59
334,3599,897.81,182.18,921.37,243.00
334,3592,792.62,159.91,830.55,260.41
334,3576,315.66,184.81,361.98,331.45
334,3544,362.25,186.27,414.25,325.15
335,3602,940.65,174.29,968.59,241.90
335,3601,753.77,157.26,789.60,265.61
335,3599,906.42,181.84,931.72,247.00
335,3592,803.68,159.13,842.28,264.96
335,3576,292.92,181.98,342.39,337.59
335,3544,342.75,188.49,398.74,335.52
336,3602,951.76,175.36,979.75,245.31
336,3601,763.38,157.13,801.32,271.48
336,3599,914.65,181.35,941.72,251.18
336,3592,816.61,157.54,855.13,267.69
336,3576,265.06,182.21,318.71,348.23
336,3544,316.72,190.49,375.99,347.07
337,3602,958.07,172.64,989.61,248.55
337,3601,771.93,154.81,812.43,276.05
337,3599,925.75,179.73,955.51,254.72
337,3592,831.42,156.52,871.57,274.96
337,3576,235.67,183.84,294.04,360.55
337,3544,291.29,191.37,354.92,357.66
338,3602,971.17,171.41,1003.81,251.38
338,3601,782.69,152.61,825.92,280.54
338,3599,938.17,178.89,970.13,258.45
338,3592,846.50,152.87,888.20,278.47
338,3576,203.71,182.82,265.54,366.43
338,3544,259.45,188.68,328.96,364.83
339,3602,985.52,171.79,1018.69,253.47
339,3601,795.21,151.42,840.82,286.10
339,3599,953.00,180.36,986.65,263.99
339,3592,864.87,151.05,909.42,284.07
339,3544,228.20,183.13,300.30,365.70
340,3602,1003.64,171.60,1036.02,253.52
340,3601,810.05,150.18,858.50,292.66
340,3599,956.59,178.04,988.60,259.79
340,3592,883.33,150.08,930.51,290.78
