1,3402,179.78,95.61,213.02,178.74
1,3401,516.60,112.67,559.63,237.31
1,3400,435.11,92.52,523.54,329.45
1,3399,97.54,98.97,164.05,320.45
1,3398,577.54,83.47,639.74,282.14
1,3397,349.76,80.71,435.72,331.13
1,3396,171.05,98.26,249.47,327.85
2,3403,326.34,133.87,351.34,218.69
2,3402,179.94,95.56,215.97,187.27
2,3401,515.95,112.03,559.44,238.61
2,3400,439.75,93.43,523.95,327.79
2,3399,89.89,98.43,158.52,323.05
2,3398,575.85,84.26,639.43,283.60
2,3397,351.26,78.55,442.98,334.30
2,3396,179.04,97.24,252.82,321.01
3,3403,324.54,126.81,351.33,219.50
3,3402,176.58,103.53,222.94,240.06
3,3401,517.53,112.94,559.33,236.19
3,3400,443.66,93.28,527.07,327.33
3,3399,77.77,96.56,152.52,327.66
3,3398,572.54,85.95,638.47,286.27
3,3397,354.98,78.84,446.85,332.88
3,3396,188.46,96.52,260.01,318.86
4,3402,176.69,102.62,224.05,254.50
4,3401,518.13,113.01,559.90,235.89
4,3400,447.32,92.37,529.09,325.43
4,3399,66.71,94.23,148.53,328.57
4,3398,571.76,86.41,638.43,286.16
4,3397,358.27,79.48,451.70,333.18
4,3396,195.15,92.50,267.25,317.18
5,3402,176.62,99.26,223.77,257.84
5,3401,513.77,113.13,556.55,237.10
5,3400,450.33,91.19,530.00,322.70
5,3399,61.17,95.16,146.29,329.21
5,3398,569.70,85.38,637.82,287.05
5,3397,360.36,80.95,454.32,333.54
5,3396,201.02,90.69,276.12,320.02
6,3402,176.36,97.45,222.05,259.12
6,3401,510.93,111.80,554.61,236.13
6,3400,453.66,90.15,533.28,321.85
6,3399,55.25,96.39,143.27,329.42
6,3398,568.07,84.29,637.55,288.11
6,3397,364.14,82.47,457.91,332.07
6,3396,206.85,90.38,283.46,321.13
7,3402,177.50,95.69,223.05,260.47
7,3400,458.11,88.54,539.47,322.91
7,3399,52.88,97.22,140.41,327.86
7,3398,565.98,84.46,636.45,288.38
7,3397,366.31,82.58,460.84,332.10
7,3396,211.47,90.54,289.65,321.37
8,3402,178.83,94.02,224.13,259.99
8,3400,461.05,88.51,541.93,323.19
8,3399,50.21,98.49,134.28,326.47
8,3398,561.85,85.22,634.95,290.17
8,3397,368.14,82.51,462.43,331.19
8,3396,216.12,90.24,297.35,321.72
9,3402,178.38,93.96,224.24,261.08
9,3400,463.75,87.43,543.39,321.99
9,3399,46.58,98.71,125.65,324.35
9,3398,560.82,86.45,634.49,290.55
9,3397,370.28,82.16,464.48,330.17
9,3396,221.57,91.61,304.32,322.42
10,3402,178.02,93.78,223.85,260.90
10,3400,468.04,86.98,547.09,321.86
10,3399,42.28,100.87,116.06,322.84
10,3398,559.94,86.56,632.26,289.94
10,3397,372.15,81.79,465.65,329.21
10,3396,224.13,92.15,310.72,323.88
11,3404,619.28,172.20,639.77,239.77
11,3402,178.40,93.64,223.46,259.73
11,3400,472.21,86.90,553.25,322.54
11,3399,37.50,101.18,107.03,320.94
11,3398,558.73,86.21,628.17,286.40
11,3397,374.57,81.40,467.02,326.92
11,3396,227.26,93.17,314.91,323.93
12,3402,178.31,93.52,222.93,259.14
12,3400,473.72,87.14,558.10,323.13
12,3399,32.44,102.30,98.99,320.93
12,3398,555.59,88.13,622.99,286.74
12,3397,376.45,81.26,467.55,324.02
12,3396,230.47,93.09,318.37,322.39
13,3402,177.93,93.77,222.40,259.09
13,3400,476.29,87.03,563.23,322.52
13,3399,28.06,102.41,92.52,320.46
13,3398,553.65,88.06,619.18,286.43
13,3397,378.40,81.87,468.55,324.83
13,3396,234.47,92.62,321.32,319.87
14,3405,599.96,98.22,639.11,241.31
14,3402,177.68,93.46,222.01,258.84
14,3400,478.86,87.92,567.43,323.34
14,3399,21.58,101.34,86.51,321.09
14,3398,552.11,87.25,616.14,285.43
14,3397,381.39,81.24,470.87,322.99
14,3396,238.94,92.74,323.25,317.40
15,3405,600.08,101.91,639.39,241.99
15,3402,177.59,93.11,221.95,258.70
15,3400,481.18,88.01,571.38,323.51
15,3399,11.20,100.12,81.31,323.81
15,3398,548.33,86.26,612.12,284.19
15,3397,384.20,81.25,473.19,322.32
15,3396,242.55,90.99,324.02,313.94
16,3405,597.75,103.43,638.55,242.88
16,3402,177.77,92.68,221.93,258.39
16,3400,482.30,88.46,573.34,323.54
16,3399,4.96,95.73,80.25,326.02
16,3398,544.85,86.85,606.50,283.54
16,3397,387.75,81.29,476.38,321.20
16,3396,246.43,90.61,325.17,312.27
17,3405,596.92,103.79,638.24,241.91
17,3402,178.11,92.56,221.91,258.01
17,3400,483.49,88.93,574.15,323.36
17,3399,2.15,96.41,81.52,330.46
17,3398,542.92,86.40,604.56,283.23
17,3397,391.27,83.22,479.00,320.66
17,3396,250.76,90.65,328.08,311.45
18,3405,595.36,104.14,638.34,242.00
18,3402,178.36,92.62,222.02,257.69
18,3400,485.28,89.32,574.81,322.90
18,3399,0.19,98.74,82.10,334.54
18,3398,542.84,87.59,603.52,283.42
18,3397,393.88,85.13,480.72,320.98
18,3396,254.86,90.58,331.27,310.78
19,3405,593.85,103.71,638.41,242.29
19,3402,178.43,93.04,221.60,257.85
19,3400,489.67,88.85,577.96,321.07
19,3399,-1.00,100.29,82.19,333.45
19,3398,543.06,88.83,602.82,283.03
19,3397,397.82,85.35,485.75,320.45
19,3396,257.68,89.38,333.03,309.39
20,3405,591.67,104.71,637.87,243.54
20,3402,178.53,92.99,221.35,257.64
20,3400,494.12,89.13,581.27,319.16
20,3399,-2.10,100.80,80.74,331.96
20,3398,544.03,91.26,600.92,282.76
20,3397,401.61,85.47,490.31,319.13
20,3396,261.90,92.07,339.04,310.79
21,3405,589.76,105.21,637.62,245.24
21,3402,178.47,92.84,220.98,257.35
21,3400,500.73,88.22,587.92,318.33
21,3399,-3.31,100.24,77.53,330.70
21,3397,404.42,86.09,494.04,319.05
21,3396,265.82,94.19,343.78,311.72
22,3405,588.22,105.70,637.56,245.82
22,3402,178.61,92.73,220.95,256.95
22,3400,505.30,86.01,591.97,315.15
22,3399,-4.27,97.82,73.63,328.33
22,3397,406.72,86.53,497.40,318.96
22,3396,268.51,95.22,346.53,311.49
23,3405,585.76,105.59,636.81,246.29
23,3402,178.52,92.49,220.69,256.73
23,3400,507.50,85.67,592.98,314.08
23,3399,-7.69,96.11,62.33,325.07
23,3397,408.14,86.08,499.10,318.24
23,3396,270.60,96.35,348.75,311.17
24,3406,484.05,113.54,515.23,144.94
24,3405,584.15,106.20,636.07,246.52
24,3402,178.61,92.33,220.61,256.36
24,3400,509.30,85.45,594.08,311.78
24,3399,-9.48,87.81,52.02,318.41
24,3397,410.97,86.79,503.20,318.58
24,3396,272.88,97.48,350.13,309.68
25,3406,484.24,112.82,515.46,145.55
25,3405,584.08,106.94,636.33,245.25
25,3402,178.63,92.41,220.42,256.19
25,3400,510.18,86.53,595.85,310.16
25,3399,-11.16,97.61,39.56,323.39
25,3397,413.62,85.93,506.57,318.12
25,3396,275.91,97.53,352.87,307.30
26,3406,484.82,112.86,513.75,144.73
26,3405,584.40,107.28,636.45,244.73
26,3402,178.45,92.30,220.08,256.08
26,3400,512.27,87.43,597.86,309.45
26,3397,417.00,84.75,510.94,317.37
26,3396,279.60,97.10,356.34,306.35
27,3406,484.51,113.20,512.01,144.69
27,3405,583.05,106.76,635.18,243.69
27,3402,178.66,92.33,220.18,256.09
27,3400,515.31,88.66,600.05,309.43
27,3397,423.07,84.31,517.27,316.25
27,3396,285.05,95.67,359.98,304.34
28,3405,582.92,106.68,635.65,243.51
28,3402,178.52,92.64,219.92,256.44
28,3400,517.75,90.79,602.18,311.08
28,3397,427.16,84.82,521.32,316.71
28,3396,292.42,94.59,365.77,302.85
29,3405,582.51,107.27,635.50,243.53
29,3402,178.46,93.53,219.77,256.30
29,3400,519.61,92.68,604.40,312.23
29,3397,430.81,84.56,523.77,316.31
29,3396,300.23,94.75,372.52,302.50
30,3405,584.26,107.65,636.66,243.25
30,3402,178.31,93.54,219.56,256.15
30,3400,525.62,93.14,609.15,312.55
30,3397,434.04,83.68,525.72,314.88
30,3396,305.44,93.90,378.65,301.90
31,3407,503.01,86.72,548.66,285.84
31,3402,178.09,93.90,219.36,256.09
31,3400,530.40,93.22,613.43,313.92
31,3397,436.93,82.95,527.27,313.71
31,3396,308.99,93.29,383.10,301.81
32,3407,504.16,81.96,557.25,284.97
32,3402,177.87,93.63,219.17,255.59
32,3400,536.39,92.73,617.36,314.12
32,3397,441.37,85.41,533.56,314.99
32,3396,313.89,93.71,388.82,302.09
33,3407,502.35,81.36,559.86,285.00
33,3402,177.73,93.29,219.02,255.17
33,3400,540.34,91.73,618.85,313.35
33,3397,442.86,85.41,533.82,313.41
33,3396,318.73,94.56,394.52,302.01
34,3407,498.84,83.99,555.47,285.68
34,3402,177.73,94.24,219.01,255.37
34,3400,544.39,90.92,621.84,312.31
34,3397,446.26,86.33,536.58,311.98
34,3396,322.53,95.11,398.33,302.66
35,3407,497.16,86.84,551.76,284.46
35,3402,177.90,93.96,219.06,255.03
35,3400,547.66,89.32,624.21,310.58
35,3397,450.20,87.68,541.36,312.07
35,3396,323.48,98.09,399.98,302.37
36,3407,495.15,86.73,548.79,278.34
36,3402,177.60,93.56,218.86,254.65
36,3400,552.14,87.57,629.61,309.02
36,3397,453.07,88.43,543.70,310.85
36,3396,325.75,99.91,402.19,302.83
37,3402,177.66,94.07,218.97,254.93
37,3400,555.22,87.34,633.75,308.90
37,3397,454.93,88.85,545.23,309.35
37,3396,330.78,100.67,408.54,303.11
38,3402,177.49,94.19,218.77,254.78
38,3400,557.35,87.33,636.15,309.23
38,3397,457.72,90.05,547.26,309.27
38,3396,335.62,100.12,412.39,301.57
39,3402,177.33,94.79,218.66,254.86
39,3400,560.65,87.89,637.86,310.02
39,3397,459.34,88.87,549.01,309.28
39,3396,339.93,98.75,415.02,301.01
40,3402,176.94,94.50,218.40,254.82
40,3400,562.83,88.43,638.83,310.01
40,3397,462.11,87.59,550.60,308.90
40,3396,343.90,96.62,417.14,297.92
41,3408,443.48,110.24,472.76,226.82
41,3402,176.61,94.11,218.22,254.75
41,3400,564.97,87.07,639.43,308.70
41,3397,464.31,86.44,552.33,308.15
41,3396,347.12,95.30,418.11,296.44
42,3408,442.97,112.84,472.32,233.27
42,3402,176.41,93.05,218.13,254.08
42,3400,566.00,86.12,640.55,307.34
42,3397,466.15,85.12,553.88,306.89
42,3396,349.39,94.07,418.70,296.37
43,3408,442.28,113.31,472.35,238.78
43,3402,176.23,92.88,218.02,253.93
43,3400,568.20,86.70,641.69,307.09
43,3397,465.20,84.38,554.82,305.15
43,3396,351.70,93.76,420.37,295.25
44,3408,441.33,112.90,471.87,241.05
44,3402,176.40,92.56,218.03,254.04
44,3400,570.47,90.08,642.37,308.83
44,3397,464.01,85.69,556.30,305.69
44,3396,355.33,91.97,423.49,294.21
45,3408,439.28,112.13,470.56,242.39
45,3402,176.49,92.26,218.08,254.05
45,3400,573.05,90.80,642.89,308.94
45,3397,467.21,86.62,559.91,307.10
45,3396,362.03,93.99,432.15,295.29
46,3408,437.64,111.43,468.86,242.86
46,3402,176.37,92.07,217.92,253.93
46,3400,575.50,90.80,643.12,308.40
46,3397,475.30,88.21,565.28,306.73
46,3396,365.73,95.89,437.94,296.25
47,3408,436.43,111.04,467.51,244.05
47,3402,176.52,92.20,217.97,254.29
47,3400,576.88,87.86,642.83,306.92
47,3397,483.26,88.20,572.09,306.21
47,3396,368.87,97.13,442.08,296.89
48,3409,454.23,97.39,497.85,273.54
48,3408,434.51,111.52,465.43,245.73
48,3402,176.40,92.81,217.78,254.71
48,3400,579.01,89.55,642.88,307.48
48,3397,488.71,87.53,578.61,305.62
48,3396,371.11,99.13,444.55,298.18
49,3409,453.27,96.86,496.83,272.48
49,3408,432.79,110.20,462.97,244.03
49,3402,176.44,92.48,217.79,254.36
49,3400,581.44,90.23,642.96,306.69
49,3397,491.65,87.49,583.19,305.37
49,3396,373.47,99.58,446.62,298.01
50,3409,447.50,92.95,495.47,275.35
50,3402,176.50,92.01,217.76,254.27
50,3400,584.03,90.28,643.00,305.01
50,3397,493.80,89.04,586.46,306.32
50,3396,375.12,98.98,446.97,296.91
51,3409,445.81,92.23,496.30,276.84
51,3402,176.52,91.72,217.78,253.96
51,3400,587.22,90.12,643.23,303.26
51,3397,496.40,89.30,589.92,305.70
51,3396,377.69,98.55,449.29,296.27
52,3409,445.50,91.81,497.42,275.74
52,3402,176.45,91.83,217.60,253.78
52,3400,588.54,89.83,642.53,302.10
52,3397,498.26,88.78,591.99,306.07
52,3396,382.77,96.88,452.98,293.74
53,3409,445.88,92.02,497.80,274.72
53,3402,176.64,91.75,217.69,253.70
53,3400,590.09,90.13,642.21,301.66
53,3397,501.58,89.21,596.90,305.82
53,3396,388.95,95.80,458.18,292.33
54,3409,444.29,91.37,495.17,274.34
54,3402,176.56,91.73,217.65,253.94
54,3400,591.18,90.22,641.81,301.24
54,3397,503.44,88.35,600.71,305.19
54,3396,396.49,95.13,462.98,290.25
55,3409,444.24,92.10,492.99,274.09
55,3402,176.67,91.66,217.71,253.71
55,3400,591.90,90.46,641.41,300.46
55,3397,505.54,88.55,603.55,304.88
55,3396,401.66,94.23,467.95,290.23
56,3409,445.57,94.45,491.54,274.64
56,3402,176.51,91.80,217.59,253.82
56,3400,593.30,91.19,641.50,300.90
56,3397,508.88,86.87,605.77,302.84
56,3396,406.56,94.55,473.14,290.26
57,3409,446.10,97.44,489.83,274.87
57,3402,176.19,91.59,217.41,253.62
57,3400,595.16,92.02,641.72,300.75
57,3397,513.90,87.45,607.27,302.28
57,3396,410.40,94.86,477.78,289.42
58,3402,176.01,91.90,217.28,253.52
58,3400,601.92,98.05,643.81,303.01
58,3397,520.16,87.45,609.47,301.61
58,3396,411.62,95.78,480.71,290.62
59,3402,176.12,91.96,217.35,253.49
59,3400,606.46,101.62,644.20,303.25
59,3397,525.10,89.73,612.66,304.52
59,3396,411.98,97.20,483.38,289.76
60,3402,175.97,92.31,217.27,253.72
60,3400,608.53,105.60,643.46,302.35
60,3397,528.64,91.37,613.89,304.33
60,3396,412.85,97.01,486.47,289.75
61,3402,176.20,92.30,217.52,253.59
61,3400,611.80,108.51,643.45,300.81
61,3397,531.43,92.23,615.64,303.47
61,3396,417.20,97.94,491.41,289.54
62,3402,176.21,92.54,217.77,254.03
62,3400,614.35,109.41,643.08,296.07
62,3397,535.00,93.51,617.79,302.59
62,3396,422.50,99.25,496.46,289.85
63,3402,175.97,92.50,217.87,254.30
63,3400,617.45,106.40,643.02,279.73
63,3397,539.19,92.89,622.33,302.82
63,3396,427.33,99.88,500.55,288.90
64,3402,175.32,93.08,217.88,254.75
64,3400,618.97,98.63,642.88,243.52
64,3397,542.97,92.53,626.37,302.74
64,3396,430.55,98.90,503.66,287.25
65,3411,394.89,95.16,447.70,275.25
65,3402,174.20,93.32,217.79,254.97
65,3400,621.93,100.13,642.96,226.26
65,3397,545.77,93.03,628.87,303.12
65,3396,432.65,97.78,505.01,284.86
66,3411,396.86,90.15,455.77,277.27
66,3402,174.13,93.22,218.33,254.92
66,3397,548.21,92.32,630.68,301.91
66,3396,435.68,97.59,506.41,284.30
67,3411,396.11,88.87,457.84,277.43
67,3402,174.44,93.70,218.86,255.11
67,3397,550.73,90.19,632.46,298.60
67,3396,439.22,96.88,508.10,283.51
68,3411,393.11,88.51,455.53,276.85
68,3402,174.68,93.45,219.51,254.95
68,3397,551.67,90.77,632.27,298.32
68,3396,441.84,96.26,509.03,282.93
69,3411,390.37,88.76,452.41,276.07
69,3402,175.60,93.26,220.18,254.66
69,3397,554.58,89.39,633.92,296.88
69,3396,444.13,95.85,510.65,283.34
70,3411,387.98,88.89,449.66,275.67
70,3402,176.73,92.94,220.96,254.29
70,3397,557.46,87.65,635.86,294.40
70,3396,447.28,94.93,513.47,282.46
71,3411,385.93,89.96,446.82,275.16
71,3402,177.30,92.71,221.87,254.50
71,3397,559.79,87.33,637.76,293.60
71,3396,450.99,95.00,516.58,282.20
72,3411,383.90,90.61,444.26,274.67
72,3402,178.30,92.53,223.44,254.96
72,3397,563.12,87.40,639.83,292.92
72,3396,454.56,95.80,519.81,282.00
73,3411,382.24,91.70,441.72,273.65
73,3402,178.37,92.12,224.79,254.58
73,3397,565.65,87.70,641.03,293.14
73,3396,456.77,96.63,520.85,282.55
74,3411,380.71,92.51,439.86,273.17
74,3402,178.16,92.27,225.78,254.50
74,3397,567.47,88.17,641.56,293.30
74,3396,459.14,97.43,523.38,282.41
75,3411,378.70,94.00,438.55,273.03
75,3402,177.70,92.29,226.82,254.22
75,3397,569.48,89.75,642.08,294.90
75,3396,462.38,97.91,526.60,282.26
76,3411,375.96,95.08,437.47,273.41
76,3402,177.06,92.02,227.60,254.26
76,3397,569.94,89.79,641.80,293.84
76,3396,464.12,98.32,528.97,281.92
77,3411,373.00,95.39,436.19,273.10
77,3402,176.74,91.71,228.48,254.10
77,3397,571.34,90.06,641.97,293.03
77,3396,466.46,98.21,531.64,281.13
78,3411,368.92,96.61,431.31,272.73
78,3402,177.70,91.58,229.46,254.13
78,3397,574.87,89.52,642.91,289.86
78,3396,469.69,98.16,535.79,281.72
79,3411,367.05,97.45,426.59,272.48
79,3402,178.16,91.14,230.09,253.77
79,3397,577.89,92.37,643.25,291.59
79,3396,474.68,97.73,540.44,281.73
80,3415,553.01,99.06,590.14,214.12
80,3411,365.78,96.72,423.07,270.77
80,3402,178.56,91.23,230.82,253.83
80,3397,580.90,93.10,643.46,291.78
80,3396,480.07,96.79,545.25,280.61
81,3416,405.44,108.12,442.26,240.42
81,3415,550.95,101.09,589.46,207.26
81,3411,364.24,96.02,419.77,269.27
81,3402,179.30,90.27,231.61,253.62
81,3397,583.27,93.83,643.30,291.61
81,3396,484.38,97.24,549.86,280.12
82,3416,402.92,105.46,442.42,242.56
82,3411,362.26,95.60,416.85,268.31
82,3402,179.66,90.08,232.60,253.58
82,3397,586.84,91.93,643.68,289.39
82,3396,487.96,97.88,553.96,279.84
83,3417,562.86,106.33,609.83,278.35
83,3416,401.65,104.69,442.16,243.50
83,3411,360.36,95.19,414.24,267.57
83,3402,179.85,90.95,233.40,254.06
83,3397,588.93,95.62,643.29,291.03
83,3396,490.64,97.88,557.48,279.32
84,3417,560.26,106.66,608.86,277.79
84,3416,400.45,104.09,442.57,244.54
84,3411,358.64,94.46,412.92,266.87
84,3402,179.90,91.54,234.07,254.54
84,3397,591.05,96.90,643.04,290.43
84,3396,493.86,98.07,561.41,278.32
85,3417,559.57,105.20,609.08,276.96
85,3416,399.00,103.88,442.75,245.00
85,3411,356.73,93.83,411.04,265.96
85,3402,180.05,92.04,234.86,254.82
85,3397,593.65,99.48,643.05,289.18
85,3396,496.05,99.18,563.96,278.02
86,3417,559.91,104.43,611.36,276.22
86,3416,397.80,103.85,442.81,244.84
86,3411,354.61,93.81,409.00,264.63
86,3402,180.68,92.16,235.94,254.78
86,3397,599.91,101.55,644.52,286.85
86,3396,498.08,100.29,566.84,277.94
87,3417,556.75,104.88,607.95,274.66
87,3416,397.52,104.15,442.94,244.48
87,3411,351.85,94.26,407.35,264.58
87,3402,181.12,92.23,236.98,254.90
87,3397,605.95,101.59,645.29,283.79
87,3396,498.54,101.17,568.21,277.99
88,3417,554.04,105.82,605.35,275.12
88,3416,396.99,104.51,442.42,244.48
88,3411,349.88,95.07,405.72,266.12
88,3402,181.62,92.13,237.99,255.15
88,3397,610.37,102.42,645.17,281.39
88,3396,499.37,102.22,570.59,278.13
89,3417,552.66,106.71,602.72,273.50
89,3416,396.60,104.47,442.13,244.30
89,3411,347.92,95.09,404.05,267.01
89,3402,181.88,92.12,238.96,255.05
89,3397,613.75,103.34,644.65,278.07
89,3396,501.73,101.87,572.95,277.74
90,3417,554.08,108.70,600.84,270.90
90,3416,396.42,104.67,442.40,244.35
90,3411,342.73,94.74,401.62,268.09
90,3402,183.01,91.27,240.93,254.91
90,3397,616.83,93.69,644.61,246.50
90,3396,510.42,101.01,579.59,277.21
91,3417,556.56,110.52,600.18,268.82
91,3416,396.67,105.07,442.48,244.29
91,3411,336.84,94.51,399.37,268.59
91,3402,183.98,91.38,242.46,254.86
91,3397,619.02,94.50,644.07,227.38
91,3396,516.88,100.13,584.34,276.33
92,3416,395.22,105.28,441.91,244.30
92,3411,332.91,93.65,397.67,268.38
92,3402,184.21,91.77,242.90,255.16
92,3397,620.63,100.14,643.18,216.01
92,3396,522.22,99.35,588.79,274.96
93,3416,392.55,105.47,441.14,244.48
93,3411,328.49,94.47,396.11,268.89
93,3402,184.62,92.01,243.48,255.25
93,3397,623.19,106.08,642.77,209.47
93,3396,524.41,97.91,592.69,273.96
94,3416,390.76,105.64,441.13,244.86
94,3411,325.49,95.29,394.67,268.75
94,3402,185.20,91.89,243.98,254.97
94,3397,626.02,111.26,642.52,203.99
94,3396,523.69,99.10,592.93,274.41
95,3416,387.99,105.91,440.61,245.30
95,3411,323.93,95.76,393.48,268.52
95,3402,185.72,92.24,244.31,255.08
95,3397,627.84,118.36,641.85,201.77
95,3396,522.51,99.71,592.63,273.76
96,3416,387.16,106.14,441.23,245.68
96,3411,323.61,96.06,392.66,268.03
96,3402,185.74,92.38,244.25,254.85
96,3396,521.41,100.50,593.92,273.15
97,3416,388.00,106.34,442.10,245.80
97,3411,322.44,96.15,391.52,267.57
97,3402,185.54,92.25,244.16,254.34
97,3396,533.26,100.81,607.29,273.30
98,3416,387.41,106.73,441.85,246.03
98,3411,321.42,96.15,390.29,267.41
98,3402,185.54,92.15,244.32,253.68
98,3396,540.49,101.12,615.15,273.62
99,3418,510.32,113.54,554.15,271.24
99,3416,387.07,106.36,441.60,245.28
99,3411,321.69,96.20,389.51,267.18
99,3402,185.47,91.96,244.50,252.97
99,3396,544.00,102.00,618.98,273.70
100,3418,508.64,113.36,554.23,271.80
100,3416,386.25,106.42,440.75,245.07
100,3411,321.79,95.21,388.83,266.42
100,3402,185.55,92.16,244.66,252.69
100,3396,545.56,102.65,620.88,273.48
101,3418,506.82,111.61,553.00,269.58
101,3416,385.89,105.71,440.31,244.14
101,3411,320.67,94.50,387.14,265.97
101,3402,185.68,92.01,244.78,252.32
101,3396,547.85,103.04,622.20,273.38
102,3418,503.53,111.59,549.32,268.73
102,3416,385.25,105.89,439.59,244.35
102,3411,318.60,94.36,384.83,265.77
102,3402,185.47,91.52,244.24,252.13
102,3396,549.85,102.75,622.49,273.26
103,3418,500.39,109.86,546.69,267.55
103,3416,385.10,105.79,439.16,244.29
103,3411,315.81,94.13,381.09,264.81
103,3402,185.56,91.49,244.57,252.15
103,3396,555.25,101.45,624.26,272.16
104,3420,534.69,109.34,573.01,252.75
104,3418,496.63,109.92,543.63,267.64
104,3416,384.41,105.74,438.48,244.49
104,3411,313.77,94.69,377.32,265.07
104,3402,185.41,91.49,244.12,252.44
104,3396,560.88,100.59,626.54,270.88
105,3420,536.31,109.13,575.79,252.44
105,3418,491.40,108.67,540.44,267.40
105,3416,383.76,105.47,438.32,244.70
105,3411,311.85,94.11,373.73,264.30
105,3402,185.50,91.37,244.39,252.55
105,3396,566.21,99.98,629.31,270.32
106,3420,534.91,107.98,575.81,251.96
106,3418,483.24,107.75,537.51,268.84
106,3416,383.24,105.27,438.17,244.97
106,3411,310.93,94.72,371.45,264.22
106,3402,185.06,91.14,243.72,252.43
106,3396,572.47,97.98,634.08,268.77
107,3420,532.84,108.10,574.46,251.54
107,3418,476.97,107.47,536.41,269.39
107,3416,383.46,105.08,438.18,245.15
107,3411,310.30,95.11,369.86,263.96
107,3402,184.62,90.87,243.09,251.61
107,3396,577.13,97.50,638.19,268.46
108,3420,527.67,106.35,572.27,253.32
108,3418,469.05,108.06,534.93,270.03
108,3416,383.60,105.16,438.00,245.41
108,3411,309.59,96.86,368.33,264.47
108,3402,184.65,90.87,243.67,252.09
108,3396,580.90,97.54,641.01,267.95
109,3420,525.87,106.36,572.32,253.52
109,3418,462.37,108.61,534.00,270.10
109,3416,383.84,105.25,437.94,245.74
109,3411,308.81,96.38,366.63,263.58
109,3402,184.75,90.58,243.98,252.22
109,3396,583.29,98.20,642.24,268.20
110,3420,523.05,105.67,571.36,254.12
110,3418,458.34,109.47,534.34,270.10
110,3416,384.15,105.31,437.99,246.02
110,3411,307.67,96.52,365.10,264.04
110,3402,184.79,90.46,244.17,252.41
110,3396,585.22,98.11,642.77,267.73
111,3420,519.57,105.44,570.17,254.64
111,3418,456.50,111.35,535.18,270.38
111,3416,384.51,105.64,438.20,246.28
111,3411,306.97,96.04,363.94,264.16
111,3402,185.08,90.19,244.51,252.88
111,3396,587.37,98.10,643.14,267.68
112,3420,516.26,105.79,568.18,254.63
112,3418,455.51,110.60,535.47,269.28
112,3416,384.70,106.00,438.72,246.76
112,3411,305.89,96.53,362.23,264.73
112,3402,184.63,90.18,243.68,252.71
112,3396,589.88,99.56,643.47,268.17
113,3420,514.15,106.00,567.00,254.42
113,3418,454.16,110.18,534.92,268.77
113,3416,384.63,106.26,439.48,246.87
113,3411,304.97,96.66,360.87,264.92
113,3402,184.87,90.24,244.24,252.81
113,3396,592.40,100.29,643.64,268.51
114,3420,510.61,107.36,565.33,256.40
114,3418,452.38,110.20,532.66,268.18
114,3416,385.71,106.72,440.51,247.38
114,3411,304.06,96.30,359.41,264.43
114,3402,185.25,90.61,244.61,253.04
114,3396,595.00,100.53,643.74,268.38
115,3420,508.32,108.30,564.45,257.77
115,3418,450.85,110.29,529.89,268.08
115,3416,386.32,106.96,441.24,247.86
115,3411,303.28,96.41,357.99,264.29
115,3402,185.58,90.70,245.08,253.33
115,3396,597.29,100.65,643.64,268.07
116,3420,506.75,107.62,564.35,256.91
116,3418,449.15,111.31,526.01,268.11
116,3416,387.13,107.16,442.69,248.37
116,3411,302.47,96.20,357.27,263.39
116,3402,185.82,90.50,245.43,253.33
116,3396,599.44,99.27,643.49,265.83
117,3420,505.66,108.25,563.04,256.73
117,3418,445.74,110.65,520.64,266.86
117,3416,387.88,107.61,443.64,248.87
117,3411,302.24,95.90,356.01,262.62
117,3402,186.35,90.70,245.70,253.34
117,3396,602.09,98.00,643.49,264.46
118,3420,505.40,108.38,561.40,256.06
118,3418,441.25,110.27,512.50,265.66
118,3416,388.55,107.67,444.81,248.89
118,3411,301.75,95.41,354.83,261.77
118,3402,186.56,91.23,246.01,253.62
118,3396,604.96,96.47,643.53,263.32
119,3420,504.21,109.02,558.57,255.79
119,3418,438.96,109.84,504.95,264.73
119,3416,389.84,108.16,446.08,248.48
119,3411,301.46,94.75,354.10,261.05
119,3402,187.52,91.61,246.50,253.71
119,3396,607.02,95.87,643.25,262.37
120,3420,503.04,109.22,556.06,255.07
120,3418,435.38,108.71,495.87,262.91
120,3416,391.16,108.75,446.43,248.14
120,3411,301.22,94.25,353.42,260.57
120,3402,188.37,90.58,247.05,252.79
120,3396,608.67,96.70,642.90,262.19
121,3420,501.49,108.63,553.59,253.94
121,3418,434.27,108.72,490.57,262.70
121,3416,392.52,108.69,445.96,247.89
121,3411,300.62,93.89,352.19,260.23
121,3402,189.62,90.23,247.85,252.55
121,3396,610.04,98.49,642.56,262.61
122,3420,500.26,108.20,552.00,254.11
122,3418,433.14,108.83,486.22,262.60
122,3416,393.90,108.55,445.53,247.73
122,3411,300.38,92.52,351.86,258.49
122,3402,190.87,89.85,248.71,252.19
122,3396,612.17,101.02,642.64,263.36
123,3420,498.80,108.27,551.29,254.49
123,3418,430.55,109.72,482.41,263.07
123,3416,395.35,108.63,444.33,248.17
123,3411,299.44,91.88,350.86,257.75
123,3402,191.70,89.83,249.12,252.21
123,3396,614.08,104.66,642.57,264.58
124,3420,496.97,107.91,550.46,254.16
124,3418,426.11,111.18,478.54,264.24
124,3416,395.81,108.93,442.70,249.01
124,3411,298.92,91.97,350.45,257.70
124,3402,192.40,89.70,249.49,251.95
124,3396,617.05,111.36,642.91,266.27
125,3420,495.85,107.60,550.13,253.90
125,3418,423.11,112.60,477.05,264.09
125,3416,396.65,109.28,441.96,250.32
125,3411,297.78,91.83,349.30,257.80
125,3402,192.84,89.78,249.63,252.16
125,3396,619.95,118.41,643.10,267.92
126,3420,492.95,107.31,547.79,253.71
126,3418,419.13,113.49,476.41,263.97
126,3416,397.22,109.36,442.40,251.34
126,3411,296.81,91.67,348.34,257.69
126,3402,193.47,89.61,250.10,251.75
126,3396,622.98,122.97,643.26,267.10
127,3420,490.04,108.32,545.19,254.30
127,3418,411.16,112.52,472.79,263.97
127,3416,397.66,110.26,441.88,252.33
127,3411,296.00,92.08,347.79,258.12
127,3402,193.66,89.63,250.08,251.50
127,3396,624.93,126.51,642.90,264.86
128,3420,487.76,109.34,543.25,254.39
128,3418,407.69,112.09,472.66,264.02
128,3416,398.03,109.71,442.02,250.55
128,3411,294.56,92.36,347.01,258.32
128,3402,193.56,89.42,249.93,250.94
128,3396,625.77,129.81,642.18,263.12
129,3420,485.29,109.65,541.64,254.50
129,3418,404.96,111.73,472.59,263.84
129,3411,290.44,91.95,345.69,257.88
129,3402,193.40,89.75,249.62,250.95
130,3420,482.75,110.03,539.51,254.68
130,3418,403.69,115.38,471.51,265.38
130,3411,285.73,92.18,344.30,257.91
130,3402,193.59,90.41,249.55,251.03
131,3420,480.15,111.00,537.88,255.70
131,3418,402.17,112.31,469.37,263.88
131,3411,281.07,92.45,343.32,257.69
131,3402,193.63,90.38,249.23,250.46
132,3420,475.74,111.13,534.92,256.05
132,3418,400.65,111.22,465.89,263.15
132,3411,278.82,93.07,342.97,257.36
132,3402,193.79,90.75,249.10,250.13
133,3420,471.57,110.55,532.38,255.53
133,3418,398.12,110.07,461.33,262.57
133,3411,277.43,93.40,342.96,256.94
133,3402,193.68,90.26,248.74,249.44
134,3420,469.01,110.33,530.59,255.36
134,3418,396.52,109.93,456.41,262.49
134,3411,276.15,94.08,341.54,257.85
134,3402,193.53,90.25,248.18,249.10
135,3420,467.53,110.16,528.33,254.92
135,3418,396.10,108.83,453.93,261.55
135,3411,274.18,94.17,339.54,257.18
135,3402,193.33,89.99,247.60,248.75
136,3420,466.66,109.95,526.84,254.93
136,3418,395.66,107.96,453.38,260.55
136,3411,272.82,94.53,337.87,256.97
136,3402,193.07,89.69,247.23,248.46
137,3421,-3.33,126.89,58.22,272.47
137,3420,464.50,109.93,523.78,254.96
137,3418,394.53,107.89,452.49,260.68
137,3411,271.51,94.75,336.55,256.87
137,3402,192.84,89.56,246.90,248.24
138,3421,-2.91,121.80,58.51,277.92
138,3420,463.60,109.41,522.20,254.85
138,3418,392.48,108.04,451.96,259.67
138,3411,271.00,95.03,335.64,256.79
138,3402,192.45,89.60,246.24,248.33
139,3421,-2.11,119.05,57.80,279.89
139,3420,461.69,109.19,518.91,254.54
139,3418,388.04,108.61,450.97,259.83
139,3411,271.14,95.10,335.11,256.62
139,3402,192.02,89.64,245.71,248.25
140,3421,0.56,111.78,56.25,267.28
140,3420,461.16,109.57,516.24,254.33
140,3418,389.20,108.33,452.22,258.98
140,3411,271.34,94.75,335.12,256.29
140,3402,191.35,89.92,244.76,248.39
141,3421,5.18,110.75,55.93,264.61
141,3420,460.99,110.26,514.20,254.70
141,3418,378.54,108.96,446.55,260.43
141,3411,271.03,95.11,334.62,256.50
141,3402,190.39,90.03,243.64,248.42
142,3421,10.23,113.77,58.15,270.09
142,3420,460.17,111.71,511.63,255.63
142,3418,370.38,110.64,439.83,260.95
142,3411,270.40,94.25,333.69,256.13
142,3402,189.55,90.09,242.92,248.59
143,3421,14.31,116.17,61.28,277.51
143,3420,460.76,112.47,512.64,255.27
143,3418,365.83,111.70,435.65,260.94
143,3411,268.53,93.86,331.50,256.00
143,3402,188.32,90.09,241.88,248.50
144,3422,413.14,111.07,453.20,258.42
144,3421,18.52,115.24,66.72,280.82
144,3420,459.67,112.89,511.42,255.07
144,3418,363.27,112.42,431.97,260.98
144,3411,266.33,93.19,328.87,255.55
144,3402,187.47,90.05,241.04,248.46
145,3422,409.70,110.08,452.94,261.02
145,3421,24.33,114.20,78.24,285.74
145,3420,459.25,113.36,510.63,255.62
145,3418,361.56,113.29,428.25,260.84
145,3411,264.62,92.92,326.67,255.04
145,3402,186.97,90.70,240.57,248.72
146,3422,409.61,110.69,453.94,262.22
146,3421,29.27,113.81,88.40,287.37
146,3420,459.61,113.98,511.20,256.29
146,3418,360.72,113.96,426.55,260.64
146,3411,263.59,92.25,325.18,254.51
146,3402,186.46,91.00,240.06,248.58
147,3422,409.68,109.81,455.22,262.15
147,3421,30.86,113.28,95.68,289.38
147,3420,459.33,114.41,511.16,256.80
147,3418,360.74,114.29,426.00,260.38
147,3411,262.43,91.54,322.94,253.91
147,3402,186.05,90.78,239.59,248.53
148,3422,409.36,109.12,456.23,262.19
148,3421,31.69,113.14,102.20,291.42
148,3420,458.06,114.70,510.05,257.01
148,3418,360.13,114.26,424.48,259.72
148,3411,260.96,91.65,320.26,254.00
148,3402,185.72,90.23,239.18,248.38
149,3422,408.47,110.61,456.49,262.56
149,3421,31.06,113.05,106.22,292.86
149,3420,456.96,115.17,509.49,258.10
149,3418,360.05,113.91,424.16,259.47
149,3411,260.32,91.53,318.42,253.94
149,3402,185.58,90.47,238.96,248.71
150,3422,407.63,111.05,456.56,261.68
150,3421,30.43,112.82,109.16,293.31
150,3420,455.74,114.25,508.14,257.80
150,3418,358.55,113.13,421.41,258.59
150,3411,259.83,91.64,316.77,253.81
150,3402,185.56,89.22,238.85,248.33
151,3422,406.90,111.08,456.46,261.17
151,3421,30.90,112.57,111.68,292.81
151,3420,454.99,113.10,506.92,256.96
151,3418,356.37,112.15,416.65,257.59
151,3411,259.52,91.65,315.12,253.62
151,3402,185.49,89.29,238.78,248.47
152,3422,407.09,111.20,456.42,260.71
152,3421,31.65,112.36,113.33,292.28
152,3420,453.94,111.98,505.16,256.76
152,3418,353.72,111.87,411.48,257.52
152,3411,259.15,91.95,313.62,253.53
152,3402,185.36,89.40,238.68,248.65
153,3422,408.01,111.37,456.42,259.61
153,3421,36.93,112.15,115.64,291.03
153,3420,452.70,111.33,503.43,256.96
153,3418,352.46,111.19,407.45,256.95
153,3411,258.79,92.01,312.54,253.62
153,3402,185.33,89.17,238.67,248.72
154,3422,408.30,112.01,455.35,258.61
154,3421,43.06,112.02,117.66,289.72
154,3420,451.86,110.36,503.21,257.38
154,3418,351.44,111.38,404.30,256.41
154,3411,258.58,92.22,311.86,253.62
154,3402,185.23,89.41,238.56,248.69
155,3422,408.53,112.03,454.99,257.76
155,3421,52.06,111.54,121.67,288.42
155,3420,451.17,110.02,502.69,257.93
155,3418,349.71,112.67,400.92,256.51
155,3411,258.42,92.52,311.42,253.73
155,3402,185.08,89.59,238.53,248.72
156,3422,407.99,112.26,454.32,257.42
156,3421,61.68,110.86,126.77,287.05
156,3420,450.17,109.70,501.89,258.14
156,3418,348.04,113.18,397.75,256.15
156,3411,258.42,92.77,311.06,253.85
156,3402,185.21,88.83,238.69,248.50
157,3422,407.58,112.73,453.72,257.89
157,3421,69.45,111.04,130.58,286.16
157,3420,449.05,110.68,501.34,258.51
157,3418,347.38,112.53,395.94,254.58
157,3411,258.36,93.46,310.69,254.27
157,3402,185.33,89.34,238.81,248.90
158,3422,406.44,113.22,452.87,258.63
158,3421,75.85,111.58,134.14,285.90
158,3420,448.33,111.35,499.75,259.93
158,3418,346.35,113.30,394.12,255.24
158,3411,258.15,93.65,310.04,254.37
158,3402,185.55,89.28,238.96,248.71
159,3422,404.84,113.30,451.44,258.39
159,3421,81.64,112.00,139.50,285.70
159,3420,447.87,111.38,500.00,260.05
159,3418,344.45,113.28,392.16,254.80
159,3411,258.12,93.53,309.50,254.04
159,3402,185.74,89.94,239.04,249.14
160,3422,403.26,114.11,450.13,259.34
160,3421,87.08,112.33,145.73,285.43
160,3420,447.06,111.81,499.51,260.63
160,3418,342.62,113.31,390.18,254.64
160,3411,258.13,93.21,309.06,253.76
160,3402,186.01,90.29,239.21,249.40
161,3422,401.19,115.23,449.19,260.18
161,3421,93.02,113.04,156.31,285.79
161,3420,445.96,112.11,499.24,260.55
161,3418,341.64,113.42,388.37,255.07
161,3411,258.52,92.93,308.76,253.55
161,3402,186.21,89.76,239.32,249.14
162,3422,399.60,115.68,448.66,260.61
162,3421,95.54,113.47,163.92,285.94
162,3420,443.40,112.10,496.67,260.53
162,3418,341.07,113.78,387.40,255.37
162,3411,259.03,92.77,308.65,253.13
162,3402,186.16,90.58,239.28,249.55
163,3422,399.13,115.87,450.16,261.09
163,3421,96.64,114.51,171.35,286.32
163,3420,440.16,111.55,493.81,260.56
163,3418,340.19,114.20,386.30,255.57
163,3411,259.61,92.60,308.61,252.78
163,3402,186.26,90.55,239.40,249.38
164,3422,398.44,116.06,451.08,261.84
164,3421,95.45,114.03,175.31,286.43
164,3420,437.20,110.63,491.87,260.93
164,3418,338.62,114.36,385.42,255.47
164,3411,259.62,92.16,308.37,252.62
164,3402,186.40,89.95,239.51,248.76
165,3422,397.45,115.31,451.71,262.31
165,3421,94.04,114.08,177.74,286.41
165,3420,435.45,109.86,491.89,261.23
165,3418,337.29,114.27,384.44,255.39
165,3411,259.62,91.22,308.32,251.98
165,3402,186.41,89.59,239.60,248.87
166,3422,395.75,114.38,451.11,262.29
166,3421,94.00,114.06,180.27,286.12
166,3420,433.85,108.96,491.25,261.22
166,3418,336.35,113.96,383.45,255.37
166,3411,259.58,90.37,308.28,251.04
166,3402,186.22,90.55,239.51,249.07
167,3422,393.11,113.32,447.54,261.72
167,3421,96.01,112.83,183.56,285.26
167,3420,432.87,107.74,490.91,260.32
167,3418,334.37,113.45,381.56,255.02
167,3411,259.70,89.72,308.14,249.90
167,3402,186.25,89.51,239.59,248.56
168,3422,390.30,112.05,443.29,261.19
168,3421,99.69,111.87,186.34,284.48
168,3420,431.83,107.11,490.32,260.20
168,3418,332.81,111.64,380.15,252.72
168,3411,259.51,88.96,307.92,248.86
168,3402,186.24,89.66,239.65,248.75
169,3422,387.94,110.40,439.92,259.31
169,3421,104.07,110.27,188.53,283.04
169,3420,430.67,107.32,489.19,260.44
169,3418,331.58,110.91,378.51,251.14
169,3411,259.20,88.35,307.44,247.78
169,3402,186.17,90.06,239.61,249.00
170,3422,385.74,110.27,437.05,259.68
170,3421,109.45,108.96,190.85,281.61
170,3420,429.34,107.69,488.36,261.32
170,3418,330.26,110.45,376.83,250.37
170,3411,259.12,88.19,307.29,247.48
170,3402,186.14,90.63,239.64,249.22
171,3422,384.23,109.77,434.83,258.85
171,3421,115.02,107.47,192.18,279.94
171,3420,427.11,108.53,486.33,262.94
171,3418,329.01,110.17,375.77,250.15
171,3411,258.85,88.27,306.97,247.72
171,3402,186.59,90.13,239.89,248.92
172,3422,382.90,109.75,432.89,258.34
172,3421,123.62,107.51,193.89,279.36
172,3420,426.26,108.94,485.37,263.46
172,3418,328.06,109.78,374.90,249.67
172,3411,258.54,88.43,306.80,247.74
172,3402,186.66,90.55,239.86,248.91
173,3422,382.34,110.69,431.58,258.97
173,3421,130.88,105.20,195.96,277.61
173,3420,426.04,109.68,484.82,263.96
173,3418,326.99,109.30,374.01,249.22
173,3411,258.20,88.66,306.49,248.17
173,3402,186.64,90.49,239.87,248.68
174,3422,381.88,111.34,429.89,259.63
174,3421,137.73,101.82,198.60,275.87
174,3420,425.09,110.05,483.89,264.64
174,3418,326.42,108.91,373.60,248.92
174,3411,257.37,88.47,305.84,248.35
174,3402,186.67,90.44,239.91,247.95
175,3422,380.22,112.91,428.20,261.39
175,3421,142.81,104.00,200.53,277.52
175,3420,424.93,110.75,483.30,265.31
175,3418,324.27,108.54,371.74,248.71
175,3411,257.04,89.03,305.26,249.88
175,3402,187.51,90.00,240.13,247.93
176,3422,378.60,113.46,426.61,262.02
176,3421,146.97,105.96,204.14,278.30
176,3420,423.75,111.52,480.91,266.14
176,3418,321.95,108.07,370.34,248.81
176,3411,256.58,88.53,304.79,249.33
176,3402,188.41,89.85,240.37,247.23
177,3422,377.76,113.69,425.73,262.58
177,3421,150.02,107.67,208.22,278.65
177,3420,422.59,110.97,479.43,266.68
177,3418,319.36,107.47,369.10,248.54
177,3411,256.72,88.48,304.43,249.05
177,3402,190.80,90.38,241.10,247.21
178,3422,376.12,114.63,424.33,263.51
178,3421,151.14,110.96,211.68,279.47
178,3420,420.35,110.59,476.43,267.08
178,3418,317.04,108.54,367.94,248.80
178,3411,256.63,88.32,303.77,248.78
178,3402,192.87,90.24,241.29,247.29
179,3422,374.08,114.40,422.05,263.10
179,3421,151.45,113.21,215.13,278.96
179,3420,419.44,109.86,474.86,267.40
179,3418,315.81,108.66,366.99,248.40
179,3411,256.67,88.84,303.50,248.88
179,3402,195.19,90.89,241.62,248.37
