1,4575,506.00,115.00,562.88,244.07
1,4574,557.00,82.00,643.67,278.67
1,4573,84.00,104.00,178.55,318.55
1,4572,172.00,82.00,276.00,318.00
1,4571,332.00,82.00,436.00,318.00
1,4570,428.00,98.00,532.00,334.00
2,4575,506.00,115.00,562.88,244.07
2,4574,563.00,87.99,643.00,269.55
2,4573,69.00,104.00,163.55,318.55
2,4572,172.00,82.00,276.00,318.00
2,4571,332.00,82.00,436.00,318.00
2,4570,428.00,98.00,532.00,334.00
3,4577,323.00,157.00,349.00,216.00
3,4576,375.00,104.00,469.55,318.55
3,4575,509.50,120.04,562.32,239.90
3,4574,558.36,84.19,642.94,276.11
3,4573,68.12,104.00,162.67,318.55
3,4572,172.00,82.00,276.00,318.00
3,4571,343.72,87.41,439.86,305.57
3,4570,428.00,98.00,532.00,334.00
4,4575,500.54,117.19,555.60,242.13
4,4574,557.13,82.77,643.20,278.09
4,4573,74.54,117.97,163.54,319.93
4,4572,182.33,86.39,279.69,307.30
4,4571,349.47,85.02,449.95,313.03
4,4570,428.00,98.00,532.00,334.00
5,4575,504.28,108.97,560.31,236.10
5,4574,556.75,82.13,643.43,278.82
5,4573,65.84,122.61,152.46,319.18
5,4572,185.54,88.83,280.03,303.26
5,4571,350.33,83.64,452.68,315.89
5,4570,442.03,89.15,540.25,312.04
6,4574,556.64,81.82,643.58,279.12
6,4573,63.39,124.25,148.94,318.38
6,4572,189.56,86.71,288.21,310.55
6,4571,346.36,88.81,454.19,333.49
6,4570,446.84,98.90,542.16,315.20
7,4578,158.25,77.74,235.19,252.32
7,4576,390.66,97.06,491.19,325.20
7,4574,556.61,81.66,643.68,279.23
7,4573,47.11,113.61,136.33,316.08
7,4572,190.32,85.06,291.22,314.01
7,4571,347.76,83.17,454.37,325.08
7,4570,448.53,102.99,542.34,315.86
8,4578,167.00,91.76,233.00,241.53
8,4576,405.41,97.92,508.71,332.33
8,4574,546.85,81.59,633.97,279.27
8,4573,41.19,108.86,132.53,316.13
8,4572,197.42,96.75,295.23,318.70
8,4571,355.46,94.13,457.06,324.70
8,4570,447.97,91.70,545.61,313.27
9,4578,162.49,85.32,233.47,246.39
9,4574,543.39,81.57,630.52,279.26
9,4573,36.03,107.07,125.21,309.43
9,4572,200.21,101.82,296.12,319.47
9,4571,362.71,87.18,465.24,319.85
9,4570,447.16,86.64,547.12,313.48
10,4578,168.46,85.07,239.15,245.47
10,4574,542.23,81.57,629.34,279.24
10,4573,27.56,106.67,118.68,313.45
10,4572,198.19,122.72,289.75,330.48
10,4571,365.08,84.31,468.20,318.30
10,4570,446.44,84.19,547.86,314.35
11,4578,169.81,92.96,234.82,240.46
11,4574,541.90,81.58,629.00,279.21
11,4573,24.40,95.86,116.78,305.48
11,4571,365.72,83.05,469.21,317.89
11,4570,447.59,77.89,553.26,317.69
12,4581,229.69,125.14,309.99,307.36
12,4578,163.95,86.66,233.87,245.32
12,4574,541.87,81.59,628.94,279.18
12,4573,15.87,100.37,112.84,320.41
12,4571,371.70,83.95,471.92,311.38
12,4570,456.26,79.13,561.55,318.07
13,4581,231.17,112.18,318.98,311.44
13,4578,161.15,82.94,234.13,248.54
13,4574,541.94,81.62,628.99,279.14
13,4573,10.23,101.55,106.63,320.30
13,4571,374.32,85.47,472.29,307.78
13,4570,459.46,79.82,564.49,318.13
14,4582,409.68,120.05,496.66,317.42
14,4581,236.16,108.32,323.07,305.53
14,4578,159.69,80.60,234.66,250.73
14,4574,537.67,83.24,622.37,275.44
14,4573,-0.11,101.43,99.33,327.08
14,4571,375.52,86.85,471.94,305.65
14,4570,460.43,91.42,561.98,321.87
15,4581,237.78,107.38,324.22,303.53
15,4578,165.79,83.75,232.22,234.48
15,4574,532.28,83.14,617.63,276.82
15,4573,-4.22,100.39,97.24,330.63
15,4571,380.83,86.54,479.58,310.63
15,4570,461.26,97.13,560.36,322.01
16,4584,476.81,87.10,579.90,321.03
16,4581,238.25,107.30,324.45,302.92
16,4578,169.66,88.53,229.73,224.85
16,4574,530.21,82.86,616.02,277.58
16,4573,2.51,99.81,102.14,325.90
16,4571,382.35,85.61,482.71,313.34
16,4570,451.52,99.63,552.13,327.95
17,4584,472.96,78.21,579.26,319.42
17,4581,244.04,96.49,333.69,299.94
17,4578,168.62,90.31,229.98,229.55
17,4574,533.61,75.51,617.53,265.94
17,4573,-13.32,99.81,88.16,330.09
17,4571,382.55,84.68,484.03,314.95
17,4570,447.53,100.02,549.20,330.74
18,4584,472.03,75.59,579.58,319.65
18,4581,245.61,91.70,337.39,299.95
18,4578,167.98,90.47,230.31,231.91
18,4574,535.29,82.02,617.85,269.37
18,4573,-19.41,99.17,83.32,332.30
18,4571,382.34,83.92,484.60,315.97
18,4570,437.04,100.17,536.36,325.56
19,4587,584.50,106.01,642.49,237.60
19,4584,483.42,75.04,591.41,320.10
19,4581,248.72,99.72,338.73,303.97
19,4578,167.55,90.12,230.62,233.25
19,4573,-22.00,98.80,78.58,327.05
19,4571,382.03,83.34,484.84,316.64
19,4570,433.46,101.12,531.09,322.68
20,4587,584.01,105.06,643.00,238.93
20,4584,487.62,75.22,595.68,320.43
20,4581,247.15,103.30,338.98,311.69
20,4578,170.54,91.63,228.87,223.99
20,4573,-23.16,108.13,73.49,327.45
20,4571,381.73,82.91,484.94,317.10
20,4570,420.20,101.70,519.73,327.55
21,4584,489.23,75.63,597.19,320.61
21,4581,253.62,96.84,339.59,291.92
21,4578,172.53,94.16,227.35,218.57
21,4573,-22.71,113.28,71.02,325.98
21,4571,391.96,82.60,495.44,317.42
21,4570,425.40,101.21,526.26,330.08
22,4584,489.90,76.11,597.66,320.65
22,4581,258.76,93.91,347.70,295.72
22,4578,170.38,94.10,228.38,225.72
22,4571,395.71,82.38,499.38,317.64
23,4584,490.22,76.58,597.76,320.62
23,4581,260.15,91.90,351.08,298.23
23,4578,169.05,92.94,229.28,229.61
23,4571,396.99,82.22,500.81,317.80
24,4587,548.95,112.24,626.05,287.19
24,4584,497.62,78.39,601.54,314.21
24,4581,262.31,100.21,351.90,303.50
24,4578,168.18,91.68,229.98,231.93
24,4571,407.82,82.11,511.73,317.91
25,4587,565.19,108.98,635.03,267.48
25,4584,500.99,80.53,602.33,310.51
25,4581,271.08,94.26,362.39,301.46
25,4578,167.57,90.58,230.53,233.44
25,4571,411.81,82.03,515.79,317.99
26,4587,546.67,111.96,628.51,297.68
26,4584,502.65,82.41,602.15,308.22
26,4581,274.02,91.43,366.52,301.33
26,4578,167.13,89.70,230.94,234.49
26,4571,413.19,81.98,517.22,318.04
27,4584,507.01,82.62,608.50,312.93
27,4581,276.13,99.46,366.92,305.48
27,4578,166.81,89.02,231.25,235.24
27,4571,413.59,81.94,517.65,318.08
28,4584,508.32,82.09,611.14,315.42
28,4581,284.98,93.73,377.06,302.70
28,4578,166.57,88.49,231.48,235.80
28,4571,413.62,81.92,517.71,318.10
29,4584,508.56,81.50,612.28,316.86
29,4581,288.63,100.52,379.14,305.91
29,4578,166.38,88.08,231.67,236.23
29,4571,413.53,81.90,517.63,318.12
30,4584,508.47,81.02,612.79,317.73
30,4581,289.52,94.33,381.38,302.77
30,4578,166.24,94.30,231.81,243.09
30,4571,413.41,81.89,517.51,318.13
31,4584,508.31,80.68,613.02,318.29
31,4581,298.31,93.06,385.14,290.08
31,4578,166.13,96.52,231.92,245.82
31,4571,406.33,92.36,507.70,322.39
32,4584,518.64,80.46,623.60,318.65
32,4581,302.72,102.41,389.41,299.12
32,4578,162.74,88.56,232.66,247.22
33,4599,429.53,86.96,529.14,313.00
33,4584,522.47,80.33,627.59,318.88
33,4581,304.29,106.03,390.89,302.53
33,4578,164.02,86.00,233.03,242.59
34,4599,428.28,84.49,530.64,316.79
34,4584,523.83,80.26,629.05,319.03
34,4581,311.69,114.79,394.60,302.93
34,4578,164.66,91.91,233.01,247.00
35,4601,445.09,77.08,550.79,316.93
35,4599,415.90,71.26,519.56,306.50
35,4584,529.79,81.03,632.21,313.46
35,4581,316.08,112.19,397.91,297.86
35,4578,165.02,94.39,232.90,248.43
36,4601,443.30,84.23,543.28,311.10
36,4599,414.99,91.31,514.65,317.46
36,4584,532.48,82.49,632.84,310.22
36,4581,318.96,111.61,402.06,300.17
36,4578,165.23,95.49,232.78,248.78
37,4601,443.73,87.58,540.72,307.68
37,4584,533.79,83.90,632.62,308.18
37,4581,319.71,110.89,403.72,301.54
37,4578,168.19,90.40,231.13,233.21
38,4601,444.49,89.25,539.85,305.66
38,4584,534.49,85.08,632.20,306.82
38,4581,326.38,110.21,409.05,297.81
38,4578,163.96,87.14,231.93,241.38
39,4601,445.16,90.10,539.61,304.44
39,4584,539.78,85.12,639.59,311.62
39,4581,329.02,102.64,410.72,288.02
39,4578,161.59,84.18,233.01,246.23
40,4603,476.00,104.00,570.54,318.55
40,4601,445.67,90.53,539.61,303.70
40,4584,545.59,85.18,644.03,308.56
40,4581,331.89,99.54,414.90,287.91
40,4578,160.15,81.81,233.97,249.32
41,4603,465.34,92.57,559.88,307.12
41,4601,436.54,100.89,530.20,313.43
41,4584,547.96,85.78,645.38,306.86
41,4581,339.30,98.47,421.26,284.47
41,4578,159.21,80.01,234.73,251.39
42,4603,470.40,119.74,555.18,312.13
42,4601,452.49,90.42,538.43,285.46
42,4584,548.96,86.43,645.63,305.82
42,4581,343.99,97.91,427.20,286.73
42,4578,158.57,78.68,235.31,252.82
43,4603,484.36,113.71,568.82,305.35
43,4601,459.65,94.89,544.76,288.01
43,4584,545.15,86.14,644.17,310.85
43,4581,345.43,97.25,429.54,288.10
43,4578,163.74,79.62,234.04,239.16
44,4603,470.83,100.34,558.88,300.16
44,4601,443.61,85.94,531.27,284.88
44,4584,547.45,85.95,645.30,308.00
44,4581,345.70,96.68,430.45,289.00
44,4578,161.16,80.49,234.20,246.24
45,4603,465.45,94.46,555.76,299.40
45,4601,437.23,81.68,526.66,284.62
45,4584,552.24,95.45,647.01,310.51
45,4581,345.56,96.23,430.79,289.62
45,4578,159.73,79.82,234.70,249.95
46,4613,498.64,107.19,586.91,307.50
46,4603,463.23,91.68,554.99,299.92
46,4584,554.55,100.33,647.03,310.18
46,4581,354.46,95.90,440.03,290.06
46,4578,158.87,78.84,235.21,252.09
47,4613,521.12,108.03,607.87,304.89
47,4603,471.66,90.26,564.39,300.68
47,4584,561.78,103.74,654.85,314.94
47,4581,357.66,95.65,443.48,290.38
47,4578,158.31,77.94,235.65,253.43
48,4613,511.22,107.52,601.36,312.08
48,4603,474.72,89.48,568.08,301.36
48,4584,560.75,94.10,657.17,312.91
48,4581,367.20,95.48,453.20,290.62
48,4578,157.94,77.21,235.98,254.32
49,4613,507.36,106.46,599.45,315.45
49,4603,475.77,89.03,569.57,301.90
49,4601,432.00,87.82,526.37,301.99
49,4584,565.75,99.07,659.47,311.76
49,4581,370.66,95.35,456.80,290.80
49,4578,163.20,78.37,234.63,240.46
50,4613,505.77,105.53,599.03,317.16
50,4603,476.09,88.77,570.19,302.31
50,4601,426.41,90.77,515.98,294.03
50,4584,565.58,92.93,659.56,306.19
50,4581,371.81,95.27,458.05,290.94
50,4578,163.87,81.31,234.16,240.80
51,4613,495.52,94.58,589.49,307.84
51,4603,466.92,98.51,561.22,312.52
51,4601,425.19,93.73,511.30,289.14
51,4584,546.47,90.50,640.62,304.17
51,4581,380.59,95.21,466.89,291.05
51,4578,167.03,83.53,232.35,231.76
52,4613,491.72,90.37,586.14,304.63
52,4603,463.43,102.15,557.87,316.46
52,4601,426.36,89.31,508.25,275.15
52,4584,558.07,89.52,652.36,303.48
52,4581,383.77,95.16,470.13,291.13
52,4578,163.19,83.79,232.78,241.70
53,4613,480.29,98.80,574.98,313.68
53,4603,444.38,94.57,536.35,303.29
53,4601,415.97,86.88,498.70,274.61
53,4584,562.43,89.11,656.81,303.29
53,4581,384.83,95.14,471.23,291.19
53,4578,166.90,84.79,231.69,231.83
54,4603,437.66,92.67,527.86,297.35
54,4601,411.97,85.64,495.32,274.77
54,4581,385.09,95.12,471.52,291.24
54,4578,169.25,87.34,230.33,225.94
55,4621,504.33,89.63,598.87,304.18
55,4603,436.34,93.32,523.20,290.43
55,4581,394.20,95.11,480.65,291.28
55,4578,164.65,86.69,231.38,238.11
56,4621,504.50,89.47,599.04,304.02
56,4603,426.54,102.77,513.06,299.09
56,4581,397.53,95.10,484.00,291.32
56,4578,162.06,84.54,232.62,244.65
57,4621,504.62,79.00,599.16,293.55
57,4603,423.01,106.49,509.28,302.28
57,4581,398.65,95.09,485.14,291.35
57,4578,160.47,82.35,233.70,248.51
58,4621,504.70,85.51,599.24,300.06
58,4603,421.83,90.96,507.96,286.39
58,4581,398.95,95.09,485.44,291.37
58,4578,159.44,80.52,234.55,250.96
59,4621,512.18,89.90,603.12,296.27
59,4603,421.54,85.14,507.56,280.34
59,4581,398.94,95.09,485.44,291.39
59,4578,158.73,79.10,235.19,252.59
60,4621,518.38,90.65,610.53,299.79
60,4603,421.56,100.02,507.52,295.08
60,4581,398.82,95.09,485.34,291.41
60,4578,163.77,79.77,234.05,239.23
61,4621,520.43,90.54,613.37,301.46
61,4603,424.69,105.90,506.96,292.59
61,4581,404.16,95.62,487.31,284.30
61,4578,161.18,80.61,234.21,246.33
62,4621,526.62,91.76,617.00,296.85
62,4603,419.46,109.67,498.98,290.12
62,4578,159.74,79.92,234.71,250.05
63,4621,529.23,93.07,617.89,294.26
63,4603,418.06,112.22,495.55,288.07
63,4578,158.88,78.92,235.23,252.19
64,4621,530.37,94.14,617.88,292.71
64,4578,158.31,78.00,235.67,253.53
65,4621,530.89,94.92,617.63,291.76
65,4581,430.76,102.15,510.55,283.22
65,4578,157.93,77.26,236.00,254.42
66,4626,382.19,81.47,469.48,279.54
66,4621,531.12,95.46,617.36,291.16
66,4581,430.37,100.90,510.09,281.80
66,4578,157.67,76.69,236.26,255.03
67,4626,377.33,84.19,461.16,274.42
67,4621,535.70,94.57,624.43,295.91
67,4581,430.12,100.47,509.79,281.24
67,4578,157.48,76.26,236.45,255.46
68,4626,376.34,85.86,458.36,271.97
68,4621,541.01,94.48,628.75,293.58
68,4581,429.93,100.33,509.56,281.02
68,4578,160.28,83.82,236.29,256.30
69,4626,376.39,86.88,457.39,270.69
69,4621,552.29,94.80,639.35,292.35
69,4581,419.21,99.74,500.78,284.85
69,4578,161.90,87.94,235.67,255.34
70,4628,435.43,82.05,522.72,280.13
70,4626,376.66,87.51,457.08,269.99
70,4621,552.57,84.88,641.82,287.41
70,4578,162.92,90.41,235.03,254.03
71,4628,434.96,81.28,522.82,280.65
71,4626,373.47,89.65,451.08,265.78
71,4621,556.18,81.99,644.38,282.15
71,4578,163.61,92.02,234.47,252.82
72,4626,372.78,91.32,448.60,263.38
72,4621,557.61,89.84,645.08,288.31
72,4578,167.85,86.58,239.58,249.34
73,4626,372.87,92.49,447.55,261.95
73,4621,558.18,84.60,645.12,281.89
73,4581,453.70,98.59,535.11,283.31
73,4578,162.48,82.55,236.54,250.59
74,4626,368.59,91.73,444.78,264.62
74,4621,554.45,81.19,643.58,283.45
74,4581,453.87,99.16,533.17,279.10
74,4578,166.85,81.72,240.89,249.73
75,4626,366.84,90.92,444.07,266.16
75,4621,556.50,89.17,644.70,289.30
75,4581,453.95,100.01,533.32,280.13
75,4578,164.71,87.88,237.03,251.97
76,4626,366.11,90.24,444.05,267.11
76,4621,565.87,92.57,653.39,291.17
76,4581,461.94,100.51,539.77,277.13
76,4578,164.20,90.92,235.23,252.11
77,4626,365.79,89.72,444.24,267.74
77,4621,563.70,94.70,648.75,287.70
77,4581,465.14,101.33,541.85,275.37
77,4578,168.00,86.07,239.86,249.12
78,4630,525.79,85.39,612.46,282.06
78,4626,362.77,90.56,439.63,264.99
78,4621,560.48,95.88,645.74,289.35
78,4581,466.46,102.11,542.33,274.26
78,4578,165.52,90.40,236.22,250.82
79,4630,528.01,82.82,614.68,279.49
79,4626,361.95,91.47,437.70,263.36
79,4621,559.16,96.24,644.57,290.06
79,4581,467.00,102.74,542.26,273.52
79,4578,164.78,92.51,234.62,250.99
80,4630,528.87,82.03,615.54,278.70
80,4626,354.00,92.22,428.98,262.35
80,4621,558.57,96.29,644.11,290.40
80,4581,467.46,93.88,545.95,271.99
80,4578,164.65,93.65,233.86,250.70
81,4630,530.71,86.46,611.35,269.45
81,4626,351.20,92.79,425.63,261.69
81,4621,556.03,97.02,638.09,283.21
81,4581,474.64,89.93,550.20,261.39
81,4578,164.71,94.32,233.46,250.33
82,4626,350.31,93.20,424.37,261.26
82,4621,552.80,98.49,633.89,282.52
82,4581,478.11,98.06,554.79,272.07
82,4578,172.00,94.74,240.41,249.99
83,4633,378.47,99.67,459.01,282.41
83,4626,353.00,92.31,428.70,264.09
83,4621,559.55,107.27,639.96,289.73
83,4581,479.13,100.74,556.62,276.58
83,4578,174.81,95.02,242.99,249.72
84,4626,353.83,91.36,430.69,265.77
84,4581,486.06,94.46,562.53,267.99
84,4578,172.46,88.64,242.28,247.06
85,4630,538.46,100.30,617.21,279.01
85,4626,354.01,90.56,431.69,266.85
85,4581,488.77,99.69,564.49,271.51
85,4578,171.27,85.58,242.26,246.67
86,4630,535.18,102.32,611.62,275.78
86,4626,345.33,89.74,420.01,259.19
86,4581,490.87,101.75,567.68,276.04
86,4578,170.61,83.98,242.44,246.98
87,4630,534.29,103.78,609.22,273.80
87,4626,342.65,90.67,415.09,255.05
87,4581,497.51,102.33,573.48,274.72
87,4578,173.60,89.55,244.29,249.97
88,4630,534.19,104.79,608.12,272.54
88,4626,340.58,93.10,413.28,258.08
88,4581,500.07,102.89,575.43,273.89
88,4578,171.51,85.61,243.13,248.14
89,4638,384.00,106.00,440.88,235.07
89,4630,533.44,103.53,611.35,280.34
89,4626,339.82,93.91,412.72,259.35
89,4581,505.21,94.00,583.78,272.28
89,4578,170.54,83.75,242.84,247.81
90,4638,384.00,106.00,440.88,235.07
90,4630,536.86,110.65,615.05,288.07
90,4626,339.56,94.14,412.63,259.93
90,4581,512.52,98.48,591.39,277.45
90,4578,170.04,82.79,242.83,247.95
91,4638,384.00,106.00,440.88,235.07
91,4630,538.11,105.28,616.51,283.18
91,4626,333.28,93.08,408.27,263.24
91,4581,512.08,100.25,589.59,276.13
91,4578,173.15,88.72,244.57,250.76
92,4638,384.00,106.00,440.88,235.07
92,4630,538.53,103.10,617.10,281.39
92,4626,330.65,91.96,407.00,265.21
92,4581,515.06,93.44,593.17,270.67
92,4578,174.57,85.00,244.97,244.74
93,4626,329.49,91.00,406.82,266.48
93,4581,520.79,98.65,597.73,273.25
93,4578,175.28,84.00,244.92,242.04
94,4626,328.96,90.26,406.99,267.34
94,4581,518.23,93.06,595.93,269.38
94,4578,175.66,83.94,244.76,240.72
95,4626,328.70,89.70,407.25,267.93
95,4581,520.17,89.44,600.39,271.47
95,4578,176.73,89.45,243.86,241.77
96,4626,319.71,90.22,396.95,265.48
96,4581,517.22,88.31,597.30,270.02
96,4578,176.63,87.04,243.88,239.64
97,4626,316.60,90.94,392.88,264.02
97,4581,516.03,87.95,596.01,269.44
97,4578,176.56,86.07,243.90,238.90
98,4641,380.85,111.80,442.25,251.13
98,4630,534.32,91.74,615.70,276.40
98,4626,315.67,91.60,391.25,263.09
98,4578,176.50,85.68,243.91,238.66
99,4642,501.59,113.58,570.86,270.78
99,4641,380.02,108.65,442.35,250.08
99,4630,532.37,87.33,615.35,275.64
99,4626,316.53,91.15,393.31,265.37
99,4578,177.31,90.84,243.19,240.33
100,4642,504.52,149.84,559.35,274.25
100,4641,380.12,109.39,437.44,239.45
100,4630,535.49,94.33,617.47,280.36
100,4626,315.71,91.46,391.66,263.82
100,4578,177.89,93.44,242.62,240.34
101,4642,505.42,169.54,549.69,270.01
101,4641,380.79,110.98,435.20,234.44
101,4630,536.85,97.38,618.11,281.78
101,4626,315.61,91.91,390.96,262.90
101,4578,177.42,89.51,242.95,238.21
102,4642,503.08,169.46,543.44,261.06
102,4641,381.41,112.32,434.11,231.90
102,4630,541.69,99.09,620.75,278.50
102,4626,311.31,90.99,384.47,257.00
102,4578,177.97,93.08,242.45,239.39
103,4644,499.54,156.71,547.43,265.39
103,4626,307.37,92.83,380.69,259.22
103,4578,178.37,94.86,242.07,239.42
104,4644,487.14,147.41,537.63,261.98
104,4626,305.92,93.48,379.36,260.13
104,4578,177.76,90.44,242.55,237.47
105,4646,511.56,111.56,584.39,276.82
105,4644,480.35,125.53,541.53,264.36
105,4626,305.42,93.67,378.95,260.54
105,4578,178.21,93.73,242.15,238.82
106,4646,498.48,108.61,567.64,265.55
106,4644,477.83,116.88,543.98,267.00
106,4630,565.11,90.96,641.28,263.81
106,4626,305.28,93.71,378.89,260.73
106,4578,177.65,96.45,242.61,243.87
107,4649,391.38,172.20,421.69,240.98
107,4646,480.24,115.59,547.63,268.53
107,4644,491.52,106.22,560.25,262.18
107,4630,568.14,91.55,643.50,262.54
107,4626,305.28,93.69,378.94,260.84
107,4578,178.13,95.93,242.20,241.32
108,4649,390.10,180.07,418.58,244.68
108,4646,468.06,118.12,534.60,269.13
108,4644,496.43,102.12,566.53,261.21
108,4630,571.49,98.02,644.45,263.58
108,4626,301.56,99.52,373.50,262.76
108,4578,177.58,90.68,242.64,238.33
109,4649,386.63,176.50,415.17,241.26
109,4646,464.74,119.00,530.89,269.10
109,4644,490.72,100.62,561.56,261.36
109,4630,573.12,101.46,644.32,263.03
109,4626,300.52,102.44,371.18,262.78
109,4578,178.07,93.68,242.22,239.25
110,4646,464.32,119.22,530.32,268.98
110,4644,496.02,100.18,567.21,261.73
110,4630,579.01,97.50,650.79,260.38
110,4626,300.21,99.12,366.98,250.64
110,4578,177.54,96.33,242.66,244.11
111,4652,369.83,175.43,404.47,254.04
111,4646,457.31,119.18,523.29,268.89
111,4644,498.03,100.18,569.36,262.05
111,4630,581.07,95.77,653.28,259.62
111,4626,303.18,101.89,365.77,243.92
111,4578,177.17,96.95,242.99,246.32
112,4652,369.73,175.22,404.52,254.16
112,4646,455.22,119.04,521.24,268.86
112,4644,499.88,104.90,569.22,262.27
112,4630,581.70,94.96,654.22,259.52
112,4626,302.57,105.32,364.70,246.31
112,4578,176.90,96.90,243.23,247.43
113,4655,384.00,115.00,440.88,244.07
113,4652,369.66,175.10,404.48,254.12
113,4646,449.87,125.80,511.82,266.37
113,4644,499.89,103.11,569.75,261.66
113,4630,581.81,94.54,654.56,259.63
113,4626,302.47,106.80,364.28,247.06
113,4578,176.71,96.66,243.41,248.03
114,4655,384.00,115.00,440.88,244.07
114,4652,371.33,174.22,405.00,250.63
114,4646,447.22,122.78,510.54,266.46
114,4644,500.86,106.84,569.11,261.71
114,4630,579.46,93.28,654.14,262.74
114,4626,302.53,107.49,364.11,247.22
114,4578,180.31,89.82,249.11,245.95
115,4655,381.50,110.13,441.41,246.07
115,4646,444.19,125.77,506.33,266.77
115,4644,501.53,109.01,568.57,261.14
115,4630,584.69,90.49,655.72,251.67
115,4626,296.77,107.84,358.18,247.20
115,4578,181.32,86.43,251.61,245.95
116,4655,382.69,112.32,441.47,245.71
116,4646,441.38,129.29,500.90,264.34
116,4644,502.00,104.47,568.15,254.58
116,4630,587.31,91.02,655.57,245.93
116,4626,294.66,108.02,355.96,247.14
116,4578,181.43,84.57,252.80,246.52
117,4655,383.26,113.43,441.36,245.26
117,4646,436.61,122.88,496.15,257.98
117,4644,508.26,103.21,573.74,251.79
117,4630,584.40,94.74,654.12,252.94
117,4626,293.93,108.13,355.16,247.07
117,4578,177.49,83.42,247.89,243.16
118,4655,383.56,114.04,441.23,244.90
118,4646,439.25,141.26,494.21,265.98
118,4630,588.88,96.71,654.79,246.28
118,4626,293.72,108.19,354.90,247.03
118,4578,179.93,83.40,251.37,245.52
119,4646,437.05,128.97,493.46,256.97
119,4626,293.70,101.69,354.86,240.47
119,4578,180.67,83.00,252.86,246.82
120,4656,494.00,106.03,556.22,247.22
120,4646,435.22,139.03,489.25,261.63
120,4626,292.81,100.27,355.70,242.97
120,4578,177.01,82.51,248.03,243.65
121,4656,494.00,105.88,556.22,247.07
121,4646,435.14,143.72,487.47,262.47
121,4626,293.15,98.02,355.56,239.64
121,4578,179.61,82.84,251.50,245.96
122,4656,494.00,106.01,556.22,247.20
122,4646,429.96,130.68,484.62,254.72
122,4626,293.40,97.36,355.47,238.22
122,4578,183.18,89.12,253.97,249.74
123,4656,487.57,106.17,549.79,247.36
123,4646,428.11,140.08,481.04,260.19
123,4626,293.89,100.87,354.23,237.81
123,4578,181.97,85.45,253.70,248.20
124,4656,487.50,110.43,547.27,246.08
124,4646,426.72,137.60,480.00,258.51
124,4626,294.42,102.93,353.49,236.96
124,4578,184.08,83.64,254.75,243.99
125,4656,487.85,112.75,546.11,244.95
125,4655,390.02,109.61,455.39,257.95
125,4646,421.22,127.89,476.61,253.59
125,4626,289.41,94.77,352.87,238.76
125,4578,185.05,83.38,254.94,241.97
126,4656,485.53,122.05,540.88,247.64
126,4655,388.96,112.34,453.65,259.13
126,4646,418.95,123.41,475.84,252.50
126,4626,284.49,96.85,349.03,243.32
126,4578,186.37,88.88,254.14,242.66
127,4656,485.16,126.46,538.57,247.67
127,4646,411.45,121.14,469.42,252.69
127,4626,282.47,97.23,347.81,245.50
127,4578,187.25,91.86,253.43,242.05
128,4663,377.83,155.72,408.99,226.42
128,4656,485.36,128.71,537.51,247.05
128,4646,408.56,119.87,467.32,253.20
128,4626,281.61,97.07,347.52,246.64
128,4578,187.86,93.65,252.86,241.16
129,4663,380.32,158.84,410.42,227.15
129,4656,479.73,124.40,535.10,250.05
129,4646,400.58,114.69,461.83,253.68
129,4626,281.23,96.79,347.56,247.31
129,4578,187.41,89.44,253.17,238.66
130,4656,477.21,121.72,534.71,252.20
130,4646,398.29,116.15,459.44,254.92
130,4626,281.06,96.52,347.69,247.73
130,4578,187.10,87.55,253.40,238.00
131,4656,476.41,124.96,531.77,250.59
131,4646,397.57,116.74,458.67,255.38
131,4626,280.97,96.29,347.83,248.02
131,4578,184.08,86.56,252.61,242.07
132,4656,472.68,124.78,528.19,250.74
132,4646,396.47,112.68,459.38,255.43
132,4626,280.94,96.12,347.96,248.22
132,4578,186.17,90.67,252.93,242.16
133,4656,471.30,124.61,526.94,250.87
133,4646,395.88,110.48,460.08,256.15
133,4626,280.92,95.98,348.08,248.37
133,4578,187.28,92.97,252.72,241.46
134,4656,468.36,121.74,525.96,252.46
134,4646,389.97,113.38,453.33,257.16
134,4626,280.93,95.88,348.17,248.47
134,4578,187.93,94.38,252.39,240.64
135,4656,469.42,122.60,526.60,252.34
135,4646,387.98,114.82,450.74,257.23
135,4626,280.94,95.80,348.25,248.56
135,4578,187.47,89.93,252.84,238.27
136,4656,467.54,120.43,526.20,253.54
136,4646,387.45,109.73,449.77,251.15
136,4626,273.77,95.75,341.13,248.62
136,4578,187.13,87.88,253.16,237.72
137,4656,466.64,119.05,526.34,254.53
137,4646,386.48,109.61,450.28,254.38
137,4626,271.07,95.70,338.47,248.67
137,4578,186.88,86.86,253.39,237.77
138,4656,462.52,113.69,524.92,255.28
138,4646,385.97,109.03,450.82,256.19
138,4626,270.08,95.67,337.52,248.71
138,4578,183.91,86.23,252.59,242.08
139,4656,464.99,124.64,524.35,259.34
139,4646,385.69,108.41,451.30,257.30
139,4626,269.74,95.64,337.20,248.74
139,4578,178.66,85.19,247.10,240.50
140,4656,459.17,114.50,519.36,251.08
140,4646,385.54,107.89,451.71,258.03
140,4626,263.12,95.62,330.60,248.76
140,4578,180.47,84.88,250.52,243.85
141,4656,456.87,110.33,517.65,248.25
141,4646,385.47,107.49,452.03,258.54
141,4626,260.65,95.60,328.15,248.78
141,4578,177.13,84.14,246.57,241.73
142,4656,455.96,108.54,517.16,247.42
142,4646,385.44,107.18,452.30,258.90
142,4626,259.76,95.58,327.28,248.80
142,4578,175.97,84.10,244.98,240.69
143,4670,307.79,191.93,336.42,256.90
143,4656,455.60,107.72,517.10,247.29
143,4646,385.44,106.96,452.51,259.16
143,4626,259.48,95.57,327.01,248.82
143,4578,182.16,84.27,250.84,240.12
144,4670,306.87,195.80,333.76,256.84
144,4656,455.46,113.19,517.18,253.26
144,4646,391.99,106.79,459.22,259.36
144,4626,252.24,95.56,319.79,248.83
144,4578,178.89,89.76,245.77,241.54
145,4674,366.63,107.78,432.50,257.25
145,4673,18.48,122.16,86.01,275.40
145,4670,303.83,197.31,329.86,256.38
145,4656,451.83,110.90,515.54,255.47
145,4646,395.38,110.76,461.08,259.85
145,4626,249.55,95.54,317.11,248.84
145,4578,177.98,92.60,243.52,241.33
146,4674,362.05,112.52,425.46,256.39
146,4673,23.81,121.10,93.45,279.14
146,4670,300.31,191.98,327.13,252.83
146,4656,453.74,113.55,517.07,257.24
146,4646,396.97,112.90,461.53,259.41
146,4626,248.60,95.53,316.16,248.85
146,4578,177.89,94.22,242.44,240.69
147,4674,360.90,114.70,423.10,255.85
147,4673,24.65,120.11,95.50,280.88
147,4656,451.02,110.46,515.84,257.56
147,4646,397.79,114.17,461.51,258.78
147,4626,248.30,95.53,315.87,248.86
147,4578,177.18,96.39,242.62,244.89
148,4674,360.71,115.78,422.32,255.57
148,4673,24.31,127.18,95.93,289.68
148,4656,449.78,108.73,515.66,258.24
148,4646,398.26,114.98,461.38,258.21
148,4626,248.25,95.52,315.83,248.87
148,4578,176.77,96.85,242.86,246.83
149,4674,360.78,116.33,422.09,255.46
149,4673,34.10,111.81,109.03,281.86
149,4656,446.83,105.96,511.75,253.29
149,4646,398.56,115.52,461.23,257.74
149,4626,248.29,95.51,315.88,248.88
149,4578,177.38,95.57,242.34,242.97
150,4674,354.02,116.62,415.20,255.44
150,4673,36.93,105.32,113.86,279.88
150,4656,448.53,99.56,509.99,239.01
150,4646,398.76,115.90,461.11,257.39
150,4626,248.35,95.50,315.95,248.89
150,4578,177.83,95.53,241.94,241.03
151,4674,351.63,116.77,412.76,255.49
151,4673,42.78,111.54,118.56,283.51
151,4656,449.89,98.66,508.70,232.11
151,4646,397.97,111.98,461.82,256.88
151,4626,248.43,95.49,316.03,248.90
151,4578,177.28,90.46,242.42,238.28
152,4674,350.82,116.83,411.96,255.57
152,4673,44.83,114.22,119.88,284.51
152,4656,445.97,102.21,504.15,234.23
152,4646,398.34,114.07,461.57,257.55
152,4626,248.50,95.49,316.10,248.91
152,4578,176.91,88.15,242.79,237.63
153,4674,350.60,116.85,411.77,255.66
153,4673,45.46,115.45,120.02,284.65
153,4656,446.89,106.64,506.21,241.26
153,4646,398.59,109.23,461.37,251.68
153,4626,248.56,95.48,316.17,248.91
153,4578,176.65,86.99,243.06,237.68
154,4674,350.57,116.84,411.79,255.75
154,4656,442.20,109.51,504.16,250.12
154,4646,398.78,107.58,461.22,249.27
154,4626,248.62,95.47,316.24,248.92
154,4578,176.47,92.88,243.27,244.45
155,4674,348.33,105.84,406.07,236.88
155,4656,440.04,109.64,503.85,254.46
155,4646,396.70,101.54,464.48,255.34
155,4626,248.67,95.47,316.30,248.93
155,4578,176.35,88.43,243.42,240.64
156,4656,437.26,113.18,500.66,257.04
156,4646,390.63,108.52,456.79,258.63
156,4626,248.72,95.46,316.35,248.94
156,4578,176.26,86.63,243.54,239.31
157,4673,60.87,121.81,130.83,280.56
157,4656,438.02,110.49,502.85,257.59
157,4626,242.23,95.45,309.87,248.94
157,4578,177.04,91.19,242.89,240.62
158,4680,342.00,137.00,394.00,255.00
158,4673,66.57,120.04,137.67,281.37
158,4656,436.41,113.06,500.55,258.61
158,4626,239.80,95.45,307.45,248.95
158,4578,176.74,88.16,243.14,238.83
159,4680,334.90,115.17,393.47,248.08
159,4673,75.62,118.96,147.50,282.06
159,4656,435.97,114.30,499.60,258.71
159,4626,245.45,95.44,313.10,248.96
159,4578,177.40,92.14,242.59,240.07
160,4680,337.71,118.23,396.24,251.07
160,4673,78.76,118.26,151.18,282.60
160,4656,435.93,114.96,499.20,258.53
160,4646,395.31,108.04,462.82,261.24
160,4626,247.63,95.44,315.29,248.96
160,4578,177.00,88.79,242.92,238.37
161,4680,333.58,115.84,394.72,254.56
161,4656,436.02,115.34,499.02,258.29
161,4646,390.24,111.14,456.17,260.75
161,4626,248.48,95.43,316.14,248.97
161,4578,176.73,87.23,243.18,238.01
162,4680,331.92,114.59,394.44,256.45
162,4656,436.14,115.58,498.94,258.08
162,4646,388.61,112.93,453.39,259.93
162,4626,245.74,94.22,311.82,244.17
162,4578,177.40,91.77,242.63,239.80
163,4680,331.24,113.95,394.50,257.51
163,4656,434.60,123.91,495.76,262.71
163,4646,388.21,114.06,452.15,259.16
163,4626,248.06,89.06,314.58,240.00
163,4578,180.73,88.56,248.53,242.41
164,4680,330.96,113.64,394.62,258.11
164,4656,429.45,119.52,490.92,259.00
164,4646,388.22,114.82,451.55,258.53
164,4626,245.83,92.29,311.06,240.31
164,4578,178.67,91.72,244.91,242.03
165,4680,329.40,116.43,391.25,256.79
165,4656,429.17,113.51,492.60,257.45
165,4646,382.48,115.34,445.37,258.04
165,4626,248.27,88.69,314.18,238.24
165,4578,177.31,88.22,243.99,239.53
166,4680,329.14,112.85,389.73,250.32
166,4656,428.78,110.49,493.60,257.58
166,4646,380.41,115.71,442.97,257.67
166,4626,248.92,90.05,312.31,233.90
166,4578,176.71,86.72,243.71,238.76
167,4680,330.77,108.55,392.39,248.36
167,4656,421.26,108.81,487.07,258.15
167,4646,379.72,115.97,442.04,257.40
167,4626,253.28,94.00,316.21,236.78
167,4578,177.29,91.35,242.93,240.32
168,4680,329.77,110.08,390.19,247.17
168,4656,418.28,107.80,484.80,258.75
168,4646,379.53,116.16,441.69,257.20
168,4626,251.52,90.28,315.77,236.08
168,4578,176.89,88.32,243.14,238.66
169,4680,324.52,107.80,385.92,247.13
169,4656,417.08,107.14,484.12,259.26
169,4646,377.31,112.13,441.05,256.78
169,4626,250.63,88.37,315.83,236.34
169,4578,177.49,92.26,242.59,239.98
170,4688,123.76,104.00,198.05,272.57
170,4680,322.43,106.67,384.48,247.48
170,4656,416.60,106.69,484.00,259.65
170,4646,376.24,110.00,441.12,257.22
170,4626,250.12,93.82,316.02,243.36
170,4578,177.07,88.88,242.92,238.32
171,4688,124.09,104.00,198.38,272.57
171,4680,321.59,106.09,384.07,247.87
171,4656,416.40,106.38,484.07,259.94
171,4626,246.76,94.46,311.55,241.46
171,4578,180.51,87.23,248.76,242.08
172,4688,126.57,133.01,191.75,280.92
172,4680,321.25,105.77,384.01,248.19
172,4656,416.33,106.17,484.19,260.16
172,4626,245.70,95.15,309.65,240.28
172,4578,177.67,85.73,245.81,240.36
173,4688,125.35,124.40,190.75,272.81
173,4680,321.12,105.61,384.07,248.44
173,4656,421.65,119.11,485.48,263.94
173,4626,245.45,95.75,308.80,239.51
173,4578,176.60,85.20,244.67,239.67
174,4688,132.46,121.02,198.09,269.95
174,4680,321.09,105.53,384.14,248.61
174,4656,424.50,131.02,485.22,268.80
174,4626,245.49,96.22,308.39,238.97
174,4578,176.20,85.04,244.22,239.38
175,4688,138.26,140.14,197.34,274.22
175,4680,321.09,105.51,384.21,248.73
175,4656,420.68,124.67,483.56,267.36
175,4626,245.59,96.58,308.17,238.59
175,4578,176.07,85.00,244.05,239.26
176,4688,139.25,148.14,195.90,276.69
176,4680,321.12,105.52,384.26,248.81
176,4656,424.36,133.47,484.36,269.62
176,4626,245.70,96.85,308.05,238.32
176,4578,176.02,85.01,243.98,239.21
177,4693,370.23,117.47,431.28,256.02
177,4688,142.52,144.45,199.91,274.66
177,4680,321.15,105.56,384.31,248.87
177,4656,423.99,145.96,479.84,272.70
177,4626,248.82,98.14,312.67,243.03
177,4578,176.86,90.33,243.22,240.93
178,4693,372.57,138.11,427.38,262.49
178,4688,143.51,142.61,201.47,274.14
178,4680,315.63,99.98,380.63,247.46
178,4656,414.04,117.89,477.63,262.18
178,4626,243.23,98.05,308.16,245.40
178,4578,176.61,87.68,243.39,239.21
179,4693,378.06,174.00,419.17,267.29
179,4688,148.52,123.71,211.94,267.63
179,4680,312.92,102.79,377.40,249.10
179,4656,409.22,104.76,477.90,260.60
179,4626,244.41,96.44,308.49,241.85
179,4578,175.75,82.71,248.55,247.92
