1,3276,392.00,160.00,477.62,354.29
1,3275,509.00,223.00,537.31,287.24
1,3274,500.00,143.00,537.01,226.97
2,3274,495.00,142.01,543.19,251.34
3,3276,431.00,160.00,516.62,354.29
3,3274,500.63,143.52,561.61,281.88
4,3274,504.90,151.11,582.47,327.13
5,3276,443.85,164.37,527.49,354.15
6,3276,454.34,144.86,544.88,350.30
7,3276,467.50,137.17,561.54,350.58
8,3276,481.70,133.95,577.63,351.63
8,3274,553.41,133.98,624.94,296.30
9,3276,496.37,132.56,593.33,352.57
9,3274,573.71,128.02,634.94,266.97
10,3276,522.88,183.83,607.90,376.75
10,3274,569.62,140.04,647.59,316.98
11,3276,527.75,169.30,612.85,362.42
11,3274,588.85,130.32,656.26,283.29
12,3279,243.66,175.32,303.89,311.99
12,3276,537.68,163.76,622.86,357.04
12,3274,593.84,150.68,673.97,332.52
13,3279,252.61,184.53,310.48,315.84
13,3276,558.87,161.63,644.10,355.03
14,3279,256.55,157.74,324.56,312.07
14,3276,573.08,157.50,662.26,359.86
15,3276,587.27,154.67,679.05,362.94
16,3276,591.72,152.73,685.24,364.97
16,3274,639.39,145.29,726.01,341.85
17,3276,602.52,151.41,697.23,366.33
18,3276,620.40,160.25,710.97,365.77
19,3276,638.22,158.17,727.37,360.47
20,3276,648.40,145.35,739.92,353.03
20,3274,702.70,130.95,795.94,342.52
21,3276,661.25,149.50,754.41,360.89
21,3274,717.79,133.76,813.06,349.94
22,3286,511.08,142.47,541.21,210.85
23,3288,1008.17,171.01,1093.79,365.30
23,3286,515.83,140.02,545.14,206.52
24,3288,971.74,163.65,1057.36,357.94
24,3286,516.77,142.21,547.05,210.91
25,3288,942.18,161.20,1027.80,355.49
25,3286,517.31,140.01,546.82,206.97
25,3276,734.72,149.02,825.83,355.77
26,3288,911.38,155.47,1002.37,361.94
26,3286,517.08,142.20,547.31,210.80
26,3276,749.32,151.04,842.13,361.64
27,3288,887.19,156.51,976.32,358.78
27,3286,520.63,142.78,550.19,209.85
27,3276,760.16,153.70,850.97,359.78
28,3288,843.72,153.48,936.22,363.38
28,3286,521.61,146.67,551.78,215.12
28,3276,767.87,153.02,860.41,363.01
29,3288,828.81,151.47,923.33,365.97
29,3286,524.51,144.55,555.05,213.86
29,3276,789.65,152.14,883.40,364.87
30,3296,370.18,135.00,466.11,352.69
30,3288,804.21,150.17,899.97,367.48
30,3286,525.75,143.44,555.60,211.16
30,3276,844.95,151.36,939.55,366.03
31,3296,380.46,135.00,476.39,352.69
31,3288,798.55,152.49,891.30,362.96
31,3276,880.37,153.05,972.57,362.27
32,3296,393.29,135.00,489.22,352.69
32,3288,772.56,161.85,861.38,363.41
32,3276,917.12,197.60,998.81,382.97
33,3296,407.68,135.00,503.61,352.69
33,3288,746.10,159.51,833.93,358.83
33,3276,934.67,209.13,1009.74,379.49
34,3301,518.51,141.36,609.15,347.04
34,3296,434.15,128.01,521.26,325.67
34,3288,722.56,166.29,807.91,359.98
35,3301,533.98,143.81,622.49,344.64
35,3288,707.14,169.78,790.74,359.47
36,3301,548.00,145.10,635.37,343.35
36,3288,684.00,191.55,755.18,353.05
37,3301,562.19,155.11,648.90,351.87
37,3288,655.98,184.63,729.50,351.46
37,3276,1040.97,235.13,1102.78,375.40
38,3301,584.74,158.77,671.05,354.63
38,3296,482.04,137.24,575.53,349.40
38,3288,630.93,173.72,707.99,348.59
38,3276,1062.45,237.54,1122.25,373.23
39,3301,601.19,160.10,687.25,355.40
39,3296,497.52,136.76,591.78,350.66
40,3301,615.39,160.56,701.29,355.50
41,3301,628.76,160.70,714.56,355.40
42,3301,645.92,157.23,735.72,361.01
43,3301,651.21,154.64,743.59,364.28
43,3296,556.67,135.60,652.13,352.22
44,3301,662.20,152.78,756.28,366.28
44,3296,570.98,135.42,666.60,352.40
45,3301,675.47,151.48,770.69,367.54
45,3296,599.42,143.56,686.71,341.64
46,3301,698.93,150.58,794.88,368.33
46,3296,617.85,129.97,698.79,313.63
47,3301,717.03,149.96,813.48,368.83
47,3296,632.08,127.58,708.20,300.32
48,3301,731.38,143.60,824.88,355.77
49,3301,747.72,148.27,842.35,363.01
50,3322,567.73,141.70,606.27,229.15
50,3301,763.05,149.64,858.46,366.15
51,3322,575.17,140.83,607.72,214.69
51,3301,787.87,149.87,883.81,367.59
52,3322,575.86,143.27,610.07,220.90
52,3301,805.83,149.75,902.14,368.29
53,3322,579.34,148.09,614.49,227.84
53,3301,831.15,151.97,924.61,364.04
54,3322,580.32,149.56,616.03,230.59
54,3301,851.02,151.51,945.50,365.91
55,3322,584.58,145.79,620.66,227.64
55,3301,876.78,150.95,971.98,366.98
56,3326,560.94,149.00,589.25,213.24
56,3322,587.03,145.15,624.72,230.65
56,3301,895.65,160.26,991.36,377.44
57,3326,561.30,149.00,589.61,213.24
57,3322,591.65,148.49,630.34,236.28
58,3326,563.05,148.99,592.50,215.82
58,3322,593.11,149.41,632.45,238.67
59,3326,563.51,148.68,593.65,217.06
59,3322,597.27,146.00,638.40,239.32
60,3334,530.06,129.49,570.78,221.89
60,3326,563.55,148.35,594.12,217.71
60,3322,598.59,143.59,639.60,236.63
61,3334,533.14,136.12,570.69,221.31
61,3326,562.55,144.36,594.57,217.02
61,3322,603.51,143.30,645.68,238.98
62,3334,535.74,132.20,575.02,221.32
62,3326,566.15,146.07,597.99,218.31
62,3322,605.08,142.80,648.02,240.25
63,3334,536.38,130.50,576.53,221.60
63,3326,567.50,146.79,599.20,218.71
63,3322,609.39,146.95,652.86,245.58
64,3334,536.44,129.72,577.04,221.85
64,3326,567.14,147.52,599.79,221.61
64,3322,615.43,148.33,659.25,247.75
65,3334,537.99,133.20,577.50,222.85
65,3326,570.78,147.47,604.07,223.01
65,3322,621.63,146.06,663.61,241.32
66,3326,572.02,147.23,605.74,223.73
66,3322,623.41,145.55,667.66,245.97
67,3326,572.38,146.98,606.38,224.13
67,3322,624.85,147.49,669.18,248.08
68,3326,575.71,146.79,609.90,224.36
69,3334,542.33,140.32,580.19,226.23
69,3326,576.90,146.65,611.21,224.50
70,3343,640.10,135.96,693.90,258.04
70,3334,544.34,138.00,581.97,223.39
70,3326,580.22,148.23,612.96,222.51
71,3343,641.81,136.09,695.59,258.10
71,3334,545.24,135.38,581.65,217.98
71,3326,582.04,147.76,615.29,223.20
72,3343,648.15,142.19,701.82,263.97
72,3334,545.74,134.85,581.27,215.48
72,3326,585.34,149.47,618.02,223.61
73,3343,650.15,144.32,703.70,265.83
73,3334,549.32,134.97,584.24,214.21
73,3326,587.16,148.26,620.35,223.55
74,3343,661.87,145.08,715.31,266.34
74,3334,547.45,135.26,581.94,213.51
74,3326,590.85,146.17,625.41,224.57
75,3343,665.93,145.36,719.27,266.39
75,3334,550.05,135.53,584.24,213.10
75,3326,591.98,144.89,627.48,225.44
76,3343,672.66,145.48,725.90,266.29
76,3334,547.63,137.57,582.65,217.02
76,3326,595.45,144.06,631.61,226.11
77,3345,660.26,146.93,694.96,225.67
77,3343,680.34,150.91,733.50,271.54
77,3334,549.95,136.19,584.54,214.67
77,3326,598.44,144.71,636.06,230.07
78,3345,664.39,150.07,698.77,228.09
78,3343,689.02,152.93,742.11,273.39
78,3334,550.41,134.85,589.75,224.12
78,3326,601.34,147.11,639.00,232.57
79,3345,665.56,151.18,699.77,228.81
79,3343,694.11,147.31,748.98,271.80
79,3334,551.19,136.56,592.06,229.29
79,3326,606.28,148.00,643.97,233.51
80,3345,667.63,154.42,700.26,228.45
80,3343,703.30,142.75,753.72,257.15
80,3334,551.21,136.66,593.14,231.78
80,3326,608.07,148.32,645.77,233.86
81,3345,668.01,152.61,704.25,234.84
81,3343,711.41,150.39,764.34,270.49
81,3334,555.60,136.30,598.25,233.09
81,3326,608.67,148.43,646.37,233.97
82,3345,670.06,150.28,706.89,233.87
82,3343,713.89,152.44,768.48,276.33
82,3334,557.10,135.87,600.27,233.83
82,3326,612.09,148.46,649.78,233.99
83,3345,674.71,149.25,711.90,233.63
83,3343,720.27,152.61,776.00,279.07
83,3334,556.98,136.56,601.93,238.55
83,3326,611.91,145.81,650.54,233.46
84,3345,678.06,149.74,716.72,237.47
84,3343,729.31,147.45,782.93,269.12
84,3334,556.64,129.85,604.17,237.71
84,3326,616.18,148.37,655.47,237.52
85,3345,679.00,149.48,718.59,239.31
85,3343,737.03,151.06,792.01,275.83
85,3334,558.48,129.82,603.39,231.73
85,3326,618.23,145.90,659.08,238.59
86,3345,683.78,149.10,723.96,240.25
86,3343,741.65,151.34,800.92,285.85
86,3334,557.14,132.55,604.61,240.26
86,3326,618.68,144.39,660.62,239.55
87,3345,685.40,148.76,725.94,240.76
87,3343,747.63,153.38,808.03,290.43
87,3334,562.52,130.86,607.39,232.65
87,3326,623.17,143.40,665.88,240.30
88,3345,690.63,150.66,730.34,240.77
88,3343,758.21,150.39,821.08,293.05
88,3334,568.90,132.07,612.61,231.25
88,3326,624.67,142.73,667.92,240.86
89,3345,692.64,151.69,731.75,240.43
89,3343,768.15,148.35,832.72,294.86
89,3334,566.39,133.85,613.00,239.59
89,3326,628.37,143.97,670.15,238.76
90,3345,696.55,154.13,736.26,244.24
90,3343,783.02,141.72,843.45,278.85
90,3334,570.17,133.52,618.75,243.75
90,3326,629.97,145.06,670.64,237.32
91,3345,697.83,154.83,737.95,245.86
91,3343,790.57,152.49,853.37,294.99
91,3334,571.23,132.66,621.20,246.02
91,3326,630.70,145.93,670.54,236.31
92,3345,702.87,153.07,742.26,242.44
92,3343,797.07,152.74,863.52,303.52
92,3334,571.35,131.80,622.29,247.37
92,3326,631.71,146.47,674.31,243.14
93,3345,708.09,152.67,746.94,240.83
93,3343,811.32,147.61,874.25,290.43
93,3334,578.01,128.93,625.56,236.83
93,3326,631.59,145.70,676.09,246.68
94,3345,714.51,154.60,753.97,244.12
94,3343,822.63,147.31,884.24,287.11
94,3334,579.44,131.28,628.64,242.93
94,3326,631.17,144.71,677.00,248.70
95,3345,716.74,155.10,756.61,245.57
95,3343,831.46,146.99,901.48,305.88
95,3334,582.83,132.50,631.97,244.00
95,3326,635.14,146.54,680.61,249.73
96,3345,721.33,155.12,761.49,246.24
96,3343,840.37,152.79,914.10,320.10
96,3334,586.11,137.27,636.42,251.43
96,3326,636.65,147.37,681.86,249.95
97,3345,725.47,152.44,766.96,246.58
97,3343,857.28,155.97,931.31,323.96
97,3334,592.31,138.62,643.45,254.66
97,3326,641.77,152.34,686.78,254.47
98,3345,730.63,155.51,773.05,251.75
98,3343,875.29,152.50,947.77,316.99
98,3334,592.38,134.47,642.92,249.15
98,3326,644.49,151.56,690.65,256.30
99,3345,732.32,156.32,775.38,254.02
99,3343,887.72,153.91,963.09,324.93
99,3334,594.49,132.21,645.78,248.59
99,3326,644.68,145.25,692.91,254.70
100,3345,737.31,156.37,780.81,255.09
100,3343,899.47,153.37,976.84,328.93
100,3334,597.91,134.96,651.22,255.93
100,3326,644.90,147.58,693.37,257.56
101,3345,743.58,156.21,787.40,255.63
101,3343,916.58,160.97,996.98,343.43
101,3334,601.19,131.30,654.47,252.19
101,3326,649.45,148.36,698.07,258.71
102,3345,745.78,156.01,789.82,255.92
102,3343,935.97,153.71,1011.92,326.06
102,3334,602.35,129.91,655.60,250.74
102,3326,654.09,150.75,699.95,254.80
103,3345,751.03,155.84,795.21,256.08
103,3343,957.08,155.18,1032.64,326.63
103,3334,604.55,130.23,656.63,248.41
103,3326,656.34,148.68,701.79,251.82
104,3345,756.78,155.70,801.06,256.17
104,3343,979.13,155.86,1054.39,326.64
104,3334,607.44,132.28,664.38,261.49
104,3326,659.37,149.57,707.08,257.83
105,3345,763.39,155.60,807.74,256.21
105,3343,990.35,159.81,1072.61,346.46
105,3334,610.85,129.56,665.70,254.02
105,3326,665.31,149.08,714.59,260.91
106,3345,769.80,157.30,815.54,261.09
106,3343,1016.83,161.44,1100.60,351.53
106,3334,615.86,133.82,670.24,257.22
106,3326,667.22,153.52,717.61,267.86
107,3345,772.37,155.61,817.76,258.61
107,3343,1041.53,160.54,1124.84,349.59
107,3334,617.76,135.62,671.79,258.22
107,3326,672.88,154.76,724.07,270.89
108,3345,777.32,156.90,823.78,262.33
108,3343,1069.55,158.73,1157.22,357.65
108,3334,619.62,137.25,672.27,256.72
108,3326,676.99,154.91,730.19,275.65
109,3345,783.45,156.97,830.67,264.12
109,3343,1100.30,150.00,1186.46,345.50
109,3334,624.54,137.58,677.30,257.30
109,3326,681.13,154.12,734.34,274.86
110,3345,788.18,157.02,837.20,268.24
110,3343,1119.05,153.64,1208.65,356.96
110,3334,626.30,137.65,679.13,257.53
110,3326,685.45,153.85,740.08,277.81
111,3345,794.76,156.36,845.03,270.44
111,3343,1141.73,162.87,1229.31,361.61
111,3334,626.87,137.63,679.75,257.63
111,3326,689.76,158.31,744.00,281.38
112,3345,798.75,155.23,848.71,268.59
112,3334,631.79,142.22,686.14,265.55
112,3326,692.37,158.06,749.06,286.69
113,3345,805.39,154.91,855.10,267.72
113,3334,632.02,145.39,692.47,282.54
113,3326,694.02,153.91,751.12,283.49
114,3345,811.15,160.48,861.89,275.63
114,3334,637.85,137.37,696.36,270.15
114,3326,699.83,155.26,758.52,288.44
115,3345,823.65,156.94,876.62,277.15
115,3334,640.61,133.97,699.00,266.47
115,3326,701.65,155.14,761.47,290.88
116,3345,827.64,159.96,880.71,280.39
116,3334,646.52,133.85,703.49,263.12
116,3326,708.40,157.33,767.77,292.07
117,3345,834.17,161.04,887.31,281.62
117,3334,648.92,139.61,704.83,266.47
117,3326,716.96,155.60,777.26,292.43
118,3345,842.55,162.08,897.19,286.05
118,3334,650.19,141.70,706.68,269.87
118,3326,719.92,154.55,780.88,292.87
119,3345,851.18,161.89,906.86,288.25
119,3334,656.35,142.24,713.26,271.37
119,3326,726.67,159.75,788.10,299.14
120,3345,859.95,161.39,916.38,289.43
120,3334,664.40,142.27,721.60,272.07
120,3326,729.02,161.50,790.78,301.66
121,3345,868.82,160.88,925.78,290.13
121,3334,664.83,144.62,723.53,277.82
121,3326,731.05,163.92,796.43,312.28
122,3345,877.11,160.45,934.44,290.55
122,3334,669.68,148.03,735.44,297.23
122,3326,731.71,161.10,801.91,320.40
123,3345,885.84,160.11,943.44,290.82
123,3334,675.24,146.89,741.57,297.42
123,3326,737.62,160.56,808.92,322.37
124,3345,897.52,162.98,956.60,297.05
124,3334,683.60,146.30,756.17,310.97
124,3326,747.37,159.87,819.47,323.48
125,3345,910.45,160.33,969.31,293.90
125,3334,691.31,140.14,764.31,305.79
125,3326,757.97,167.08,830.64,331.98
126,3345,920.73,153.34,978.10,283.51
126,3334,695.32,145.84,775.76,328.38
126,3326,768.91,169.54,841.99,335.36
127,3345,934.86,160.44,993.75,294.08
127,3334,695.58,145.46,781.03,339.38
127,3326,775.72,168.82,852.84,343.83
128,3345,945.57,162.56,1005.55,298.65
128,3334,704.52,143.44,793.45,345.24
128,3326,784.39,189.72,859.12,359.29
129,3345,955.31,167.61,1017.60,308.97
129,3334,707.18,141.31,798.55,348.65
129,3326,789.43,175.73,867.69,353.31
130,3345,972.56,154.58,1032.50,290.57
130,3334,719.01,134.09,807.84,335.67
130,3326,799.41,176.00,878.59,355.68
131,3345,985.20,157.36,1047.45,298.62
131,3334,722.14,137.66,813.42,344.81
131,3326,803.14,168.70,884.52,353.37
132,3345,998.19,161.92,1063.95,311.14
132,3334,732.52,138.04,825.55,349.14
132,3326,812.46,165.04,895.40,353.24
133,3345,1013.55,165.11,1079.93,315.76
133,3334,735.98,137.47,830.25,351.38
133,3326,824.01,163.00,908.06,353.73
134,3345,1029.16,163.31,1097.79,319.05
134,3334,746.02,136.71,841.18,352.65
134,3326,842.65,168.64,926.04,357.85
135,3345,1047.68,156.26,1113.62,305.89
135,3334,759.28,145.82,855.07,363.21
135,3326,860.38,164.11,944.74,355.54
136,3345,1062.28,165.50,1132.89,325.73
136,3334,773.78,139.18,870.03,357.60
136,3326,875.80,170.46,960.87,363.49
137,3345,1075.20,161.78,1146.82,324.30
137,3334,778.97,136.42,875.54,355.57
137,3326,889.72,164.07,975.29,358.24
138,3345,1095.20,165.53,1169.72,334.63
138,3334,790.43,135.20,887.23,354.88
138,3326,903.08,169.89,989.01,364.88
139,3345,1106.09,166.62,1184.26,344.01
139,3334,803.63,144.41,900.60,364.45
139,3326,924.73,171.92,1010.92,367.49
140,3345,1126.84,165.66,1207.56,348.83
140,3334,818.15,138.00,915.23,358.30
140,3326,941.04,172.55,1027.41,368.53
141,3334,833.15,145.28,930.31,365.75
141,3326,965.67,171.70,1055.15,374.75
142,3334,848.34,147.98,945.54,368.56
142,3326,989.82,171.06,1078.59,372.49
143,3334,852.54,184.37,941.63,386.55
143,3326,1015.65,171.06,1103.89,371.30
144,3326,1042.70,171.23,1130.56,370.58
145,3326,1078.00,171.42,1165.56,370.12
