1,3619,564.45,143.87,582.20,190.94
1,3618,545.65,144.50,565.43,190.74
1,3617,466.31,141.50,547.81,330.95
1,3616,386.84,150.94,490.65,356.83
2,3619,560.50,142.18,579.03,188.65
2,3618,539.57,139.19,561.72,188.64
2,3617,496.62,151.22,554.89,320.68
2,3616,393.17,150.92,501.28,358.66
3,3620,491.32,143.53,507.36,186.95
3,3617,510.97,149.19,570.25,325.44
3,3616,410.73,156.40,501.54,350.00
4,3617,518.64,145.47,584.73,336.61
4,3616,440.94,162.42,512.27,340.46
5,3617,524.12,142.33,598.32,344.92
5,3616,456.49,158.99,527.72,348.02
6,3617,529.68,141.69,609.19,348.93
6,3616,465.43,154.84,540.25,350.37
7,3617,536.84,142.18,618.23,349.76
7,3616,469.60,156.50,549.09,358.13
8,3617,555.34,142.32,627.50,347.22
8,3616,482.97,156.55,563.05,360.27
9,3617,572.76,143.94,638.87,345.71
9,3616,503.63,159.59,574.84,357.64
10,3624,496.30,144.12,518.75,204.89
10,3617,586.51,142.67,657.72,351.64
10,3616,521.50,158.86,591.13,358.13
11,3624,495.11,142.86,518.42,205.11
11,3617,602.90,143.42,678.90,356.80
12,3625,516.92,140.00,538.68,194.01
12,3624,497.30,141.24,519.51,201.15
12,3617,616.23,142.76,693.19,358.14
13,3626,537.36,153.32,646.63,368.53
13,3625,515.92,140.08,536.42,194.96
13,3624,497.02,141.85,519.52,203.05
13,3617,625.73,144.74,698.56,359.31
14,3628,540.85,142.93,563.30,197.77
14,3627,265.21,143.71,339.24,328.45
14,3626,558.09,154.88,653.80,362.92
14,3625,516.21,140.04,535.41,194.85
14,3624,498.77,142.06,521.50,203.72
14,3617,634.80,145.12,704.44,360.81
15,3628,542.28,145.23,562.95,198.32
15,3627,275.41,144.24,353.66,332.74
15,3626,583.98,156.91,666.85,357.43
15,3625,517.07,140.63,535.05,194.48
15,3624,500.79,142.28,523.70,203.79
15,3617,650.72,144.02,719.11,361.76
16,3629,240.70,121.00,302.13,343.58
16,3628,540.67,146.16,561.03,199.97
16,3627,290.54,147.90,365.88,330.86
16,3626,592.22,156.25,676.30,360.62
16,3624,504.97,143.27,527.82,204.75
16,3617,660.40,143.79,734.58,366.14
17,3629,249.95,120.62,312.92,340.78
17,3628,539.95,145.30,560.55,200.01
17,3627,300.31,142.34,375.10,324.77
17,3626,599.06,154.88,690.65,365.27
17,3624,507.73,143.96,530.29,206.77
17,3617,673.71,143.94,752.20,367.72
18,3629,254.33,124.80,315.87,339.97
18,3628,541.24,144.56,561.98,199.67
18,3627,315.29,141.73,393.28,325.95
18,3626,605.72,154.98,703.08,367.61
18,3624,510.35,142.54,533.08,207.03
18,3617,683.40,143.46,763.23,367.38
19,3632,460.62,140.78,481.94,191.25
19,3631,573.01,150.35,590.67,199.93
19,3629,259.94,126.98,323.64,345.66
19,3628,541.64,142.53,563.55,199.00
19,3627,323.06,137.59,412.62,330.22
19,3626,622.00,154.98,715.85,366.28
19,3624,511.44,142.08,534.00,207.24
19,3617,695.43,143.27,773.33,367.14
20,3632,453.38,139.84,476.84,193.40
20,3631,574.29,149.76,591.58,199.03
20,3629,271.55,124.65,338.24,345.91
20,3628,541.12,141.38,563.04,198.10
20,3627,332.67,138.66,427.30,333.85
20,3626,646.88,155.10,734.02,363.66
20,3624,510.66,141.30,534.35,208.39
20,3617,710.79,142.56,783.76,364.93
21,3633,1078.22,136.59,1163.47,376.34
21,3632,450.93,141.10,474.20,193.18
21,3631,574.60,149.68,591.77,198.92
21,3629,279.84,130.52,351.89,355.77
21,3628,541.09,142.09,563.04,198.35
21,3627,343.53,140.50,435.06,333.28
21,3626,668.83,151.96,755.97,363.34
21,3624,511.67,139.75,535.00,206.76
21,3617,726.33,141.17,801.48,364.97
22,3633,1028.42,131.54,1135.16,382.65
22,3632,449.55,140.85,472.58,193.52
22,3631,574.64,150.30,591.58,199.50
22,3629,289.29,130.76,359.64,346.69
22,3628,541.60,141.52,562.77,197.74
22,3627,359.95,142.29,446.37,330.53
22,3626,683.46,151.50,773.76,365.49
22,3624,515.79,138.94,538.24,205.81
22,3617,742.76,140.96,820.46,366.98
23,3634,498.14,142.96,522.66,183.60
23,3633,988.47,135.64,1112.75,384.25
23,3632,443.97,139.86,468.11,194.46
23,3631,574.81,150.23,591.74,199.68
23,3629,307.31,128.57,371.56,326.49
23,3628,542.42,142.10,562.98,198.29
23,3627,381.11,144.19,462.46,329.07
23,3626,692.75,151.92,791.80,368.12
23,3624,518.79,139.49,540.89,206.86
23,3617,759.44,142.49,841.76,368.32
24,3633,953.80,138.66,1082.27,381.43
24,3632,438.11,138.11,463.51,192.25
24,3631,575.85,149.76,592.67,199.87
24,3629,318.65,127.99,388.91,334.25
24,3628,543.46,143.37,563.18,198.55
24,3627,393.17,147.10,476.12,331.07
24,3626,699.21,150.01,805.18,367.80
24,3624,518.84,140.41,541.21,208.53
24,3617,774.25,143.28,854.80,368.51
25,3633,929.12,140.28,1046.73,376.07
25,3632,429.65,137.09,456.26,187.71
25,3631,575.73,148.85,593.81,200.79
25,3629,328.11,129.42,399.74,338.34
25,3628,543.89,143.13,562.97,197.90
25,3627,401.21,156.16,487.60,333.75
25,3626,715.19,148.89,816.66,366.96
25,3624,518.23,140.38,540.84,209.11
25,3617,790.55,142.69,866.24,367.66
26,3633,908.64,142.85,1016.89,372.90
26,3632,423.13,138.24,449.55,184.60
26,3631,576.51,149.12,595.89,201.02
26,3629,336.23,136.28,415.15,344.73
26,3628,544.23,143.68,562.84,198.28
26,3627,414.59,153.59,500.41,333.15
26,3626,740.77,148.50,833.80,364.79
26,3624,519.18,141.05,542.65,212.01
26,3617,804.74,141.51,880.83,368.20
27,3638,500.26,136.72,521.52,183.56
27,3633,877.64,145.55,996.87,376.40
27,3632,417.92,138.14,445.88,184.15
27,3631,578.43,149.10,597.53,200.61
27,3629,341.02,133.06,425.86,347.35
27,3628,543.83,143.91,562.31,198.44
27,3627,430.64,148.08,510.90,329.65
27,3626,751.76,147.60,844.68,365.32
27,3624,521.39,141.04,545.54,213.15
27,3617,825.65,140.83,905.20,368.75
28,3638,500.31,136.93,521.39,180.84
28,3633,870.64,148.00,988.90,375.65
28,3631,578.56,148.45,597.71,200.80
28,3629,352.76,131.09,435.85,346.73
28,3628,543.74,144.60,561.84,198.62
28,3627,447.53,147.18,523.13,330.56
28,3626,757.10,148.43,856.79,366.79
28,3624,523.89,142.10,548.17,214.52
28,3617,837.90,141.19,916.89,368.43
29,3638,499.96,136.46,519.44,178.03
29,3633,849.07,145.12,962.80,372.58
29,3631,580.28,147.65,599.69,201.23
29,3629,367.62,132.47,445.18,348.81
29,3628,543.89,145.09,561.58,199.82
29,3627,463.95,148.79,546.71,335.17
29,3626,769.83,149.28,876.12,368.60
29,3624,527.68,141.24,552.31,214.69
30,3638,495.65,137.82,518.14,182.54
30,3631,580.44,147.11,601.10,202.38
30,3629,379.60,129.90,455.61,349.28
30,3627,471.81,151.90,560.02,340.86
30,3626,795.93,149.58,900.41,368.31
30,3624,528.99,140.73,554.55,215.88
31,3638,493.94,138.35,515.75,182.40
31,3631,582.93,148.41,603.06,203.24
31,3629,388.54,129.86,468.86,351.30
31,3627,477.14,152.48,566.49,344.31
31,3626,821.50,149.66,920.61,367.11
32,3638,492.90,138.54,513.83,182.40
32,3631,583.92,148.08,604.15,203.61
32,3629,397.63,134.49,484.76,360.17
32,3627,495.50,153.64,576.29,343.91
32,3626,849.83,147.05,952.72,367.29
32,3617,917.71,136.89,999.98,364.07
33,3638,488.09,138.99,508.98,181.73
33,3633,739.99,156.25,842.05,363.20
33,3631,586.86,147.94,606.19,202.07
33,3629,405.95,132.36,490.81,359.45
33,3627,516.25,154.21,591.37,346.12
33,3626,865.94,147.56,968.19,366.93
33,3617,936.97,136.81,1019.23,364.97
34,3633,723.62,156.68,813.36,359.03
34,3631,588.16,147.77,607.77,199.34
34,3629,424.62,132.51,506.05,362.51
34,3627,533.30,153.29,610.62,348.10
34,3626,894.12,145.88,1011.02,367.75
34,3617,962.56,137.56,1044.22,366.62
35,3633,699.17,157.35,792.55,357.77
35,3631,591.12,146.76,609.76,195.87
35,3629,443.36,129.67,524.14,362.33
35,3627,545.30,154.85,627.97,354.01
35,3626,925.86,145.14,1053.23,367.81
36,3633,679.93,157.47,784.72,356.22
36,3629,457.15,128.84,542.26,363.65
36,3627,554.26,154.60,642.96,358.54
36,3626,938.73,146.43,1055.62,367.83
37,3633,663.67,158.11,767.79,353.35
37,3629,466.32,133.48,556.09,367.17
37,3627,572.39,151.47,658.72,357.37
37,3626,961.30,143.21,1075.42,365.40
38,3643,547.79,140.33,573.53,222.72
38,3633,643.95,157.84,734.74,350.65
38,3629,475.11,131.32,570.09,368.29
38,3627,588.84,150.25,671.25,358.02
38,3626,991.82,141.49,1113.71,366.24
38,3617,1070.02,134.15,1140.88,354.22
39,3633,634.13,161.78,712.57,353.81
39,3629,487.71,132.80,583.39,370.00
39,3627,605.91,152.27,691.84,362.72
39,3626,1021.05,137.72,1152.04,365.98
40,3629,512.80,131.22,606.22,368.66
40,3627,612.49,151.96,708.95,367.30
40,3626,1050.08,138.44,1187.65,367.16
41,3629,527.20,131.96,615.69,369.88
41,3627,620.81,149.20,717.37,367.10
41,3626,1077.19,140.79,1217.51,368.13
42,3629,544.90,132.00,635.36,370.46
42,3627,630.92,147.72,724.35,366.78
42,3626,1100.13,141.20,1234.17,367.28
43,3650,480.71,137.25,502.80,184.67
43,3649,526.79,136.93,550.96,206.04
43,3629,550.59,133.21,646.28,372.09
43,3627,655.10,145.83,741.60,366.93
43,3626,1123.46,142.49,1244.46,366.69
44,3652,563.13,143.05,591.45,207.03
44,3650,479.69,138.01,500.07,183.60
44,3649,526.11,137.07,550.58,208.69
44,3629,566.09,130.83,659.24,370.99
44,3627,675.34,145.64,761.13,368.09
44,3626,1138.66,163.39,1247.31,376.85
45,3653,453.59,142.58,470.02,182.30
45,3652,559.31,144.96,591.14,219.54
45,3650,479.14,139.58,497.88,183.37
45,3649,528.43,132.64,551.19,193.46
45,3629,581.40,128.02,673.84,369.94
45,3627,691.66,144.93,782.08,369.73
46,3653,452.61,144.08,468.84,181.41
46,3652,558.56,144.09,592.41,225.13
46,3650,479.06,139.65,496.95,182.40
46,3649,529.33,133.40,551.33,191.36
46,3629,609.35,125.44,698.21,368.40
46,3627,699.08,145.22,799.11,371.30
47,3656,479.09,167.55,545.24,326.45
47,3653,451.86,145.07,467.87,181.34
47,3652,566.00,145.00,598.11,225.87
47,3649,527.62,138.19,551.29,203.02
47,3629,627.38,124.97,717.88,369.28
47,3627,716.19,142.94,818.42,370.59
48,3659,605.99,147.30,625.71,209.80
48,3656,451.21,160.77,524.21,331.98
48,3652,571.16,145.14,602.18,226.16
48,3649,527.83,137.44,552.30,207.37
48,3629,637.01,126.90,736.06,371.73
48,3627,737.17,141.32,834.38,370.21
49,3659,607.07,146.28,628.76,212.15
49,3656,426.91,154.89,512.87,338.78
49,3652,573.77,144.94,604.06,227.17
49,3649,529.25,135.87,553.68,208.86
49,3629,649.81,126.58,758.01,372.20
49,3627,753.37,139.65,847.53,369.59
50,3659,608.81,145.65,631.51,212.41
50,3656,411.99,155.91,497.08,335.80
50,3652,576.57,142.86,606.25,226.34
50,3649,529.59,135.27,554.19,211.19
50,3629,670.23,125.14,781.78,371.72
50,3627,768.57,139.11,870.05,369.20
51,3659,610.64,146.11,633.77,212.57
51,3656,399.11,153.94,474.25,327.50
51,3652,580.58,141.73,608.87,223.67
51,3649,530.07,133.74,555.03,211.57
51,3629,694.10,123.74,798.28,370.17
51,3627,785.00,141.35,886.33,371.13
52,3664,466.00,143.03,484.25,186.24
52,3663,562.15,146.31,583.00,212.19
52,3659,612.43,146.11,635.33,211.72
52,3656,376.91,154.46,449.87,327.38
52,3652,581.82,143.00,610.27,225.40
52,3649,530.87,133.07,556.50,212.29
52,3629,711.38,121.75,811.43,366.94
52,3627,799.61,140.23,901.77,370.35
53,3664,464.05,142.50,482.42,186.40
53,3663,563.39,148.10,584.50,212.63
53,3659,613.81,146.98,636.70,212.98
53,3656,350.78,154.73,435.34,331.65
53,3652,586.23,143.96,614.43,226.58
53,3649,531.07,132.19,557.55,212.82
53,3629,721.57,124.13,823.76,369.51
53,3627,827.58,138.65,922.33,369.21
54,3664,462.93,142.49,480.89,186.19
54,3663,563.16,145.59,585.87,213.80
54,3659,616.08,146.92,638.65,212.34
54,3656,336.64,155.58,427.60,332.94
54,3652,588.50,144.48,618.33,231.28
54,3649,531.36,131.17,558.48,212.88
54,3629,743.92,124.07,844.48,369.40
54,3627,858.44,137.26,950.82,368.95
55,3664,462.98,143.13,480.51,186.31
55,3663,562.72,143.23,587.15,214.72
55,3659,619.11,148.37,640.60,212.35
55,3656,321.15,152.84,403.23,328.89
55,3652,589.34,144.48,620.38,233.08
55,3649,531.27,130.94,558.34,214.94
55,3629,757.77,121.37,864.02,369.82
55,3627,882.16,138.04,985.00,369.56
56,3664,462.17,143.15,479.67,186.41
56,3663,562.31,142.69,587.80,216.44
56,3659,621.46,149.24,642.89,213.66
56,3656,309.44,153.60,384.52,327.16
56,3652,590.92,143.68,623.79,235.01
56,3649,532.22,131.31,558.76,216.13
56,3629,780.31,117.32,889.64,367.89
56,3627,897.83,141.29,1017.04,371.09
57,3664,463.27,141.66,482.30,187.44
57,3663,563.27,143.29,588.89,216.84
57,3659,623.40,148.95,644.68,214.00
57,3656,290.66,155.37,367.04,329.63
57,3652,593.04,144.40,627.25,237.00
57,3649,532.60,130.65,559.55,217.39
57,3629,813.36,115.19,923.75,367.73
57,3627,923.02,139.85,1051.39,370.52
58,3669,423.72,138.86,448.53,182.34
58,3664,462.53,140.13,482.62,187.46
58,3663,564.74,143.70,590.64,218.08
58,3659,626.52,149.39,646.82,215.89
58,3656,273.92,154.63,353.94,329.64
58,3652,597.79,144.69,631.76,238.79
58,3649,533.64,130.76,561.88,219.23
58,3629,835.19,114.19,946.75,366.35
58,3627,958.70,137.65,1082.58,369.17
59,3664,461.60,139.72,482.50,187.15
59,3663,566.29,143.16,592.70,219.42
59,3659,629.39,146.72,649.63,209.55
59,3656,257.43,150.66,333.54,323.72
59,3652,600.59,144.45,634.61,239.32
59,3649,534.81,131.49,563.70,220.39
59,3629,856.33,115.31,974.76,368.38
59,3627,984.31,134.70,1100.07,367.59
60,3664,461.69,140.54,483.84,188.45
60,3663,567.44,141.86,594.30,219.24
60,3659,632.22,145.44,652.85,205.59
60,3656,245.89,151.66,314.87,321.25
60,3652,605.24,143.99,638.88,239.49
60,3649,537.75,131.81,566.30,220.58
60,3629,895.17,113.90,1014.29,367.42
60,3627,1012.71,133.76,1127.19,367.54
61,3664,460.43,140.58,484.22,189.19
61,3663,568.81,142.49,595.91,218.61
61,3656,245.38,156.06,307.98,319.09
61,3652,609.58,142.30,644.63,238.26
61,3649,539.71,131.14,567.69,220.37
61,3629,924.93,110.61,1041.38,362.73
61,3627,1041.62,137.00,1156.43,369.56
62,3670,399.09,142.22,416.87,179.77
62,3669,423.30,140.68,443.28,181.25
62,3664,456.81,139.97,481.74,190.09
62,3663,570.44,142.92,597.43,219.31
62,3652,612.99,142.96,650.44,239.71
62,3649,540.57,130.04,568.66,218.95
62,3629,952.76,106.84,1070.56,362.03
62,3627,1077.70,136.63,1193.98,368.86
63,3664,453.27,139.18,478.19,189.86
63,3663,571.07,143.09,598.26,219.17
63,3652,615.25,144.41,654.67,243.70
63,3649,541.87,130.96,570.02,219.53
63,3629,971.29,107.26,1096.71,364.98
63,3627,1114.97,132.73,1225.97,366.98
64,3664,450.01,140.55,475.62,193.43
64,3663,571.82,142.81,599.04,219.14
64,3652,617.96,144.15,658.50,246.51
64,3649,543.16,132.50,571.33,221.56
64,3629,993.31,108.88,1129.22,366.91
64,3627,1145.16,129.97,1242.65,365.16
65,3664,447.87,142.12,473.14,196.57
65,3663,573.28,142.95,601.39,220.72
65,3652,623.47,144.59,662.70,247.07
65,3649,543.82,132.19,572.17,221.81
65,3629,1025.80,110.30,1167.89,368.58
66,3664,445.43,142.46,470.11,196.93
66,3663,574.78,141.83,603.75,220.19
66,3652,628.78,144.07,668.37,248.52
66,3649,544.71,132.39,573.41,223.10
66,3629,1067.61,104.34,1211.21,365.39
67,3664,442.34,141.94,466.56,197.53
67,3663,576.30,141.93,605.14,220.27
67,3652,632.14,144.81,672.63,250.34
67,3649,546.80,133.71,575.55,224.18
67,3629,1112.87,103.32,1240.27,365.38
68,3672,513.30,144.40,526.66,173.62
68,3669,414.97,140.77,432.01,176.60
68,3664,441.08,141.94,464.78,198.88
68,3663,577.98,142.49,607.26,221.12
68,3652,636.15,144.61,676.26,250.88
68,3649,547.74,132.47,576.42,223.86
69,3672,511.27,143.63,525.99,174.69
69,3669,413.19,141.20,430.58,177.18
69,3664,440.18,139.11,462.28,193.00
69,3663,580.45,141.85,611.15,222.41
69,3652,641.07,143.97,680.57,251.17
69,3649,548.39,133.05,577.14,224.77
70,3672,509.79,143.62,525.21,175.77
70,3669,410.65,141.45,428.76,177.92
70,3664,436.98,138.68,459.00,190.58
70,3663,583.16,140.88,614.11,222.63
70,3652,645.90,142.73,685.74,252.02
70,3649,548.49,132.42,578.11,225.22
71,3672,508.22,143.19,523.69,175.27
71,3669,409.86,141.40,428.15,177.96
71,3664,434.22,139.27,456.72,189.83
71,3663,585.49,140.92,616.98,223.85
71,3652,650.86,143.74,691.62,254.24
71,3649,548.87,131.77,579.36,225.73
72,3672,506.91,143.22,522.78,176.14
72,3664,433.60,139.77,455.11,189.84
72,3663,587.39,142.30,620.05,225.09
72,3652,656.14,145.49,698.73,258.16
72,3649,550.99,130.79,580.82,226.25
73,3672,505.29,142.30,521.54,175.64
73,3664,432.62,139.59,453.32,187.98
73,3663,591.09,142.71,624.40,225.98
73,3652,662.08,147.33,706.14,262.99
73,3649,550.42,130.88,581.28,226.72
74,3672,503.47,142.74,519.39,175.65
74,3664,432.24,138.05,451.89,186.24
74,3663,593.56,143.49,626.80,226.89
74,3652,671.63,146.19,714.57,262.40
74,3649,551.02,131.36,582.08,228.13
75,3672,501.71,143.61,517.63,176.55
75,3664,430.12,138.32,449.90,188.21
75,3663,596.72,143.23,630.30,226.78
75,3652,677.30,145.40,720.23,264.25
75,3649,552.20,132.21,582.71,229.96
76,3675,659.74,150.41,686.49,225.55
76,3672,498.87,143.53,514.76,176.74
76,3664,428.55,138.38,448.48,188.16
76,3663,599.64,143.63,633.77,227.07
76,3652,682.67,145.59,727.37,266.22
76,3649,550.42,131.61,582.64,231.23
77,3675,663.05,149.85,690.30,225.57
77,3672,497.21,144.03,512.86,178.30
77,3664,426.63,140.03,446.72,189.53
77,3663,601.64,144.48,637.87,228.00
77,3652,686.98,146.29,733.99,268.56
77,3649,552.58,130.70,584.71,230.50
78,3675,666.56,148.77,694.27,226.03
78,3672,495.41,142.51,510.50,177.59
78,3664,424.34,139.23,444.62,188.74
78,3663,604.61,145.13,641.44,228.90
78,3652,689.45,145.89,738.56,269.76
78,3649,553.48,130.45,585.21,231.76
79,3675,669.23,147.74,697.93,225.74
79,3672,494.18,143.72,509.28,179.33
79,3664,422.96,139.61,443.78,188.75
79,3663,607.41,144.64,644.26,229.65
79,3652,698.09,144.32,746.38,270.48
79,3649,555.71,131.27,587.00,233.45
80,3675,671.00,148.63,700.69,226.99
80,3672,492.82,144.98,508.38,180.47
80,3664,421.63,138.59,443.02,188.62
80,3663,608.52,144.67,645.94,229.63
80,3652,706.72,143.94,753.91,271.87
80,3649,557.55,131.22,588.78,234.60
81,3675,673.61,150.31,703.43,228.54
81,3672,491.18,144.62,506.76,179.35
81,3664,419.33,137.10,441.10,187.15
81,3663,609.73,145.37,648.03,230.71
81,3652,713.09,145.46,762.02,276.49
81,3649,558.94,130.96,590.26,236.14
82,3678,511.08,147.62,525.27,176.91
82,3675,676.01,150.02,706.45,229.08
82,3672,487.60,143.47,503.00,177.84
82,3664,416.65,138.09,438.46,188.17
82,3663,611.71,145.95,650.90,232.85
82,3652,716.90,147.07,769.51,281.82
82,3649,560.68,130.63,592.34,237.71
83,3678,509.20,147.45,523.73,177.30
83,3675,679.00,149.73,709.27,229.42
83,3672,484.90,143.54,500.71,177.87
83,3664,415.31,138.53,436.57,188.09
83,3663,613.19,144.93,654.32,233.54
83,3652,725.12,147.09,779.50,284.31
83,3649,562.22,128.80,594.57,236.91
84,3678,507.09,147.34,522.31,178.29
84,3675,680.76,150.13,711.78,231.56
84,3672,482.56,143.77,498.93,178.77
84,3664,412.94,137.79,433.64,186.47
84,3663,617.12,145.01,658.19,234.82
84,3652,733.79,146.52,788.53,286.04
84,3649,560.45,129.42,595.37,239.95
85,3678,504.09,147.18,519.47,178.59
85,3675,681.20,151.14,714.05,233.54
85,3672,481.14,143.73,498.10,179.41
85,3664,412.25,139.06,432.17,187.12
85,3663,621.15,145.45,661.44,236.63
85,3652,743.37,145.94,798.03,287.20
85,3649,559.76,130.41,596.95,242.53
86,3678,501.82,146.82,516.72,178.78
86,3675,683.10,152.20,716.68,234.76
86,3672,479.47,143.90,496.54,179.72
86,3664,410.95,136.63,431.66,185.73
86,3663,624.67,146.49,664.80,238.73
86,3652,750.54,147.30,807.00,289.26
86,3649,563.00,130.61,600.66,243.88
87,3678,500.07,146.86,514.82,179.66
87,3675,685.08,150.86,719.90,235.83
87,3672,477.69,143.76,494.85,180.11
87,3664,411.19,137.55,433.30,186.56
87,3663,626.64,146.51,667.58,239.38
87,3652,753.15,148.90,814.13,293.56
87,3649,564.64,128.74,602.84,244.60
88,3678,497.37,147.53,512.37,180.49
88,3675,689.00,149.60,725.15,236.56
88,3672,475.88,143.36,493.13,180.92
88,3664,407.56,137.15,428.52,184.67
88,3663,628.97,145.77,672.24,240.23
88,3652,758.14,148.30,820.06,296.08
88,3649,569.58,125.43,606.58,242.81
89,3678,494.58,147.88,509.88,181.06
89,3675,694.59,149.79,731.11,237.11
89,3672,473.62,143.80,490.30,181.19
89,3664,405.31,137.18,425.17,182.67
89,3663,628.58,145.22,674.22,242.38
89,3652,771.92,147.65,830.29,297.49
89,3649,574.53,125.88,610.90,244.96
90,3678,492.94,148.03,508.38,181.81
90,3675,697.50,151.06,735.76,239.10
90,3672,470.00,144.54,486.31,181.56
90,3664,403.02,137.17,421.51,181.64
90,3663,628.88,145.28,675.38,244.15
90,3652,782.95,147.74,839.51,301.36
90,3649,576.84,126.16,613.52,246.34
91,3678,490.73,147.88,506.18,181.80
91,3675,702.23,151.37,740.08,239.37
91,3672,467.61,144.37,483.58,181.20
91,3664,402.04,136.88,419.68,179.48
91,3663,629.88,145.70,677.14,244.30
91,3652,790.61,147.63,850.38,304.09
91,3649,578.71,127.04,615.45,247.66
92,3678,488.38,147.61,503.71,181.63
92,3675,705.59,150.97,742.41,239.50
92,3672,466.12,144.78,481.59,181.43
92,3664,399.74,137.51,417.17,178.91
92,3663,631.49,146.94,678.24,246.72
92,3652,797.63,149.62,862.00,313.09
92,3649,582.71,128.54,618.80,248.48
93,3682,550.29,140.04,569.54,176.62
93,3678,485.63,146.70,501.12,181.57
93,3675,709.95,150.88,745.03,240.22
93,3672,463.73,144.66,479.23,180.82
93,3664,397.47,137.89,414.98,178.20
93,3663,632.76,147.47,679.09,247.96
93,3652,809.40,151.46,874.52,318.52
93,3649,586.41,127.25,622.33,248.33
94,3675,714.03,151.89,749.68,242.52
94,3672,462.56,144.68,477.59,181.32
94,3664,395.49,139.27,412.83,177.86
94,3663,634.63,147.32,679.99,248.73
94,3652,825.87,149.57,889.05,319.33
94,3649,587.17,126.65,624.52,248.97
95,3675,717.38,152.54,752.46,244.01
95,3672,460.07,144.69,475.33,182.41
95,3664,393.56,140.41,410.32,178.47
95,3663,638.39,147.56,683.68,249.43
95,3652,839.52,149.79,903.37,322.72
95,3649,587.27,127.97,627.34,251.74
96,3675,722.85,151.82,756.96,244.43
96,3672,456.16,144.87,473.02,182.17
96,3663,642.00,147.90,687.20,250.12
96,3652,851.25,151.63,924.63,328.40
96,3649,586.34,129.31,629.53,253.73
97,3682,546.96,142.17,563.52,178.58
97,3678,478.51,147.84,493.29,183.03
97,3675,728.39,152.36,762.07,244.44
97,3672,452.10,145.19,469.65,182.46
97,3663,643.34,148.61,690.11,252.28
97,3652,855.40,153.98,936.44,337.40
97,3649,588.58,131.38,633.05,257.14
98,3682,546.15,141.99,562.79,179.30
98,3678,476.58,148.09,491.77,183.40
98,3675,731.78,151.49,768.07,244.87
98,3672,450.71,145.99,468.14,183.28
98,3663,644.86,147.99,691.97,254.74
98,3652,864.35,152.60,946.24,339.76
98,3649,594.95,131.45,637.74,258.23
99,3682,545.99,142.09,562.62,179.82
99,3678,474.51,148.65,490.03,183.86
99,3675,735.76,152.68,775.38,247.31
99,3672,449.99,143.91,467.06,181.87
99,3663,647.15,147.16,694.06,256.05
99,3652,885.96,150.43,962.40,339.59
99,3649,601.16,130.25,642.99,258.27
100,3682,545.70,142.29,562.12,180.43
100,3678,470.45,147.67,487.13,184.08
100,3675,740.49,153.94,781.70,249.85
100,3672,449.39,143.03,466.02,181.70
100,3663,649.83,148.57,696.65,258.22
100,3652,906.06,151.31,979.57,344.04
100,3649,606.03,132.27,648.27,261.76
101,3678,465.89,146.63,482.16,183.97
101,3675,743.54,153.51,785.62,250.37
101,3672,444.70,144.99,462.10,183.42
101,3663,650.99,150.32,699.28,261.93
101,3652,920.13,153.02,1003.75,351.28
101,3649,609.27,132.12,651.12,261.71
102,3685,374.22,137.63,395.80,174.38
102,3678,464.05,145.87,480.20,183.96
102,3675,747.12,152.79,788.53,250.06
102,3672,442.78,144.65,459.55,182.91
102,3663,654.54,151.08,704.86,265.34
102,3652,930.89,154.11,1022.84,359.02
102,3649,611.78,131.76,654.03,260.94
103,3685,370.19,139.15,392.19,177.37
103,3678,462.88,145.04,478.88,184.27
103,3675,750.42,152.55,793.40,251.63
103,3672,437.72,144.89,455.08,183.39
103,3663,659.15,151.60,709.07,266.80
103,3652,948.83,153.05,1040.49,360.75
103,3649,613.37,130.46,657.18,261.78
104,3685,364.59,137.63,387.87,175.45
104,3678,462.68,144.45,478.86,184.75
104,3675,755.27,152.97,798.99,253.03
104,3672,435.72,145.32,453.48,183.86
104,3663,663.77,151.11,711.41,267.39
104,3652,977.46,150.11,1064.15,362.94
104,3649,606.66,130.36,656.91,267.27
105,3685,362.17,138.51,385.29,176.67
105,3678,463.32,144.75,479.85,185.57
105,3675,760.36,152.91,802.89,253.95
105,3672,433.68,144.43,450.99,181.75
105,3663,668.54,151.06,718.00,269.08
105,3652,994.73,148.75,1089.69,366.96
105,3649,598.47,131.00,657.60,272.77
106,3687,548.84,142.07,565.04,181.59
106,3685,360.64,139.60,383.68,179.27
106,3678,458.31,146.46,474.97,187.57
106,3675,766.72,153.14,808.31,255.61
106,3672,432.65,144.94,449.68,181.47
106,3663,671.72,151.88,723.59,271.66
106,3652,1011.21,149.25,1124.35,370.01
106,3649,595.46,131.99,661.18,275.81
107,3678,455.93,147.99,472.37,187.68
107,3675,773.74,153.14,815.80,256.51
107,3672,429.83,144.48,447.43,181.36
107,3663,674.82,153.05,727.09,274.48
107,3652,1020.23,149.20,1140.52,371.39
107,3649,594.01,132.22,664.54,279.06
108,3675,780.61,154.78,824.59,259.84
108,3672,427.12,143.01,445.59,179.89
108,3663,679.16,151.81,734.04,276.23
108,3652,1040.25,147.41,1160.41,371.13
108,3649,593.11,132.81,666.38,280.46
109,3675,784.91,156.14,831.78,263.21
109,3672,424.99,142.99,443.44,180.43
109,3663,681.77,150.96,739.06,279.59
109,3652,1075.47,143.62,1184.68,368.51
109,3649,601.30,131.27,672.64,280.32
110,3675,789.47,156.29,837.04,265.36
110,3672,422.82,143.61,441.73,181.63
110,3663,685.36,153.17,743.53,285.51
110,3652,1106.26,143.27,1209.73,368.62
110,3649,616.26,131.32,680.60,282.27
111,3678,442.79,147.47,459.07,185.50
111,3675,795.18,155.37,841.30,264.47
111,3672,418.66,143.31,438.07,180.81
111,3663,688.84,155.26,746.91,289.99
111,3652,1125.32,145.76,1227.07,370.96
111,3649,626.54,131.94,685.07,284.91
112,3678,439.19,147.29,455.87,186.04
112,3675,802.00,154.34,847.02,265.51
112,3672,416.60,142.68,435.79,180.06
112,3663,694.60,155.22,755.85,292.34
112,3652,1136.52,163.94,1234.71,378.67
112,3649,633.82,133.34,688.48,287.75
113,3678,435.44,147.87,452.93,185.96
113,3675,806.36,154.94,853.95,267.11
113,3672,413.13,142.85,432.71,180.32
113,3663,700.04,154.26,760.96,292.02
113,3649,639.31,132.35,691.98,288.40
114,3678,434.00,148.76,451.38,185.87
114,3675,808.61,155.61,859.07,270.47
114,3672,412.98,142.57,432.06,180.62
114,3663,705.33,154.34,766.33,295.06
114,3649,643.65,133.26,695.10,292.29
115,3689,496.05,144.72,512.43,185.07
115,3678,431.68,147.47,449.30,184.50
115,3675,812.78,155.71,864.93,272.42
115,3672,410.27,143.15,429.92,181.98
115,3663,709.84,155.21,771.59,296.96
115,3649,644.87,133.28,697.28,297.84
116,3678,429.50,146.19,447.05,183.61
116,3675,823.92,156.44,876.07,275.27
116,3672,408.18,142.68,427.92,181.63
116,3663,713.67,154.97,775.18,297.06
116,3649,640.32,132.80,699.29,302.41
117,3678,428.39,145.11,445.52,182.77
117,3675,833.40,156.00,888.01,275.80
117,3672,406.63,142.16,425.75,179.42
117,3663,722.22,155.62,786.44,300.13
117,3649,637.84,134.02,702.34,308.35
118,3678,425.37,145.21,443.37,183.17
118,3675,841.09,157.26,898.38,279.21
118,3672,405.23,143.12,424.03,179.82
118,3663,725.17,155.96,791.78,304.22
118,3649,640.88,134.46,706.19,312.00
119,3689,506.23,142.66,525.25,183.88
119,3678,422.72,145.50,441.66,182.91
119,3675,849.18,158.61,908.46,282.86
119,3672,402.32,143.67,421.74,180.62
119,3663,726.36,156.34,793.78,307.87
119,3649,651.94,134.35,714.82,313.88
120,3689,509.36,142.56,527.74,182.29
120,3675,858.46,158.56,917.72,285.13
120,3672,401.19,143.31,419.99,180.63
120,3663,730.06,161.42,795.63,317.25
120,3649,662.97,132.37,721.42,314.74
121,3691,552.31,141.26,576.37,184.64
121,3689,512.84,142.86,529.91,182.66
121,3675,866.65,157.07,924.75,284.38
121,3672,399.21,144.11,418.32,181.76
121,3663,734.03,163.89,800.88,324.88
121,3649,671.80,134.52,729.76,321.15
122,3691,551.83,139.74,577.72,184.16
122,3675,877.21,156.67,934.15,286.52
122,3663,737.90,163.43,803.72,328.19
122,3649,679.34,138.13,739.61,329.18
123,3675,888.57,156.33,950.28,290.16
123,3663,748.09,162.08,815.45,332.02
123,3649,682.35,139.78,743.11,331.01
124,3675,893.75,157.49,956.81,292.76
124,3663,753.10,161.48,822.96,333.99
124,3649,685.52,138.12,748.38,333.50
125,3675,905.92,156.98,966.99,294.87
125,3663,752.64,164.08,827.15,339.49
125,3649,695.58,136.45,757.66,335.91
126,3675,922.14,153.86,983.44,294.63
126,3663,757.46,166.34,835.63,345.41
126,3649,694.07,135.77,760.88,340.03
127,3675,934.68,157.02,999.65,301.02
127,3663,772.26,164.82,847.65,347.17
127,3649,693.03,137.82,767.32,348.90
128,3675,946.90,160.15,1014.94,306.82
128,3663,780.95,164.29,853.13,351.36
128,3649,693.38,135.47,773.99,352.32
129,3675,959.92,160.95,1028.64,309.47
129,3663,789.71,166.22,861.10,358.27
129,3649,698.93,134.48,782.69,356.72
130,3675,970.40,158.61,1036.52,306.74
130,3663,798.11,167.41,872.02,363.96
130,3649,716.67,134.10,796.20,360.80
131,3675,981.17,157.87,1048.64,311.04
131,3663,809.92,164.89,886.87,365.45
131,3649,732.44,133.18,808.36,363.39
132,3695,391.49,148.84,411.04,179.62
132,3675,997.49,159.93,1071.09,315.91
132,3663,821.67,162.71,898.16,366.53
132,3649,743.85,132.86,819.44,366.06
133,3695,390.64,150.90,410.09,181.08
133,3675,1011.37,162.58,1087.27,322.15
133,3663,830.93,161.91,911.95,368.40
133,3649,752.31,132.05,829.78,367.77
134,3675,1023.45,162.29,1094.61,323.75
134,3663,835.73,162.13,924.60,369.72
134,3649,758.46,129.45,838.48,368.44
135,3675,1038.98,159.11,1111.02,324.58
135,3663,847.51,162.86,943.62,371.22
135,3649,769.71,125.20,848.77,367.03
136,3675,1055.23,162.35,1131.17,333.70
136,3663,864.64,161.38,959.55,370.18
136,3649,780.94,122.44,859.69,366.97
137,3675,1072.26,164.63,1154.30,338.67
137,3663,887.73,158.88,982.01,369.31
137,3649,781.24,121.93,867.13,368.13
138,3675,1089.37,164.33,1172.94,343.44
138,3663,901.58,158.96,996.66,370.05
138,3649,781.38,122.57,876.68,368.84
139,3675,1106.82,160.04,1187.43,337.30
139,3663,914.86,160.33,1014.19,370.85
139,3649,781.74,123.30,887.35,370.29
140,3675,1124.79,158.82,1205.32,335.05
140,3663,933.13,160.93,1039.73,371.14
140,3649,791.88,119.62,903.57,369.30
141,3675,1142.62,160.57,1222.94,335.75
141,3663,955.63,158.80,1061.90,369.80
141,3649,815.58,114.05,925.16,367.21
142,3675,1146.93,164.38,1228.15,343.85
142,3663,981.98,156.47,1084.83,367.49
142,3649,841.32,111.76,946.20,366.50
143,3675,1161.73,180.79,1235.34,358.58
143,3663,1000.79,158.36,1110.22,368.81
143,3649,861.38,112.46,966.03,368.29
144,3663,1022.43,160.05,1138.11,370.02
144,3649,882.36,112.64,994.92,368.18
145,3663,1063.46,160.74,1186.21,369.57
145,3649,904.61,109.96,1017.12,366.78
