1,1,88.00,99.00,149.08,317.56
1,2,181.00,95.00,256.81,322.01
1,3,184.00,96.00,219.45,250.50
1,4,357.00,82.00,429.92,328.18
1,5,458.00,89.00,522.80,325.59
1,6,513.00,111.00,549.50,233.15
1,7,576.00,84.00,637.63,279.56
2,1,84.00,99.00,145.08,317.56
2,2,184.00,95.00,259.63,321.62
2,3,184.00,96.00,219.53,250.50
2,4,360.00,82.00,432.83,327.79
2,5,460.00,89.00,524.89,325.19
2,6,512.00,111.00,548.48,233.15
2,7,574.00,84.00,635.60,279.37
3,1,80.00,100.00,141.08,318.56
3,2,188.00,95.00,263.41,321.14
3,3,184.00,96.00,219.64,250.51
3,4,362.00,82.00,434.72,327.31
3,5,462.00,89.00,527.00,324.71
3,6,511.00,111.00,547.45,233.14
3,7,572.00,84.00,633.55,279.14
4,1,75.00,100.00,136.08,318.56
4,2,192.00,95.00,267.17,320.62
4,3,184.00,96.00,219.75,250.52
4,4,365.00,82.00,437.59,326.78
4,5,465.00,89.00,530.13,324.18
4,6,510.00,111.00,546.42,233.13
4,7,569.00,84.00,630.50,278.89
5,1,69.00,101.00,130.08,319.56
5,2,196.00,95.00,270.93,320.07
5,3,184.00,96.00,219.87,250.53
5,4,368.00,82.00,440.46,326.24
5,5,468.00,89.00,533.26,323.63
5,6,508.00,111.00,544.39,233.13
5,7,566.00,84.00,627.46,278.63
6,1,64.00,101.00,125.08,319.56
6,2,200.00,95.00,274.68,319.53
6,3,184.00,96.00,219.99,250.53
6,4,371.00,82.00,443.33,325.69
6,5,471.00,89.00,536.39,323.07
6,6,507.00,111.00,543.37,233.12
6,7,564.00,84.00,625.40,278.37
6,8,616.00,108.00,639.99,234.99
7,1,59.00,101.00,120.08,319.56
7,2,204.00,95.00,278.43,318.98
7,3,184.00,96.00,220.11,250.54
7,4,374.00,82.00,446.20,325.13
7,5,473.00,90.00,538.52,323.52
7,6,506.00,112.00,542.34,234.11
7,7,561.00,84.00,622.35,278.10
7,8,615.00,108.00,640.36,235.03
8,1,53.00,102.00,114.08,320.56
8,2,208.00,95.00,282.18,318.43
8,3,184.00,96.00,220.23,250.55
8,4,377.00,82.00,449.07,324.59
8,5,476.00,90.00,541.65,322.97
8,6,504.00,112.00,540.30,234.11
8,7,558.00,85.00,619.30,278.84
8,8,613.00,108.00,640.02,235.08
9,1,48.00,102.00,109.08,320.56
9,2,212.00,95.00,285.93,317.88
9,3,183.00,96.00,219.35,250.56
9,4,380.00,82.00,451.94,324.03
9,5,479.00,90.00,544.79,322.41
9,6,503.00,112.00,539.27,234.10
9,7,555.00,85.00,616.25,278.58
9,8,611.00,108.00,639.84,235.13
10,1,43.00,103.00,104.08,321.56
10,2,216.00,95.00,289.68,317.33
10,3,183.00,96.00,219.47,250.57
10,4,383.00,82.00,454.81,323.49
10,5,482.00,90.00,547.92,321.85
10,6,502.00,112.00,538.25,234.10
10,7,553.00,85.00,614.20,278.31
10,8,609.00,108.00,639.73,235.19
11,1,37.00,103.00,98.08,321.56
11,2,220.00,95.00,293.43,316.78
11,3,183.00,96.00,219.59,250.57
11,4,386.00,82.00,457.68,322.94
11,5,485.00,90.00,551.05,321.30
11,6,500.00,112.00,536.22,234.09
11,7,550.00,85.00,611.14,278.05
11,8,607.00,107.00,639.63,234.24
12,1,32.00,103.00,93.24,321.55
12,2,224.00,95.00,297.18,316.23
12,3,183.00,96.00,219.71,250.58
12,4,389.00,82.00,460.55,322.38
12,5,487.00,90.00,553.18,320.75
12,6,499.00,112.00,535.19,234.08
12,7,547.00,85.00,608.10,277.79
12,8,606.00,107.00,640.53,234.30
13,1,26.00,104.00,87.78,322.53
13,2,228.00,95.00,300.93,315.68
13,3,183.00,96.00,219.83,250.59
13,4,393.00,82.00,464.41,321.84
13,5,490.00,90.00,556.31,320.19
13,6,498.00,112.00,534.16,234.08
13,7,545.00,85.00,606.04,277.53
13,8,604.00,107.00,640.42,234.35
14,1,20.00,104.00,83.16,322.48
14,2,232.00,95.00,304.68,315.13
14,3,183.00,96.00,219.95,250.60
14,4,396.00,82.00,467.28,321.28
14,5,493.00,90.00,559.44,319.63
14,6,496.00,112.00,532.13,234.07
14,7,542.00,85.00,603.00,277.26
14,8,602.00,107.00,640.24,234.40
15,1,14.00,105.00,79.70,323.39
15,2,237.00,95.00,309.43,314.59
15,3,183.00,96.00,220.07,250.61
15,4,399.00,82.00,470.15,320.74
15,5,496.00,90.00,562.58,319.08
15,6,495.00,112.00,531.10,234.07
15,7,539.00,85.00,599.95,277.00
15,8,600.00,107.00,639.90,234.45
16,1,7.00,105.00,76.17,323.26
16,2,241.00,95.00,313.18,314.04
16,3,183.00,96.00,220.19,250.61
16,4,402.00,82.00,473.02,320.19
16,5,499.00,90.00,565.71,318.53
16,6,493.00,112.00,529.08,234.06
16,7,536.00,85.00,596.89,276.74
16,8,598.00,107.00,639.27,234.49
17,1,0.00,105.00,72.38,323.15
17,2,245.00,95.00,316.94,313.49
17,3,183.00,96.00,220.31,250.62
17,4,405.00,83.00,475.89,320.64
17,5,501.00,90.00,567.84,317.97
17,6,492.00,113.00,528.05,235.07
17,7,534.00,86.00,594.85,277.47
17,8,597.00,108.00,639.22,235.52
18,1,1.00,106.00,75.06,324.12
18,2,249.00,95.00,320.69,312.94
18,3,183.00,96.00,220.43,250.63
18,4,408.00,83.00,478.75,320.09
18,5,504.00,90.00,570.97,317.41
18,6,491.00,113.00,527.04,235.10
18,7,531.00,86.00,591.79,277.21
18,8,595.00,108.00,637.76,235.53
19,1,-4.00,106.00,69.24,324.22
19,2,253.00,95.00,324.44,312.39
19,3,183.00,96.00,220.55,250.64
19,4,411.00,83.00,481.62,319.54
19,5,507.00,90.00,574.10,316.86
19,6,489.00,113.00,525.04,235.18
19,7,528.00,86.00,588.75,276.95
19,8,594.00,108.00,637.00,235.54
20,1,-7.00,106.00,62.73,324.48
20,2,257.00,95.00,328.19,311.84
20,3,183.00,96.00,220.66,250.65
20,4,414.00,83.00,484.50,318.99
20,5,510.00,90.00,577.23,316.31
20,6,487.00,113.00,523.07,235.33
20,7,526.00,86.00,586.70,276.69
20,8,592.00,109.00,635.08,236.56
21,1,-9.00,106.00,55.38,324.86
21,2,261.00,95.00,331.94,311.29
21,3,183.00,96.00,220.78,250.65
21,4,417.00,83.00,487.36,318.44
21,5,513.00,90.00,580.37,315.75
21,6,485.00,112.00,521.13,234.53
21,7,523.00,86.00,583.64,276.43
21,8,591.00,109.00,634.07,236.59
22,1,0.00,106.00,58.86,325.25
22,2,265.00,95.00,335.69,310.74
22,3,183.00,96.00,220.90,250.66
22,4,420.00,83.00,490.23,317.89
22,5,515.00,90.00,582.50,315.19
22,6,483.00,112.00,519.20,234.79
22,7,520.00,86.00,580.60,276.16
22,8,590.00,109.00,633.02,236.65
23,2,269.00,95.00,339.44,310.19
23,3,183.00,96.00,221.02,250.67
23,4,423.00,83.00,493.10,317.34
23,5,518.00,90.00,585.63,314.64
23,6,481.00,112.00,517.29,235.07
23,7,517.00,86.00,577.54,275.90
23,8,590.00,109.00,632.96,236.74
24,2,273.00,95.00,343.19,309.64
24,3,183.00,96.00,221.14,250.68
24,4,426.00,83.00,495.97,316.79
24,5,521.00,90.00,588.76,314.09
24,6,479.00,112.00,515.38,235.36
24,7,515.00,86.00,575.50,275.64
24,8,590.00,109.00,632.88,236.84
25,2,277.00,95.00,346.94,309.10
25,3,183.00,96.00,221.26,250.69
25,4,429.00,83.00,498.84,316.25
25,5,524.00,90.00,591.89,313.53
25,6,477.00,112.00,513.47,235.66
25,7,512.00,86.00,572.45,275.38
25,8,590.00,109.00,632.79,236.95
26,2,282.00,95.00,351.69,308.55
26,3,183.00,96.00,221.38,250.69
26,4,432.00,83.00,501.70,315.69
26,5,527.00,90.00,595.02,312.97
26,6,475.00,111.00,511.56,234.95
26,7,509.00,86.00,569.39,275.11
26,8,589.00,109.00,631.70,237.06
27,2,286.00,95.00,355.44,308.00
27,3,183.00,96.00,221.50,250.70
27,4,435.00,83.00,504.57,315.15
27,5,529.00,90.00,597.15,312.42
27,6,473.00,111.00,509.65,235.24
27,7,507.00,87.00,567.35,275.85
27,8,589.00,109.00,631.60,237.17
28,2,290.00,95.00,359.19,307.45
28,3,183.00,96.00,221.62,250.71
28,4,438.00,83.00,507.44,314.59
28,5,532.00,90.00,600.28,311.87
28,6,471.00,111.00,507.74,235.54
28,7,504.00,87.00,564.29,275.59
28,8,589.00,109.00,631.51,237.29
29,2,294.00,95.00,362.94,306.90
29,3,183.00,96.00,221.74,250.72
29,4,441.00,83.00,510.31,314.04
29,5,535.00,90.00,603.41,311.31
29,6,469.00,111.00,505.83,235.83
29,7,501.00,87.00,561.25,275.32
29,8,589.00,109.00,631.42,237.40
30,2,298.00,95.00,366.69,306.35
30,3,183.00,96.00,221.86,250.73
30,4,444.00,83.00,513.18,313.50
30,5,538.00,91.00,606.55,311.75
30,6,466.00,110.00,502.92,235.12
30,7,498.00,87.00,558.20,275.06
30,8,589.00,109.00,631.32,237.51
31,2,302.00,95.00,370.44,305.80
31,3,183.00,96.00,221.98,250.73
31,4,447.00,83.00,516.05,312.94
31,5,541.00,91.00,609.68,311.20
31,6,464.00,110.00,501.01,235.42
31,7,496.00,87.00,556.14,274.80
31,8,589.00,109.00,631.23,237.63
32,2,306.00,95.00,374.19,305.25
32,3,183.00,96.00,222.10,250.74
32,4,450.00,84.00,518.92,313.40
32,5,543.00,91.00,611.81,310.65
32,6,462.00,110.00,499.11,235.71
32,7,493.00,87.00,553.10,274.54
32,8,589.00,109.00,631.14,237.74
33,2,310.00,95.00,377.94,304.70
33,3,183.00,96.00,222.22,250.75
33,4,453.00,84.00,521.78,312.84
33,5,546.00,91.00,614.94,310.09
33,6,460.00,110.00,497.19,236.01
33,7,490.00,87.00,550.04,274.27
33,8,589.00,109.00,631.04,237.86
34,2,314.00,95.00,381.69,304.16
34,3,182.00,96.00,221.34,250.76
34,4,456.00,84.00,524.65,312.29
34,5,549.00,91.00,618.07,309.54
34,6,458.00,109.00,495.28,235.30
34,7,488.00,87.00,548.00,274.01
34,8,589.00,109.00,630.95,237.97
35,2,318.00,95.00,385.44,303.61
35,3,182.00,96.00,221.46,250.77
35,4,459.00,84.00,527.52,311.75
35,5,552.00,91.00,621.21,308.98
35,6,456.00,109.00,493.38,235.59
35,7,485.00,87.00,544.95,273.75
35,8,589.00,109.00,630.86,238.09
36,2,322.00,95.00,389.19,303.06
36,3,182.00,96.00,221.58,250.77
36,4,463.00,84.00,531.39,311.20
36,5,555.00,91.00,624.34,308.43
36,6,454.00,109.00,491.47,235.89
36,7,482.00,87.00,541.89,273.49
36,8,589.00,109.00,630.76,238.20
37,2,327.00,95.00,393.94,302.51
37,3,182.00,96.00,221.70,250.78
37,4,466.00,84.00,534.26,310.65
37,5,557.00,91.00,626.47,307.87
37,6,451.00,109.00,488.55,236.18
37,7,479.00,88.00,538.85,274.22
37,8,589.00,109.00,630.67,238.31
38,2,331.00,95.00,397.69,301.96
38,3,182.00,96.00,221.82,250.79
38,4,469.00,84.00,537.13,310.10
38,5,560.00,91.00,629.57,307.32
38,6,449.00,108.00,486.64,235.47
38,7,477.00,88.00,536.79,273.96
38,8,589.00,109.00,630.58,238.43
39,2,335.00,95.00,401.44,301.41
39,3,182.00,96.00,221.94,250.80
39,4,472.00,84.00,540.00,309.55
39,5,563.00,91.00,632.58,306.77
39,6,447.00,108.00,484.73,235.74
39,7,474.00,88.00,533.75,273.70
39,8,588.00,109.00,629.49,238.54
40,2,339.00,95.00,405.19,300.86
40,3,182.00,96.00,222.06,250.81
40,4,475.00,84.00,542.87,309.00
40,5,566.00,91.00,635.34,306.23
40,6,445.00,108.00,482.80,236.00
40,7,471.00,88.00,530.70,273.44
40,8,588.00,108.00,629.39,237.66
41,2,343.00,95.00,408.94,300.31
41,3,182.00,96.00,222.18,250.81
41,4,478.00,84.00,545.74,308.45
41,5,569.00,91.00,637.66,305.71
41,6,444.00,108.00,481.86,236.22
41,7,469.00,88.00,528.64,273.17
41,8,588.00,108.00,629.30,237.77
42,2,347.00,95.00,412.69,299.76
42,3,182.00,96.00,222.30,250.82
42,4,481.00,84.00,548.61,307.90
42,5,571.00,91.00,638.36,305.20
42,6,442.00,108.00,479.91,236.41
42,7,466.00,88.00,525.60,272.91
42,8,588.00,108.00,629.21,237.88
43,2,351.00,95.00,416.44,299.21
43,3,182.00,96.00,222.42,250.83
43,4,484.00,84.00,551.48,307.35
43,5,574.00,91.00,639.45,304.72
43,6,440.00,107.00,477.95,235.58
43,7,463.00,88.00,522.54,272.65
43,8,588.00,108.00,629.12,238.00
44,2,355.00,95.00,420.19,298.67
44,3,182.00,96.00,222.54,250.84
44,4,487.00,84.00,554.34,306.80
44,5,577.00,91.00,640.10,304.26
44,6,439.00,107.00,476.99,235.74
44,7,461.00,88.00,520.50,272.38
44,8,588.00,108.00,629.02,238.11
45,2,359.00,95.00,423.94,298.12
45,3,182.00,96.00,222.66,250.85
45,4,490.00,84.00,557.21,306.25
45,5,580.00,91.00,640.50,303.81
45,6,437.00,107.00,475.02,235.89
45,7,458.00,88.00,517.45,272.12
45,8,588.00,108.00,628.93,238.22
46,2,363.00,95.00,427.69,297.57
46,3,182.00,96.00,222.78,250.85
46,4,493.00,84.00,560.08,305.71
46,5,582.00,91.00,639.80,303.36
46,6,436.00,107.00,474.06,236.04
46,7,455.00,88.00,514.39,271.86
46,8,588.00,108.00,628.84,238.34
47,2,367.00,95.00,431.44,297.02
47,3,182.00,96.00,222.90,250.86
47,4,496.00,84.00,562.95,305.16
47,5,585.00,91.00,640.08,302.91
47,6,434.00,107.00,472.09,236.20
47,7,452.00,89.00,511.35,272.60
47,8,588.00,108.00,628.74,238.45
48,2,372.00,95.00,436.19,296.47
48,3,182.00,96.00,223.02,250.87
48,4,499.00,85.00,565.82,305.60
48,5,588.00,91.00,640.35,302.46
48,6,433.00,107.00,471.13,236.35
48,7,450.00,89.00,509.29,272.34
48,8,588.00,108.00,628.65,238.57
49,2,376.00,95.00,439.94,295.92
49,3,182.00,96.00,223.14,250.88
49,4,502.00,85.00,568.68,305.06
49,5,590.00,91.00,639.62,302.01
49,6,431.00,107.00,469.16,236.50
49,7,447.00,89.00,506.24,272.07
49,8,588.00,108.00,628.56,238.68
50,2,380.00,95.00,443.69,295.37
50,3,182.00,96.00,223.26,250.89
50,4,505.00,85.00,571.56,304.50
50,5,593.00,91.00,639.90,301.56
50,6,430.00,107.00,468.19,236.65
50,7,444.00,89.00,503.19,271.81
50,8,588.00,108.00,628.46,238.80
51,2,384.00,95.00,447.45,294.82
51,3,182.00,96.00,223.38,250.89
51,4,508.00,85.00,574.42,303.96
51,5,596.00,91.00,640.18,301.11
51,6,428.00,107.00,466.23,236.80
51,7,442.00,89.00,501.14,271.55
51,8,587.00,108.00,627.37,238.91
52,2,388.00,95.00,451.20,294.27
52,3,182.00,96.00,223.50,250.90
52,4,511.00,85.00,577.29,303.41
52,5,599.00,91.00,640.45,300.66
52,6,427.00,107.00,465.26,236.95
52,7,439.00,89.00,498.09,271.28
52,8,587.00,108.00,627.28,239.02
53,2,392.00,95.00,454.95,293.72
53,3,182.00,96.00,223.62,250.91
53,4,514.00,85.00,580.16,302.85
53,5,601.00,91.00,639.73,300.21
53,6,425.00,107.00,463.29,237.10
53,7,436.00,89.00,495.03,271.02
53,8,587.00,108.00,627.18,239.14
54,2,396.00,95.00,458.70,293.18
54,3,182.00,96.00,223.74,250.92
54,4,517.00,85.00,583.03,302.31
54,5,604.00,91.00,640.00,299.76
54,6,424.00,107.00,462.33,237.26
54,7,433.00,89.00,491.99,270.76
54,8,587.00,108.00,627.09,239.25
55,2,399.00,95.00,461.45,292.63
55,3,182.00,96.00,223.86,250.93
55,4,520.00,85.00,585.90,301.75
55,5,607.00,91.00,640.28,299.32
55,6,422.00,107.00,460.36,237.41
55,7,431.00,89.00,489.94,270.50
55,8,587.00,108.00,627.00,239.37
56,2,403.00,95.00,465.20,292.08
56,3,182.00,96.00,223.98,250.93
56,4,523.00,85.00,588.77,301.21
56,5,610.00,91.00,640.55,298.87
56,6,421.00,106.00,459.39,236.56
56,7,428.00,89.00,486.88,270.24
56,8,587.00,108.00,626.93,239.48
57,2,407.00,95.00,468.95,291.53
57,3,182.00,96.00,224.10,250.94
57,4,526.00,85.00,591.63,300.66
57,5,612.00,91.00,639.83,298.42
57,6,419.00,106.00,457.43,236.71
57,7,425.00,90.00,483.83,270.97
57,8,587.00,107.00,626.88,238.59
58,2,410.00,95.00,471.70,290.98
58,3,182.00,96.00,224.22,250.95
58,4,529.00,85.00,594.50,300.11
58,5,615.00,91.00,640.13,297.97
58,6,418.00,106.00,456.46,236.86
58,7,423.00,90.00,481.78,270.71
58,8,586.00,107.00,625.89,238.71
59,2,414.00,95.00,475.45,290.43
59,3,182.00,96.00,224.34,250.96
59,4,533.00,85.00,598.37,299.56
59,5,618.00,91.00,640.52,297.54
59,6,416.00,106.00,454.50,237.01
59,7,420.00,90.00,478.74,270.45
59,8,586.00,108.00,625.98,239.82
60,2,417.00,95.00,478.20,289.88
60,3,181.00,96.00,223.46,250.97
60,4,536.00,85.00,601.24,299.01
60,5,620.00,91.00,640.15,297.15
60,6,415.00,106.00,453.53,237.16
60,7,417.00,90.00,475.69,270.18
60,8,585.00,108.00,625.16,239.94
61,2,421.00,95.00,481.95,289.33
61,3,181.00,96.00,223.58,250.97
61,4,539.00,85.00,604.11,298.46
61,5,622.00,91.00,640.20,296.83
61,6,413.00,106.00,451.56,237.32
61,7,414.00,90.00,472.63,269.92
61,8,584.00,108.00,624.38,240.05
62,2,425.00,95.00,485.70,288.78
62,3,181.00,96.00,223.70,250.98
62,4,542.00,85.00,606.98,297.91
62,5,623.00,91.00,639.84,296.61
62,6,412.00,106.00,450.60,237.47
62,7,412.00,90.00,470.58,269.66
62,8,582.00,108.00,622.65,240.16
63,2,428.00,95.00,488.45,288.24
63,3,181.00,96.00,223.81,250.99
63,4,545.00,86.00,609.85,298.36
63,6,410.00,106.00,448.63,237.62
63,7,409.00,90.00,467.53,269.40
63,8,581.00,108.00,621.92,240.28
64,2,432.00,95.00,492.20,287.69
64,3,181.00,96.00,223.93,251.00
64,4,548.00,86.00,612.72,297.81
64,6,409.00,106.00,447.66,237.77
64,7,406.00,90.00,464.49,269.13
64,8,580.00,108.00,621.20,240.39
65,2,435.00,95.00,494.95,287.14
65,3,181.00,96.00,224.05,251.01
65,4,551.00,86.00,615.59,297.26
65,6,407.00,106.00,445.70,237.92
65,7,404.00,90.00,462.44,268.87
65,8,579.00,108.00,620.48,240.51
66,2,439.00,96.00,498.70,287.59
66,3,181.00,96.00,224.17,251.01
66,4,554.00,86.00,618.46,296.71
66,6,406.00,106.00,444.73,238.07
66,7,401.00,91.00,459.38,269.61
66,8,577.00,108.00,618.75,240.62
67,2,442.00,96.00,501.45,287.04
67,3,181.00,96.00,224.29,251.02
67,4,557.00,86.00,621.32,296.16
67,6,404.00,106.00,442.76,238.22
67,7,398.00,91.00,456.33,269.34
67,8,576.00,109.00,618.03,241.74
68,2,446.00,96.00,505.20,286.49
68,3,181.00,96.00,224.41,251.03
68,4,560.00,86.00,624.19,295.62
68,6,403.00,105.00,441.80,237.38
68,7,395.00,91.00,453.28,269.08
68,8,575.00,109.00,617.31,241.85
69,2,450.00,96.00,508.95,285.94
69,3,181.00,96.00,224.53,251.04
69,4,563.00,86.00,627.06,295.06
69,6,401.00,105.00,439.83,237.53
69,7,393.00,91.00,451.24,268.82
69,8,573.00,109.00,615.59,241.96
70,2,453.00,96.00,511.71,285.39
70,3,181.00,96.00,224.65,251.04
70,4,566.00,86.00,629.90,294.52
70,6,400.00,105.00,438.87,237.68
70,7,390.00,91.00,448.19,268.56
70,8,572.00,109.00,614.86,242.08
71,2,457.00,96.00,515.46,284.84
71,3,181.00,96.00,224.77,251.05
71,4,569.00,86.00,632.67,293.98
71,6,399.00,105.00,437.90,237.83
71,7,387.00,91.00,445.13,268.29
71,8,571.00,109.00,614.14,242.19
72,2,460.00,96.00,518.21,284.29
72,3,181.00,96.00,224.89,251.06
72,4,572.00,86.00,635.22,293.46
72,6,397.00,105.00,435.93,237.98
72,7,385.00,91.00,443.08,268.03
72,8,570.00,109.00,613.41,242.31
73,2,464.00,96.00,521.96,283.75
73,3,181.00,96.00,225.00,251.07
73,4,575.00,86.00,637.39,292.98
73,6,396.00,105.00,434.97,238.13
73,7,382.00,91.00,440.03,267.77
73,8,568.00,109.00,611.69,242.42
74,2,467.00,96.00,524.71,283.20
74,3,181.00,96.00,225.10,251.07
74,4,578.00,86.00,639.04,292.56
74,6,395.00,105.00,434.00,238.28
74,7,379.00,91.00,436.99,267.51
74,8,567.00,110.00,610.97,243.53
74,9,604.00,108.00,638.38,268.60
75,2,471.00,96.00,528.47,282.65
75,3,181.00,96.00,225.18,251.08
75,4,580.00,86.00,639.16,292.19
75,6,395.00,105.00,434.03,238.44
75,7,376.00,91.00,433.94,267.25
75,8,566.00,110.00,610.25,243.65
75,9,601.00,109.00,637.78,269.24
76,2,475.00,96.00,532.22,282.10
76,3,181.00,96.00,225.22,251.07
76,4,583.00,86.00,639.90,291.85
76,6,395.00,105.00,434.07,238.59
76,7,374.00,92.00,431.88,267.98
76,8,565.00,110.00,609.52,243.76
76,9,596.00,109.00,635.70,268.80
77,2,478.00,96.00,534.97,281.55
77,3,182.00,96.00,226.24,251.07
77,4,586.00,86.00,640.43,291.54
77,6,394.00,105.00,433.10,238.74
77,7,371.00,92.00,428.83,267.72
77,8,563.00,110.00,607.80,243.88
77,9,592.00,110.00,634.91,269.33
78,2,482.00,96.00,538.72,281.00
78,3,182.00,96.00,226.23,251.06
78,4,588.00,86.00,639.88,291.24
78,6,394.00,105.00,433.13,238.89
78,7,368.00,92.00,425.78,267.46
78,8,562.00,110.00,607.08,243.99
78,9,587.00,110.00,633.20,268.83
79,2,485.00,97.00,541.47,281.45
79,3,182.00,96.00,226.21,251.05
79,4,591.00,86.00,640.31,290.94
79,6,394.00,105.00,433.17,239.04
79,7,366.00,92.00,423.74,267.19
79,8,561.00,110.00,606.35,244.10
79,9,582.00,111.00,631.39,269.34
80,2,489.00,97.00,545.22,280.90
80,3,183.00,96.00,227.18,251.04
80,4,593.00,86.00,639.71,290.63
80,6,394.00,105.00,433.20,239.19
80,7,363.00,92.00,420.69,266.93
80,8,559.00,110.00,604.62,244.22
80,9,577.00,111.00,629.28,268.88
81,2,493.00,97.00,548.97,280.35
81,3,183.00,96.00,227.15,251.03
81,4,596.00,86.00,640.05,290.31
81,6,394.00,105.00,433.24,239.34
81,7,360.00,92.00,417.63,266.67
81,8,558.00,111.00,603.87,245.33
81,9,573.00,112.00,627.61,269.46
82,2,496.00,97.00,551.72,279.81
82,3,184.00,96.00,228.12,251.01
82,4,599.00,86.00,640.20,289.93
82,6,394.00,105.00,433.27,239.50
82,7,357.00,92.00,414.58,266.41
82,8,557.00,111.00,603.08,245.45
82,9,569.00,112.00,625.16,269.10
83,2,500.00,97.00,555.47,279.26
83,3,184.00,96.00,228.09,251.00
83,4,602.00,86.00,640.02,289.44
83,6,394.00,105.00,433.30,239.65
83,7,355.00,92.00,412.53,266.15
83,8,555.00,111.00,601.25,245.56
83,9,565.00,112.00,621.94,268.80
84,2,503.00,97.00,558.22,278.71
84,3,185.00,96.00,229.06,250.99
84,4,606.00,86.00,640.39,288.82
84,6,394.00,105.00,433.34,239.80
84,7,352.00,92.00,409.49,265.88
84,8,554.00,111.00,600.36,245.68
84,9,561.00,112.00,618.15,268.55
85,2,507.00,97.00,561.97,278.16
85,3,185.00,96.00,229.03,250.98
85,4,610.00,86.00,640.35,288.06
85,6,394.00,105.00,433.37,239.95
85,7,349.00,92.00,406.44,265.62
85,8,553.00,111.00,599.45,245.79
85,9,558.00,112.00,615.06,268.32
86,2,510.00,97.00,564.72,277.61
86,3,186.00,96.00,230.00,250.97
86,4,614.00,86.00,640.14,287.23
86,6,394.00,105.00,433.40,240.10
86,7,347.00,93.00,404.38,266.36
86,8,551.00,111.00,597.51,245.90
86,9,555.00,113.00,611.85,269.10
87,2,514.00,97.00,568.47,277.06
87,3,186.00,96.00,229.98,250.96
87,4,618.00,86.00,640.14,286.43
87,6,393.00,105.00,432.44,240.25
87,7,344.00,93.00,401.33,266.09
87,8,550.00,111.00,596.56,246.02
87,9,551.00,113.00,607.60,268.89
88,2,518.00,97.00,572.22,276.51
88,3,186.00,95.00,229.95,249.94
88,4,621.00,86.00,639.82,285.75
88,6,393.00,105.00,432.47,240.40
88,7,341.00,93.00,398.28,265.83
88,8,548.00,111.00,594.62,246.13
88,9,548.00,113.00,604.35,268.67
89,2,521.00,97.00,574.97,275.96
89,3,187.00,95.00,230.92,249.93
89,4,624.00,86.00,640.47,285.28
89,6,393.00,105.00,432.51,240.56
89,7,339.00,93.00,396.24,265.57
89,8,547.00,111.00,593.67,246.25
89,9,545.00,113.00,601.10,268.46
90,2,525.00,97.00,578.72,275.41
90,3,187.00,95.00,230.89,249.92
90,6,393.00,105.00,432.54,240.71
90,7,337.00,93.00,394.19,265.31
90,8,545.00,111.00,591.72,246.36
90,9,541.00,113.00,596.86,268.24
91,2,528.00,97.00,581.47,274.87
91,3,188.00,95.00,231.86,249.91
91,6,393.00,105.00,432.57,240.86
91,7,335.00,93.00,392.13,265.04
91,8,544.00,111.00,590.77,246.47
91,9,538.00,113.00,593.61,268.03
92,2,532.00,98.00,585.22,275.32
92,3,188.00,95.00,231.84,249.90
92,6,393.00,105.00,432.61,241.01
92,7,334.00,93.00,391.08,264.78
92,8,542.00,111.00,588.83,246.59
92,9,535.00,113.00,590.36,267.81
93,2,536.00,98.00,588.97,274.77
93,3,189.00,95.00,232.81,249.88
93,6,393.00,106.00,432.64,242.16
93,7,333.00,93.00,390.03,264.52
93,8,541.00,111.00,587.88,246.70
93,9,532.00,113.00,587.11,267.59
94,2,539.00,98.00,591.73,274.22
94,3,189.00,95.00,232.78,249.87
94,6,393.00,106.00,432.67,242.31
94,7,331.00,93.00,387.98,264.25
94,8,539.00,111.00,585.93,246.81
94,9,528.00,113.00,582.86,267.38
95,2,543.00,98.00,595.48,273.67
95,3,190.00,95.00,233.75,249.86
95,6,393.00,106.00,432.71,242.46
95,7,330.00,93.00,386.93,263.99
95,8,538.00,111.00,584.99,246.93
95,9,525.00,113.00,579.61,267.16
96,2,546.00,98.00,598.23,273.12
96,3,190.00,95.00,233.72,249.85
96,6,393.00,106.00,432.74,242.62
96,7,329.00,93.00,385.88,263.73
96,8,536.00,111.00,583.04,247.04
96,9,522.00,113.00,576.36,266.95
97,2,550.00,98.00,601.98,272.57
97,3,190.00,95.00,233.69,249.84
97,6,392.00,106.00,431.77,242.77
97,7,328.00,93.00,384.82,263.47
97,8,535.00,111.00,582.09,247.16
97,9,518.00,113.00,572.11,266.73
98,2,553.00,98.00,604.73,272.02
98,3,191.00,95.00,234.66,249.83
98,6,392.00,106.00,431.81,242.92
98,7,326.00,93.00,382.77,263.21
98,8,533.00,111.00,580.14,247.27
98,9,515.00,113.00,568.87,266.51
99,2,557.00,98.00,608.48,271.47
99,3,191.00,95.00,234.63,249.81
99,6,392.00,106.00,431.84,243.07
99,7,325.00,93.00,381.73,262.94
99,8,532.00,111.00,579.20,247.38
99,9,512.00,114.00,565.62,267.30
100,2,561.00,98.00,612.23,270.92
100,3,192.00,95.00,235.60,249.80
100,6,392.00,106.00,431.88,243.22
100,7,324.00,93.00,380.68,262.68
100,8,530.00,111.00,577.25,247.50
100,9,508.00,114.00,561.37,267.08
101,2,564.00,98.00,614.98,270.38
101,3,192.00,95.00,235.57,249.79
101,6,392.00,106.00,431.91,243.37
101,7,322.00,93.00,378.62,262.42
101,8,529.00,111.00,576.30,247.61
101,9,505.00,114.00,558.12,266.87
102,2,568.00,98.00,618.73,269.83
102,3,193.00,94.00,236.54,248.78
102,6,392.00,106.00,431.94,243.52
102,7,321.00,93.00,377.57,262.16
102,8,527.00,111.00,574.35,247.73
102,9,502.00,114.00,554.87,266.65
103,2,571.00,98.00,621.48,269.28
103,3,193.00,94.00,236.51,248.77
103,6,392.00,106.00,431.98,243.67
103,7,320.00,93.00,376.52,261.89
103,8,526.00,111.00,573.41,247.84
103,9,498.00,114.00,550.62,266.44
104,2,575.00,98.00,625.23,268.73
104,3,194.00,94.00,237.49,248.76
104,6,392.00,106.00,432.01,243.83
104,7,319.00,93.00,375.48,261.63
104,8,524.00,111.00,571.46,247.96
104,9,495.00,114.00,547.37,266.22
105,2,578.00,99.00,627.95,269.18
105,3,194.00,94.00,237.45,248.75
105,6,392.00,106.00,432.04,243.98
105,7,317.00,93.00,373.43,261.37
105,8,523.00,111.00,570.51,248.07
105,9,492.00,114.00,544.12,266.00
106,2,582.00,99.00,631.59,268.65
106,3,194.00,94.00,237.43,248.73
106,6,392.00,106.00,432.08,244.12
106,7,316.00,93.00,372.38,261.10
106,8,521.00,111.00,568.57,248.18
106,9,489.00,114.00,540.87,265.79
107,2,585.00,99.00,634.03,268.14
107,3,195.00,94.00,238.40,248.72
107,6,392.00,106.00,432.11,244.27
107,7,315.00,93.00,371.32,260.84
107,8,520.00,111.00,567.62,248.30
107,9,485.00,114.00,536.62,265.57
108,2,589.00,99.00,637.07,267.69
108,3,195.00,94.00,238.37,248.71
108,6,392.00,106.00,432.14,244.40
108,7,313.00,93.00,369.27,260.58
108,8,518.00,111.00,565.67,248.41
108,9,482.00,114.00,533.38,265.36
109,2,592.00,99.00,638.59,267.31
109,3,196.00,94.00,239.34,248.70
109,6,392.00,106.00,432.18,244.51
109,7,312.00,93.00,368.23,260.32
109,8,517.00,111.00,564.72,248.53
109,9,479.00,114.00,530.14,265.14
110,2,595.00,99.00,639.57,266.99
110,3,196.00,94.00,239.31,248.69
110,6,392.00,106.00,432.21,244.61
110,7,311.00,93.00,367.18,260.06
110,8,515.00,111.00,562.77,248.64
110,9,475.00,114.00,525.92,264.93
111,2,598.00,99.00,640.17,266.73
111,3,197.00,94.00,240.28,248.68
111,6,393.00,106.00,433.25,244.70
111,7,310.00,93.00,366.12,259.79
111,8,514.00,111.00,561.83,248.75
111,9,472.00,114.00,522.74,264.73
112,2,601.00,99.00,640.55,266.50
112,3,197.00,94.00,240.25,248.66
112,6,393.00,106.00,433.28,244.78
112,7,308.00,93.00,364.07,259.53
112,8,512.00,111.00,559.88,248.87
112,9,469.00,114.00,519.62,264.53
113,2,603.00,99.00,639.86,266.28
113,3,197.00,94.00,240.22,248.65
113,6,394.00,107.00,434.31,245.86
113,7,307.00,93.00,363.02,259.27
113,8,511.00,111.00,558.93,248.98
113,9,466.00,114.00,516.54,264.35
114,2,606.00,99.00,640.13,266.06
114,3,198.00,94.00,241.19,248.64
114,6,394.00,107.00,434.35,245.94
114,7,306.00,93.00,361.98,259.00
114,8,509.00,111.00,556.99,249.10
114,9,463.00,114.00,513.51,264.17
115,2,609.00,99.00,640.41,265.84
115,3,198.00,94.00,241.16,248.63
115,6,395.00,107.00,435.38,246.02
115,7,304.00,93.00,359.93,258.74
115,8,508.00,111.00,556.04,249.21
115,9,459.00,114.00,509.50,263.99
116,2,611.00,99.00,639.71,265.63
116,3,198.00,93.00,241.13,247.62
116,6,395.00,107.00,435.41,246.09
116,7,303.00,93.00,358.88,258.48
116,8,506.00,111.00,554.09,249.32
116,9,456.00,114.00,506.50,263.82
117,2,614.00,99.00,640.11,265.42
117,3,198.00,93.00,241.10,247.61
117,6,396.00,107.00,436.45,246.17
117,7,302.00,93.00,357.82,258.22
117,8,505.00,111.00,553.14,249.44
117,9,453.00,114.00,503.50,263.65
118,2,616.00,99.00,639.74,265.23
118,3,198.00,93.00,241.07,247.59
118,6,396.00,107.00,436.48,246.25
118,7,301.00,93.00,356.77,257.95
118,8,503.00,111.00,551.20,249.55
118,9,450.00,114.00,500.50,263.47
119,2,618.00,99.00,639.79,265.07
119,3,198.00,93.00,241.05,247.58
119,6,397.00,107.00,437.51,246.33
119,7,299.00,93.00,354.73,257.69
119,8,502.00,111.00,550.25,249.67
119,9,447.00,114.00,497.50,263.30
120,2,620.00,99.00,640.43,264.96
120,3,198.00,93.00,241.02,247.57
120,6,397.00,108.00,437.55,247.41
120,7,298.00,93.00,353.68,257.43
120,8,500.00,111.00,548.30,249.78
120,9,444.00,114.00,494.50,263.12
121,3,198.00,93.00,240.99,247.56
121,6,398.00,108.00,438.58,247.49
121,7,297.00,93.00,352.62,257.16
121,8,499.00,111.00,547.36,249.90
121,9,441.00,114.00,491.50,262.95
122,3,198.00,93.00,240.96,247.55
122,6,398.00,108.00,438.62,247.56
122,7,295.00,93.00,350.57,256.90
122,8,497.00,111.00,545.41,250.01
122,9,437.00,114.00,487.50,262.78
123,3,198.00,93.00,240.93,247.54
123,6,398.00,108.00,438.65,247.64
123,7,294.00,93.00,349.52,256.64
123,8,496.00,111.00,544.46,250.12
123,9,434.00,114.00,484.50,262.60
124,3,198.00,93.00,240.90,247.53
124,6,399.00,108.00,439.68,247.72
124,7,293.00,93.00,348.48,256.38
124,8,494.00,111.00,542.51,250.24
124,9,431.00,114.00,481.50,262.43
125,3,198.00,93.00,240.88,247.51
125,6,399.00,108.00,439.72,247.80
125,7,292.00,94.00,347.43,257.12
125,8,493.00,111.00,541.57,250.35
125,9,428.00,114.00,478.49,262.26
126,3,198.00,93.00,240.84,247.50
126,6,400.00,108.00,440.75,247.88
126,7,290.00,94.00,345.38,256.85
126,8,491.00,111.00,539.62,250.47
126,9,425.00,114.00,475.47,262.08
127,3,198.00,93.00,240.81,247.49
127,6,400.00,109.00,440.78,248.96
127,7,289.00,94.00,344.32,256.59
127,8,490.00,111.00,538.67,250.59
127,9,422.00,114.00,472.40,261.91
128,3,198.00,93.00,240.78,247.48
128,6,401.00,109.00,441.82,249.04
128,7,288.00,94.00,343.26,256.34
128,8,488.00,111.00,536.71,250.72
128,9,419.00,114.00,469.23,261.74
129,3,198.00,93.00,240.75,247.47
129,6,401.00,109.00,441.85,249.12
129,7,287.00,94.00,342.18,256.11
129,8,487.00,111.00,535.74,250.88
129,9,416.00,114.00,465.95,261.57
130,3,198.00,93.00,240.73,247.46
130,6,402.00,109.00,442.89,249.19
130,7,285.00,94.00,340.06,255.91
130,8,485.00,111.00,533.76,251.08
130,9,414.00,114.00,463.54,261.40
131,3,198.00,93.00,240.70,247.44
131,6,402.00,109.00,442.92,249.27
131,7,284.00,93.00,338.90,254.76
131,8,484.00,111.00,532.76,251.30
131,9,411.00,114.00,460.04,261.23
132,3,198.00,93.00,240.67,247.43
132,6,403.00,109.00,443.95,249.35
132,7,284.00,93.00,338.68,254.67
132,8,483.00,111.00,531.75,251.56
132,9,409.00,114.00,457.50,261.06
133,3,198.00,93.00,240.64,247.42
133,6,403.00,109.00,443.99,249.43
133,7,283.00,93.00,337.42,254.61
133,8,482.00,111.00,530.74,251.82
133,9,407.00,114.00,454.93,260.88
134,3,198.00,93.00,240.61,247.41
134,6,404.00,110.00,445.02,250.51
134,7,282.00,93.00,336.15,254.57
134,8,480.00,111.00,528.72,252.10
134,9,404.00,113.00,451.36,259.72
134,10,0.00,119.00,29.82,291.01
135,3,198.00,93.00,240.59,247.40
135,6,404.00,110.00,445.05,250.59
135,7,281.00,93.00,334.87,254.54
135,8,479.00,111.00,527.70,252.37
135,9,402.00,113.00,448.79,259.54
135,10,0.00,118.00,32.38,291.01
136,3,198.00,92.00,240.56,246.38
136,6,405.00,110.00,446.09,250.66
136,7,281.00,93.00,334.58,254.51
136,8,478.00,111.00,526.68,252.65
136,9,400.00,113.00,446.22,259.37
136,10,0.00,117.00,35.48,291.21
137,3,198.00,92.00,240.53,246.37
137,6,405.00,110.00,446.12,250.74
137,7,280.00,93.00,333.30,254.48
137,8,477.00,111.00,525.66,252.92
137,9,397.00,113.00,442.64,259.20
137,10,0.00,115.00,38.78,290.46
138,3,198.00,92.00,240.50,246.36
138,6,406.00,110.00,447.15,250.82
138,7,279.00,93.00,332.02,254.45
138,8,476.00,111.00,524.64,253.19
138,9,395.00,113.00,440.07,259.03
138,10,0.00,114.00,41.91,290.59
139,3,198.00,92.00,240.47,246.35
139,6,406.00,110.00,447.19,250.90
139,7,279.00,93.00,331.73,254.43
139,8,474.00,111.00,522.63,253.47
139,9,393.00,113.00,437.50,258.86
139,10,0.00,113.00,44.54,290.42
140,3,198.00,92.00,240.44,246.34
140,6,407.00,111.00,448.22,251.98
140,7,278.00,92.00,330.45,253.40
140,8,473.00,111.00,521.61,253.74
140,9,390.00,113.00,433.94,258.69
140,10,0.00,112.00,46.46,289.82
141,3,197.00,92.00,239.41,246.33
141,6,407.00,111.00,448.26,252.06
141,7,277.00,92.00,329.17,253.37
141,8,472.00,111.00,520.59,254.01
141,9,388.00,113.00,431.37,258.52
141,10,8.00,112.00,55.66,289.81
142,3,197.00,92.00,239.38,246.31
142,6,408.00,111.00,449.29,252.13
142,7,277.00,92.00,328.88,253.34
142,8,471.00,110.00,519.57,253.29
142,9,386.00,113.00,428.79,258.35
142,10,11.00,112.00,59.34,289.48
143,3,197.00,92.00,239.35,246.30
143,6,408.00,111.00,449.32,252.21
143,7,276.00,92.00,327.60,253.31
143,8,469.00,110.00,517.55,253.56
143,9,384.00,112.00,426.22,257.18
143,10,15.00,112.00,63.73,288.98
144,3,197.00,92.00,239.32,246.29
144,6,409.00,111.00,450.36,252.29
144,7,275.00,92.00,326.31,253.28
144,8,468.00,110.00,516.53,253.84
144,9,381.00,112.00,422.65,257.01
144,10,19.00,112.00,68.01,288.41
145,3,197.00,92.00,239.29,246.28
145,6,409.00,111.00,450.39,252.37
145,7,275.00,92.00,326.03,253.25
145,8,467.00,110.00,515.52,254.11
145,9,379.00,112.00,420.08,256.84
145,10,23.00,112.00,72.25,287.83
146,3,197.00,92.00,239.26,246.27
146,6,410.00,111.00,451.42,252.45
146,7,274.00,92.00,324.75,253.22
146,8,466.00,110.00,514.50,254.38
146,9,377.00,112.00,417.51,256.66
146,10,27.00,112.00,76.50,287.25
147,3,197.00,92.00,239.24,246.26
147,6,410.00,112.00,451.46,253.54
147,7,273.00,92.00,323.46,253.19
147,8,464.00,110.00,512.48,254.66
147,9,374.00,112.00,413.94,256.50
147,10,31.00,112.00,80.75,286.66
148,3,197.00,92.00,239.20,246.25
148,6,411.00,112.00,452.49,253.66
148,7,273.00,92.00,323.18,253.16
148,8,463.00,110.00,511.46,254.93
148,9,372.00,112.00,411.37,256.32
148,10,35.00,112.00,84.99,286.08
149,3,197.00,92.00,239.18,246.23
149,6,411.00,112.00,452.52,253.82
149,7,272.00,91.00,321.89,252.14
149,8,462.00,110.00,510.44,255.21
149,9,370.00,112.00,408.83,256.15
149,10,39.00,112.00,89.24,285.50
150,3,197.00,92.00,239.15,246.22
150,6,411.00,112.00,452.56,254.04
150,7,271.00,91.00,320.61,252.11
150,8,461.00,110.00,509.43,255.48
150,9,367.00,112.00,405.34,255.98
150,10,43.00,113.00,93.48,285.91
151,3,197.00,92.00,239.12,246.21
151,6,411.00,112.00,452.59,254.32
151,7,270.00,91.00,319.33,252.08
151,8,460.00,110.00,508.41,255.75
151,9,365.00,112.00,402.96,255.79
151,10,47.00,113.00,97.73,285.33
152,3,197.00,92.00,239.09,246.20
152,6,410.00,112.00,451.63,254.65
152,7,270.00,91.00,319.04,252.05
152,8,458.00,110.00,506.39,256.03
152,9,363.00,111.00,400.71,254.60
152,10,51.00,113.00,101.97,284.75
153,3,197.00,92.00,239.06,246.19
153,6,410.00,112.00,451.66,255.00
153,7,269.00,91.00,317.76,252.02
153,8,457.00,110.00,505.37,256.30
153,9,362.00,111.00,399.61,254.39
153,10,56.00,113.00,107.22,284.16
154,3,197.00,92.00,239.03,246.18
154,6,409.00,112.00,450.69,255.37
154,7,268.00,91.00,316.48,251.99
154,8,456.00,110.00,504.35,256.58
154,9,360.00,111.00,397.61,254.17
154,10,60.00,113.00,111.47,283.58
155,3,197.00,92.00,239.00,246.16
155,6,409.00,112.00,450.73,255.73
155,7,268.00,91.00,316.19,251.96
155,8,455.00,110.00,503.33,256.85
155,9,359.00,111.00,396.66,253.95
155,10,64.00,113.00,115.71,283.00
156,3,197.00,92.00,238.97,246.15
156,6,408.00,112.00,449.76,256.09
156,7,267.00,91.00,314.91,251.93
156,8,453.00,110.00,501.31,257.12
156,9,357.00,111.00,394.73,253.73
156,10,68.00,113.00,119.95,282.41
157,3,197.00,91.00,238.94,245.14
157,6,408.00,112.00,449.79,256.46
157,7,266.00,91.00,313.62,251.90
157,8,452.00,110.00,500.30,257.40
157,9,356.00,111.00,393.81,253.51
157,10,72.00,113.00,124.20,281.83
158,3,197.00,91.00,238.91,245.13
158,6,407.00,112.00,448.83,256.82
158,7,266.00,90.00,313.34,250.88
158,8,451.00,110.00,499.28,257.67
158,9,354.00,111.00,391.89,253.28
158,10,76.00,113.00,128.45,281.25
159,3,197.00,91.00,238.88,245.12
159,6,407.00,112.00,448.86,257.19
159,7,265.00,90.00,312.06,250.85
159,8,450.00,110.00,498.26,257.95
159,9,353.00,111.00,390.97,253.06
159,10,80.00,113.00,132.69,280.66
160,3,197.00,91.00,238.85,245.11
160,6,406.00,112.00,447.89,257.55
160,7,264.00,90.00,310.77,250.82
160,8,448.00,110.00,496.24,258.22
160,9,351.00,111.00,389.05,252.84
160,10,84.00,114.00,136.94,281.08
161,3,197.00,91.00,238.82,245.09
161,6,406.00,112.00,447.93,257.91
161,7,264.00,90.00,310.49,250.79
161,8,447.00,110.00,495.22,258.50
161,9,350.00,111.00,388.13,252.62
161,10,88.00,114.00,141.19,280.50
162,3,197.00,91.00,238.80,245.08
162,6,405.00,112.00,446.96,258.25
162,7,263.00,90.00,309.20,250.76
162,8,446.00,110.00,494.20,258.77
162,9,348.00,111.00,386.21,252.40
162,10,93.00,114.00,146.43,279.91
163,3,197.00,91.00,238.77,245.07
163,6,404.00,112.00,446.00,258.55
163,7,262.00,90.00,307.92,250.73
163,8,445.00,110.00,493.19,259.04
163,9,347.00,111.00,385.29,252.17
163,10,97.00,114.00,150.68,279.33
164,3,196.00,91.00,237.74,245.06
164,6,403.00,112.00,445.03,258.81
164,7,262.00,90.00,307.65,250.69
164,8,444.00,110.00,492.17,259.32
164,9,345.00,111.00,383.37,251.95
164,10,101.00,114.00,154.92,278.75
165,3,196.00,91.00,237.71,245.05
165,6,401.00,112.00,443.06,259.03
165,7,261.00,90.00,306.39,250.64
165,8,442.00,110.00,490.15,259.59
165,9,344.00,111.00,382.45,251.73
165,10,105.00,114.00,159.16,278.16
166,3,196.00,91.00,237.68,245.04
166,6,399.00,113.00,441.10,260.20
166,7,260.00,90.00,305.15,250.56
166,8,441.00,110.00,489.13,259.86
166,9,342.00,110.00,380.52,250.51
166,10,109.00,114.00,163.41,277.58
167,3,196.00,91.00,237.65,245.03
167,6,397.00,113.00,439.13,260.36
167,7,260.00,90.00,304.96,250.44
167,8,440.00,110.00,488.11,260.14
167,9,341.00,110.00,379.60,250.28
167,10,113.00,114.00,167.66,277.00
168,3,196.00,91.00,237.62,245.01
168,6,395.00,113.00,437.17,260.52
168,7,260.00,89.00,304.81,249.28
168,8,439.00,110.00,487.09,260.41
168,9,339.00,110.00,377.68,250.06
168,10,117.00,114.00,171.90,276.41
169,3,196.00,91.00,237.59,245.00
169,6,393.00,113.00,435.20,260.67
169,7,260.00,90.00,304.68,250.09
169,8,437.00,110.00,485.07,260.69
169,9,338.00,110.00,376.76,249.84
169,10,121.00,115.00,176.15,276.83
170,3,196.00,91.00,237.56,244.99
170,6,391.00,113.00,433.23,260.82
170,7,260.00,90.00,304.57,249.88
170,8,436.00,110.00,484.06,260.96
170,9,336.00,110.00,374.84,249.62
170,10,125.00,115.00,180.40,276.25
171,3,196.00,91.00,237.53,244.98
171,6,389.00,113.00,431.27,260.97
171,7,260.00,90.00,304.47,249.68
171,8,435.00,110.00,483.04,261.23
171,9,335.00,110.00,373.92,249.40
171,10,130.00,115.00,185.64,275.66
172,3,196.00,91.00,237.50,244.97
172,6,387.00,113.00,429.30,261.12
172,7,260.00,90.00,304.37,249.46
172,8,434.00,110.00,482.02,261.51
172,9,333.00,110.00,372.00,249.17
172,10,134.00,115.00,189.88,275.08
173,3,196.00,91.00,237.48,244.96
173,6,385.00,113.00,427.33,261.27
173,7,260.00,90.00,304.27,249.25
173,8,433.00,110.00,481.00,261.78
173,9,332.00,110.00,371.08,248.95
173,10,138.00,115.00,194.13,274.50
174,3,196.00,91.00,237.45,244.94
174,6,383.00,113.00,425.37,261.42
174,7,260.00,90.00,304.17,249.04
174,8,431.00,110.00,478.98,262.06
174,9,330.00,110.00,369.16,248.73
174,10,142.00,115.00,198.38,273.91
175,3,196.00,91.00,237.42,244.93
175,6,381.00,113.00,423.40,261.57
175,7,260.00,90.00,304.07,248.83
175,8,430.00,110.00,477.97,262.33
175,9,329.00,110.00,368.24,248.51
175,10,146.00,115.00,202.62,273.33
176,3,196.00,91.00,237.39,244.92
176,6,379.00,113.00,421.43,261.72
176,7,260.00,90.00,303.98,248.63
176,8,429.00,110.00,476.95,262.59
176,9,327.00,110.00,366.32,248.29
176,10,150.00,115.00,206.85,272.78
177,3,196.00,91.00,237.37,244.91
177,6,377.00,113.00,419.46,261.85
177,7,260.00,90.00,303.89,248.44
177,8,428.00,110.00,475.93,262.83
177,9,326.00,110.00,365.39,248.10
177,10,154.00,115.00,211.07,272.27
178,3,196.00,90.00,237.35,243.90
178,6,376.00,113.00,418.49,261.96
178,7,260.00,90.00,303.82,248.29
178,8,427.00,110.00,474.92,263.02
178,9,325.00,110.00,364.44,247.94
178,10,157.00,115.00,214.24,271.85
179,3,196.00,90.00,237.33,243.90
179,6,375.00,113.00,417.50,262.04
179,7,260.00,90.00,303.77,248.19
179,8,426.00,110.00,473.91,263.16
179,9,324.00,110.00,363.48,247.83
179,10,159.00,116.00,216.37,272.56
