1,45.00,184.00,107.22,325.19,0.5051
2,45.00,193.00,107.22,334.19,0.4368
2,217.00,219.00,245.33,283.28,0.1944
2,252.00,176.00,308.88,305.07,0.1386
3,36.00,193.00,98.22,334.19,0.4447
3,219.00,225.00,245.00,284.00,0.3422
3,246.00,164.00,308.22,305.19,0.1033
4,29.00,179.00,97.04,333.40,0.3814
4,219.00,229.00,245.00,288.00,0.1708
4,160.00,193.00,207.89,301.68,0.1650
4,246.00,164.00,308.22,305.19,0.1413
4,286.00,185.00,338.00,303.00,0.0992
5,18.00,179.00,86.04,333.40,0.3912
5,219.00,225.00,245.00,284.00,0.3733
5,252.00,176.00,308.88,305.07,0.1414
5,160.00,193.00,207.89,301.68,0.1160
5,286.00,193.00,338.00,311.00,0.0390
6,215.00,225.00,241.00,284.00,0.3723
6,17.00,184.00,79.22,325.19,0.3678
6,294.00,193.00,346.00,311.00,0.3278
6,252.00,184.00,308.88,313.07,0.1028
7,8.00,189.00,76.04,343.40,0.3004
7,217.00,223.00,245.33,287.28,0.2944
7,252.00,184.00,308.88,313.07,0.1535
7,300.00,200.00,347.89,308.68,0.1042
7,373.00,210.00,403.85,280.00,0.0080
8,212.00,223.00,240.33,287.28,0.3825
8,294.00,193.00,346.00,311.00,0.2879
8,252.00,184.00,308.88,313.07,0.2593
8,-3.00,173.00,71.29,341.57,0.1779
8,150.00,193.00,202.00,311.00,0.0902
9,211.00,225.00,237.00,284.00,0.3095
9,307.00,253.00,333.00,312.00,0.1162
9,262.00,193.00,314.00,311.00,0.0437
10,208.00,223.00,236.33,287.28,0.3612
10,261.00,176.00,317.88,305.07,0.0341
10,307.00,253.00,333.00,312.00,0.0279
10,146.00,222.00,186.00,312.77,0.0193
11,207.00,219.00,237.85,289.00,0.4376
11,262.00,185.00,314.00,303.00,0.1238
12,203.00,224.00,233.85,294.00,0.2554
12,307.00,200.00,354.89,308.68,0.1260
12,373.00,219.00,401.33,283.28,0.0742
12,270.00,193.00,322.00,311.00,0.0625
13,200.00,217.00,233.55,293.13,0.2575
13,307.00,200.00,354.89,308.68,0.0279
14,199.00,233.00,225.00,292.00,0.1189
14,113.00,179.00,181.04,333.40,0.0814
14,270.00,176.00,326.88,305.07,0.0534
14,383.00,53.00,409.00,112.00,0.0522
15,203.00,233.00,229.00,292.00,0.4213
15,307.00,200.00,354.89,308.68,0.0739
16,199.00,227.00,227.33,291.28,0.2623
16,270.00,193.00,322.00,311.00,0.1743
16,378.00,39.00,408.85,109.00,0.0935
16,307.00,200.00,354.89,308.68,0.0774
17,199.00,237.00,225.00,296.00,0.3717
17,102.00,179.00,170.04,333.40,0.1378
17,383.00,49.00,409.00,108.00,0.0671
17,373.00,219.00,401.33,283.28,0.0545
17,308.00,204.00,351.85,303.51,0.0442
17,270.00,185.00,322.00,303.00,0.0365
18,195.00,237.00,221.00,296.00,0.2485
18,369.00,214.00,397.33,278.28,0.0577
19,190.00,232.00,218.33,296.28,0.2923
19,373.00,210.00,403.85,280.00,0.0317
20,185.00,223.00,218.55,299.13,0.2570
20,66.00,173.00,140.29,341.57,0.0852
20,373.00,214.00,401.33,278.28,0.0809
20,383.00,41.00,409.00,100.00,0.0551
21,186.00,232.00,214.33,296.28,0.4152
21,84.00,255.00,120.77,338.44,0.2177
21,321.00,245.00,349.33,309.28,0.1168
21,383.00,37.00,409.00,96.00,0.1096
21,278.00,241.00,306.33,305.28,-0.0014
22,184.00,224.00,214.85,294.00,0.5894
22,310.00,185.00,362.00,303.00,0.4020
22,270.00,176.00,326.88,305.07,0.2967
22,84.00,262.00,114.85,332.00,0.2583
22,383.00,33.00,409.00,92.00,0.1100
23,179.00,229.00,209.85,299.00,0.4375
23,310.00,193.00,362.00,311.00,0.4003
23,270.00,176.00,326.88,305.07,0.2558
23,37.00,148.00,123.67,344.67,0.2511
23,383.00,33.00,409.00,92.00,0.1278
24,310.00,193.00,362.00,311.00,0.4347
24,174.00,217.00,207.55,293.13,0.3747
24,270.00,185.00,322.00,303.00,0.1942
24,382.00,27.00,410.33,91.28,0.1269
24,25.00,147.00,119.55,361.55,0.1116
24,373.00,214.00,401.33,278.28,0.0177
25,310.00,193.00,362.00,311.00,0.4785
25,169.00,215.00,205.77,298.44,0.4013
25,270.00,185.00,322.00,303.00,0.3260
25,23.00,162.00,109.67,358.67,0.2432
25,373.00,214.00,401.33,278.28,0.1438
25,383.00,33.00,409.00,92.00,0.0988
25,231.00,209.00,257.00,268.00,0.0891
26,163.00,215.00,199.77,298.44,0.4384
26,310.00,193.00,362.00,311.00,0.2813
26,11.00,147.00,105.55,361.55,0.2113
26,270.00,185.00,322.00,303.00,0.0524
26,369.00,210.00,397.33,274.28,0.0345
26,231.00,209.00,257.00,268.00,0.0180
27,157.00,215.00,193.77,298.44,0.3355
27,323.00,253.00,349.00,312.00,0.2931
27,-4.00,130.00,100.00,366.00,0.1529
27,261.00,176.00,317.88,305.07,0.0490
28,152.00,221.00,188.77,304.44,0.3356
28,310.00,185.00,362.00,303.00,0.2170
28,261.00,176.00,317.88,305.07,0.1136
28,99.00,209.00,125.00,268.00,0.0802
29,152.00,221.00,188.77,304.44,0.2574
29,310.00,185.00,362.00,303.00,0.2304
30,146.00,221.00,182.77,304.44,0.2816
30,318.00,185.00,370.00,303.00,0.1601
30,369.00,205.00,399.85,275.00,0.0866
30,95.00,209.00,121.00,268.00,0.0720
31,270.00,176.00,326.88,305.07,0.2368
31,134.00,193.00,186.00,311.00,0.2351
31,313.00,176.00,369.88,305.07,0.2195
32,134.00,193.00,186.00,311.00,0.2553
32,265.00,174.00,327.22,315.19,0.2085
32,318.00,185.00,370.00,303.00,0.1858
33,135.00,227.00,171.77,310.44,0.4480
33,318.00,185.00,370.00,303.00,0.2713
33,261.00,184.00,317.88,313.07,0.2556
33,146.00,210.00,176.85,280.00,0.0066
34,135.00,227.00,171.77,310.44,0.4482
34,270.00,184.00,326.88,313.07,0.2182
34,313.00,184.00,369.88,313.07,0.1039
34,146.00,210.00,176.85,280.00,0.0334
34,369.00,210.00,399.85,280.00,0.0047
35,120.00,217.00,163.85,316.51,0.4990
35,73.00,210.00,101.33,274.28,0.1616
35,261.00,184.00,317.88,313.07,0.0428
36,113.00,224.00,156.85,323.51,0.4140
36,69.00,214.00,97.33,278.28,0.2660
36,321.00,248.00,351.85,318.00,0.1457
37,310.00,193.00,362.00,311.00,0.2685
37,60.00,210.00,88.33,274.28,0.2007
37,110.00,209.00,162.00,327.00,0.1630
38,60.00,210.00,88.33,274.28,0.4650
38,102.00,209.00,154.00,327.00,0.4195
38,305.00,184.00,361.88,313.07,0.3718
38,252.00,184.00,308.88,313.07,0.2356
38,365.00,207.00,398.55,283.13,0.0476
39,261.00,176.00,317.88,305.07,0.3977
39,94.00,209.00,146.00,327.00,0.3678
39,56.00,205.00,86.85,275.00,0.3609
39,317.00,245.00,345.33,309.28,0.2620
40,261.00,184.00,317.88,313.07,0.3718
40,94.00,209.00,146.00,327.00,0.3235
40,51.00,205.00,81.85,275.00,0.3056
40,317.00,249.00,345.33,313.28,0.1200
41,261.00,184.00,317.88,313.07,0.3738
41,45.00,202.00,78.55,278.13,0.2769
41,85.00,202.00,141.88,331.07,0.2534
41,302.00,193.00,354.00,311.00,0.1468
42,261.00,184.00,317.88,313.07,0.4254
42,85.00,202.00,141.88,331.07,0.2905
42,171.00,165.00,197.00,224.00,0.1667
42,307.00,200.00,354.89,308.68,0.1181
42,46.00,205.00,76.85,275.00,0.1089
43,77.00,202.00,133.88,331.07,0.4853
43,41.00,205.00,71.85,275.00,0.3237
43,261.00,184.00,317.88,313.07,0.3050
43,307.00,200.00,354.89,308.68,0.1127
44,64.00,193.00,126.22,334.19,0.3865
44,261.00,184.00,317.88,313.07,0.3658
44,323.00,253.00,349.00,312.00,0.2203
44,40.00,197.00,73.55,273.13,0.1071
45,64.00,203.00,126.22,344.19,0.4096
45,261.00,176.00,317.88,305.07,0.3072
45,35.00,197.00,68.55,273.13,0.2958
45,319.00,249.00,345.00,308.00,0.1401
46,59.00,211.00,115.88,340.07,0.5044
46,261.00,176.00,317.88,305.07,0.3209
46,30.00,197.00,63.55,273.13,0.3206
46,317.00,245.00,345.33,309.28,0.1321
47,45.00,203.00,107.22,344.19,0.4593
47,261.00,176.00,317.88,305.07,0.2314
47,321.00,245.00,349.33,309.28,0.0823
48,22.00,174.00,102.00,355.54,0.5722
48,261.00,176.00,317.88,305.07,0.1950
48,294.00,164.00,356.22,305.19,0.0599
49,18.00,210.00,86.04,364.40,0.3062
49,256.00,174.00,318.22,315.19,0.2296
49,302.00,193.00,354.00,311.00,0.1595
50,302.00,193.00,354.00,311.00,0.2558
50,256.00,174.00,318.22,315.19,0.1346
51,142.00,169.00,194.00,287.00,0.0530
55,270.00,184.00,326.88,313.07,0.1504
56,270.00,168.00,338.04,322.40,0.2054
57,270.00,176.00,326.88,305.07,0.2075
58,278.00,184.00,334.88,313.07,0.1973
59,302.00,193.00,354.00,311.00,0.1681
59,270.00,184.00,326.88,313.07,0.1220
60,275.00,174.00,337.22,315.19,0.1866
60,386.00,198.00,426.00,288.77,0.0262
61,247.00,217.00,273.00,276.00,0.3579
61,275.00,174.00,337.22,315.19,0.1847
61,386.00,198.00,426.00,288.77,0.0708
62,243.00,217.00,269.00,276.00,0.2726
62,275.00,174.00,337.22,315.19,0.1219
62,386.00,198.00,426.00,288.77,0.0426
63,243.00,217.00,269.00,276.00,0.3253
64,243.00,217.00,269.00,276.00,0.3182
65,243.00,213.00,269.00,272.00,0.2869
65,310.00,201.00,362.00,319.00,0.1592
66,243.00,213.00,269.00,272.00,0.1815
66,314.00,193.00,361.89,301.68,0.0258
66,392.00,198.00,432.00,288.77,0.0205
68,239.00,213.00,265.00,272.00,0.2291
69,239.00,217.00,265.00,276.00,0.2317
69,314.00,208.00,361.89,316.68,0.1970
69,278.00,184.00,334.88,313.07,0.1433
70,275.00,174.00,337.22,315.19,0.0572
70,389.00,197.00,432.85,296.51,0.0360
71,313.00,184.00,369.88,313.07,0.0170
72,318.00,201.00,370.00,319.00,0.1841
72,284.00,174.00,346.22,315.19,0.1288
72,392.00,198.00,432.00,288.77,0.0697
73,318.00,201.00,370.00,319.00,0.3504
73,287.00,184.00,343.88,313.07,0.1928
74,326.00,201.00,378.00,319.00,0.3693
74,284.00,174.00,346.22,315.19,0.2772
75,284.00,174.00,346.22,315.19,0.2367
75,396.00,204.00,439.85,303.51,0.2306
75,322.00,193.00,378.88,322.07,0.2247
75,195.00,221.00,221.00,280.00,0.0053
76,322.00,193.00,378.88,322.07,0.1765
76,284.00,174.00,346.22,315.19,0.1757
76,195.00,221.00,221.00,280.00,0.0898
77,334.00,201.00,386.00,319.00,0.1966
77,191.00,221.00,217.00,280.00,0.1590
77,395.00,193.00,442.89,301.68,0.0475
79,340.00,193.00,396.88,322.07,0.0794
79,284.00,174.00,346.22,315.19,0.0586
79,395.00,193.00,442.89,301.68,0.0372
80,231.00,225.00,257.00,284.00,0.2624
80,187.00,217.00,213.00,276.00,0.0946
80,321.00,193.00,349.33,257.28,0.0727
81,231.00,221.00,257.00,280.00,0.3581
81,324.00,192.00,357.55,268.13,0.1090
81,187.00,217.00,213.00,276.00,0.0828
81,287.00,184.00,343.88,313.07,0.0564
82,227.00,221.00,253.00,280.00,0.1893
82,325.00,193.00,353.33,257.28,0.0421
83,231.00,221.00,257.00,280.00,0.3017
83,325.00,193.00,353.33,257.28,0.1172
84,227.00,225.00,253.00,284.00,0.3600
84,296.00,184.00,352.88,313.07,0.2545
84,410.00,193.00,457.89,301.68,0.1133
84,179.00,210.00,209.85,280.00,0.0986
85,294.00,184.00,356.22,325.19,0.2510
85,225.00,219.00,253.33,283.28,0.1588
85,174.00,210.00,204.85,280.00,0.1533
86,294.00,184.00,356.22,325.19,0.2920
86,225.00,223.00,253.33,287.28,0.2208
86,174.00,214.00,204.85,284.00,0.1320
87,294.00,184.00,356.22,325.19,0.2725
87,173.00,223.00,201.33,287.28,0.2205
87,222.00,219.00,252.85,289.00,0.0713
88,294.00,174.00,356.22,315.19,0.3325
88,223.00,229.00,249.00,288.00,0.1958
88,273.00,223.00,301.33,287.28,0.0735
89,294.00,174.00,356.22,315.19,0.3822
89,273.00,223.00,301.33,287.28,0.0439
90,294.00,174.00,356.22,315.19,0.4001
90,360.00,243.00,393.55,319.13,0.1025
91,296.00,184.00,352.88,313.07,0.3174
92,296.00,184.00,352.88,313.07,0.2033
92,282.00,219.00,310.33,283.28,0.0281
93,164.00,214.00,192.33,278.28,0.2165
93,358.00,193.00,410.00,311.00,0.0948
94,357.00,184.00,413.88,313.07,0.1593
94,296.00,184.00,352.88,313.07,0.1014
95,294.00,164.00,356.22,305.19,0.1766
95,156.00,214.00,184.33,278.28,0.1505
96,303.00,164.00,365.22,305.19,0.2770
96,357.00,184.00,413.88,313.07,0.2702
96,156.00,214.00,184.33,278.28,0.2298
96,204.00,219.00,232.33,283.28,0.0981
97,358.00,185.00,410.00,303.00,0.3997
97,303.00,164.00,365.22,305.19,0.3275
97,154.00,202.00,187.55,278.13,0.2779
98,366.00,185.00,418.00,303.00,0.3968
98,303.00,164.00,365.22,305.19,0.3461
98,148.00,202.00,181.55,278.13,0.2578
98,207.00,210.00,237.85,280.00,0.1321
99,366.00,193.00,413.89,301.68,0.4156
99,305.00,167.00,361.88,296.07,0.2823
99,205.00,202.00,238.55,278.13,0.1069
100,366.00,193.00,418.00,311.00,0.4029
100,303.00,164.00,365.22,305.19,0.2891
100,200.00,202.00,233.55,278.13,0.2370
100,146.00,200.00,176.85,270.00,0.0800
101,197.00,198.00,233.77,281.44,0.2773
101,366.00,193.00,418.00,311.00,0.2574
101,303.00,164.00,365.22,305.19,0.2339
101,140.00,193.00,176.77,276.44,0.1394
101,279.00,210.00,309.85,280.00,0.0915
102,191.00,193.00,227.77,276.44,0.2988
102,366.00,193.00,418.00,311.00,0.2354
102,278.00,210.00,306.33,274.28,0.1997
102,303.00,164.00,365.22,305.19,0.1532
102,138.00,197.00,171.55,273.13,0.0167
103,366.00,193.00,418.00,311.00,0.2836
103,335.00,181.00,361.00,240.00,0.2550
103,191.00,198.00,227.77,281.44,0.2426
103,274.00,210.00,304.85,280.00,0.1458
104,273.00,214.00,301.33,278.28,0.3023
104,129.00,198.00,165.77,281.44,0.2234
104,358.00,193.00,410.00,311.00,0.2229
104,305.00,176.00,361.88,305.07,0.0762
105,177.00,192.00,217.00,282.77,0.1391
105,123.00,198.00,159.77,281.44,0.0748
106,291.00,158.00,359.04,312.40,0.2336
106,358.00,193.00,410.00,311.00,0.1750
106,112.00,198.00,148.77,281.44,0.1746
106,269.00,210.00,299.85,280.00,0.1476
106,171.00,192.00,211.00,282.77,0.0480
107,350.00,193.00,402.00,311.00,0.2972
107,296.00,176.00,352.88,305.07,0.2797
107,264.00,219.00,292.33,283.28,0.2027
107,112.00,198.00,148.77,281.44,0.1844
108,103.00,198.00,143.00,288.77,0.3820
108,296.00,176.00,352.88,305.07,0.3784
108,350.00,193.00,402.00,311.00,0.3363
108,260.00,214.00,290.85,284.00,0.2111
109,342.00,193.00,394.00,311.00,0.3853
109,296.00,176.00,352.88,305.07,0.3433
109,91.00,198.00,131.00,288.77,0.2064
109,246.00,212.00,279.55,288.13,0.0445
110,296.00,176.00,352.88,305.07,0.3509
110,340.00,184.00,396.88,313.07,0.2997
110,85.00,198.00,125.00,288.77,0.2389
110,248.00,210.00,284.77,293.44,0.1528
110,142.00,177.00,194.00,295.00,0.1491
111,85.00,204.00,125.00,294.77,0.3857
111,296.00,176.00,352.88,305.07,0.2810
111,344.00,193.00,391.89,301.68,0.0291
112,78.00,204.00,118.00,294.77,0.4608
112,296.00,176.00,352.88,305.07,0.2903
112,188.00,229.00,218.85,299.00,0.2347
112,250.00,219.00,280.85,289.00,0.0681
112,147.00,197.00,190.85,296.51,0.0452
113,72.00,197.00,115.85,296.51,0.3576
113,296.00,176.00,352.88,305.07,0.2869
113,342.00,185.00,394.00,303.00,0.2488
113,134.00,185.00,186.00,303.00,0.1402
114,66.00,197.00,109.85,296.51,0.3570
114,294.00,164.00,356.22,305.19,0.2559
114,340.00,184.00,396.88,313.07,0.1988
114,238.00,204.00,278.00,294.77,0.0862
115,294.00,164.00,356.22,305.19,0.3701
115,62.00,185.00,114.00,303.00,0.3597
115,340.00,184.00,396.88,313.07,0.2496
115,238.00,204.00,278.00,294.77,0.0978
116,296.00,184.00,352.88,313.07,0.3620
116,57.00,193.00,104.89,301.68,0.3508
116,342.00,185.00,394.00,303.00,0.2754
117,296.00,176.00,352.88,305.07,0.4421
117,46.00,185.00,98.00,303.00,0.3468
117,340.00,184.00,396.88,313.07,0.2509
117,234.00,204.00,277.85,303.51,0.1581
118,38.00,185.00,90.00,303.00,0.2689
118,294.00,164.00,356.22,305.19,0.2613
118,112.00,176.00,168.88,305.07,0.2089
118,236.00,215.00,272.77,298.44,0.1894
118,340.00,184.00,396.88,313.07,0.1691
119,291.00,158.00,359.04,312.40,0.2984
119,236.00,215.00,272.77,298.44,0.2789
119,342.00,193.00,394.00,311.00,0.2178
119,103.00,174.00,165.22,315.19,0.2142
119,38.00,193.00,90.00,311.00,0.1929
120,287.00,176.00,343.88,305.07,0.3367
120,22.00,193.00,74.00,311.00,0.1835
120,232.00,216.00,272.00,306.77,0.1782
120,94.00,201.00,146.00,319.00,0.1181
120,331.00,184.00,387.88,313.07,0.0516
121,231.00,215.00,267.77,298.44,0.2958
121,287.00,176.00,343.88,305.07,0.2567
121,85.00,193.00,141.88,322.07,0.1213
121,7.00,193.00,63.88,322.07,0.0525
122,275.00,174.00,337.22,315.19,0.4627
122,214.00,216.00,254.00,306.77,0.2851
123,265.00,174.00,327.22,315.19,0.3571
123,208.00,216.00,248.00,306.77,0.2703
123,50.00,168.00,118.04,322.40,0.1272
124,256.00,174.00,318.22,315.19,0.4126
124,197.00,221.00,233.77,304.44,0.2179
125,256.00,174.00,318.22,315.19,0.4084
125,194.00,210.00,237.85,309.51,0.2799
126,256.00,174.00,318.22,315.19,0.5318
126,308.00,254.00,336.33,318.28,0.1168
126,182.00,208.00,229.89,316.68,0.1138
127,256.00,174.00,318.22,315.19,0.2458
127,174.00,193.00,226.00,311.00,0.1768
127,308.00,249.00,336.33,313.28,0.0261
128,256.00,174.00,318.22,315.19,0.2422
128,174.00,201.00,226.00,319.00,0.1183
129,256.00,174.00,318.22,315.19,0.2116
129,160.00,184.00,222.22,325.19,0.0717
130,249.00,158.00,317.04,312.40,0.1768
130,155.00,179.00,223.04,333.40,0.1688
130,294.00,174.00,356.22,315.19,0.1497
131,249.00,158.00,317.04,312.40,0.2484
131,155.00,179.00,223.04,333.40,0.2255
132,246.00,164.00,308.22,305.19,0.2496
132,155.00,179.00,223.04,333.40,0.1970
133,246.00,174.00,308.22,315.19,0.2458
134,256.00,174.00,318.22,315.19,0.2731
134,203.00,209.00,229.00,268.00,0.1193
134,303.00,174.00,365.22,315.19,0.0086
135,249.00,158.00,317.04,312.40,0.2314
135,203.00,209.00,229.00,268.00,0.2259
136,203.00,209.00,229.00,268.00,0.2604
136,246.00,174.00,308.22,315.19,0.1264
137,203.00,213.00,229.00,272.00,0.0984
137,246.00,164.00,308.22,305.19,0.0060
138,203.00,213.00,229.00,272.00,0.0991
139,199.00,213.00,225.00,272.00,0.2147
139,246.00,164.00,308.22,305.19,0.1419
140,199.00,213.00,225.00,272.00,0.2658
140,296.00,184.00,352.88,313.07,0.2322
140,239.00,158.00,307.04,312.40,0.1995
141,296.00,184.00,352.88,313.07,0.3879
141,195.00,213.00,221.00,272.00,0.2537
141,237.00,150.00,311.29,318.57,0.1453
141,167.00,258.00,210.85,357.51,0.0219
142,296.00,184.00,352.88,313.07,0.4548
142,195.00,210.00,223.33,274.28,0.2848
142,246.00,174.00,308.22,315.19,0.2234
143,296.00,184.00,352.88,313.07,0.4268
143,190.00,210.00,218.33,274.28,0.3088
143,239.00,158.00,307.04,312.40,0.1892
143,92.00,146.00,196.00,382.00,0.1359
144,296.00,184.00,352.88,313.07,0.4655
144,191.00,213.00,217.00,272.00,0.2800
144,237.00,150.00,311.29,318.57,0.0584
145,188.00,205.00,218.85,275.00,0.2563
145,296.00,193.00,352.88,322.07,0.2430
145,152.00,296.00,192.00,386.77,0.0279
146,188.00,205.00,218.85,275.00,0.1854
146,296.00,193.00,352.88,322.07,0.1236
147,190.00,210.00,218.33,274.28,0.1405
147,249.00,158.00,317.04,312.40,0.0988
147,296.00,193.00,352.88,322.07,0.0874
148,185.00,207.00,218.55,283.13,0.1719
148,301.00,217.00,344.85,316.51,0.1518
148,249.00,158.00,317.04,312.40,0.0895
149,294.00,184.00,356.22,325.19,0.1664
149,249.00,158.00,317.04,312.40,0.1135
150,188.00,210.00,218.85,280.00,0.3513
150,246.00,174.00,308.22,315.19,0.1396
150,154.00,202.00,187.55,278.13,0.1086
150,302.00,201.00,354.00,319.00,0.0945
151,193.00,210.00,223.85,280.00,0.2775
151,296.00,193.00,352.88,322.07,0.1930
151,249.00,158.00,317.04,312.40,0.1876
151,152.00,198.00,188.77,281.44,0.0843
152,185.00,202.00,218.55,278.13,0.3856
152,314.00,243.00,347.55,319.13,0.2381
152,152.00,193.00,188.77,276.44,0.2351
152,249.00,158.00,317.04,312.40,0.2273
153,308.00,238.00,341.55,314.13,0.3521
153,180.00,198.00,216.77,281.44,0.3058
153,249.00,158.00,317.04,312.40,0.2649
153,154.00,202.00,187.55,278.13,0.1115
154,180.00,198.00,216.77,281.44,0.2639
154,310.00,238.00,346.77,321.44,0.2363
154,246.00,174.00,308.22,315.19,0.0857
154,146.00,192.00,186.00,282.77,0.0779
155,308.00,243.00,341.55,319.13,0.3179
155,185.00,204.00,221.77,287.44,0.2793
155,252.00,184.00,308.88,313.07,0.1209
155,148.00,207.00,181.55,283.13,0.0324
156,246.00,174.00,308.22,315.19,0.2360
156,180.00,204.00,216.77,287.44,0.2031
156,294.00,184.00,356.22,325.19,0.1967
157,246.00,174.00,308.22,315.19,0.2915
157,308.00,248.00,341.55,324.13,0.2470
157,185.00,212.00,218.55,288.13,0.1463
158,246.00,174.00,308.22,315.19,0.2601
158,296.00,193.00,352.88,322.07,0.2235
158,180.00,204.00,216.77,287.44,0.1272
159,249.00,168.00,317.04,322.40,0.3528
159,308.00,262.00,336.33,326.28,0.2480
160,249.00,168.00,317.04,322.40,0.4438
161,183.00,204.00,223.00,294.77,0.1894
162,183.00,204.00,223.00,294.77,0.1214
162,246.00,174.00,308.22,315.19,0.0591
163,246.00,174.00,308.22,315.19,0.1347
163,317.00,254.00,345.33,318.28,0.0389
164,246.00,174.00,308.22,315.19,0.0845
165,249.00,168.00,317.04,322.40,0.2676
165,321.00,258.00,349.33,322.28,0.0100
166,249.00,168.00,317.04,322.40,0.3469
166,94.00,185.00,146.00,303.00,0.1716
166,310.00,209.00,362.00,327.00,0.1290
167,256.00,174.00,318.22,315.19,0.3537
167,94.00,177.00,146.00,295.00,0.2332
167,180.00,197.00,223.85,296.51,0.1628
168,249.00,168.00,317.04,322.40,0.3147
168,94.00,177.00,146.00,295.00,0.1468
169,249.00,168.00,317.04,322.40,0.2507
169,167.00,193.00,214.89,301.68,0.1183
169,94.00,176.00,150.88,305.07,0.0170
170,249.00,168.00,317.04,322.40,0.1922
170,166.00,185.00,218.00,303.00,0.1575
170,85.00,167.00,141.88,296.07,0.1524
171,167.00,193.00,214.89,301.68,0.2451
171,249.00,168.00,317.04,322.40,0.1424
172,166.00,185.00,218.00,303.00,0.1600
172,321.00,232.00,357.77,315.44,0.1305
172,249.00,158.00,317.04,312.40,0.0435
173,158.00,185.00,210.00,303.00,0.1474
173,256.00,179.00,284.33,243.28,0.0965
174,158.00,185.00,210.00,303.00,0.1789
174,249.00,168.00,317.04,322.40,0.1749
174,319.00,243.00,352.55,319.13,0.0962
175,256.00,174.00,318.22,315.19,0.2102
175,158.00,185.00,210.00,303.00,0.1948
175,316.00,248.00,346.85,318.00,0.0690
175,64.00,164.00,126.22,305.19,0.0090
176,256.00,164.00,318.22,305.19,0.2223
176,321.00,248.00,351.85,318.00,0.1715
176,60.00,147.00,128.04,301.40,0.0377
177,156.00,176.00,212.88,305.07,0.1915
177,249.00,168.00,317.04,322.40,0.1660
177,62.00,193.00,114.00,311.00,0.1241
178,211.00,209.00,237.00,268.00,0.1694
178,147.00,176.00,203.88,305.07,0.0721
178,256.00,174.00,318.22,315.19,0.0466
179,71.00,233.00,104.55,309.13,0.2441
179,256.00,164.00,318.22,305.19,0.0140
180,141.00,174.00,203.22,315.19,0.1688
182,141.00,174.00,203.22,315.19,0.1389
182,249.00,158.00,317.04,312.40,0.0924
183,261.00,176.00,317.88,305.07,0.2128
183,326.00,248.00,356.85,318.00,0.0126
183,131.00,174.00,193.22,315.19,-0.0021
184,260.00,158.00,328.04,312.40,0.0993
184,120.00,162.00,200.00,343.54,-0.0072
185,256.00,174.00,318.22,315.19,0.1508
185,123.00,173.00,197.29,341.57,0.1267
185,305.00,184.00,361.88,313.07,0.0091
186,249.00,168.00,317.04,322.40,0.0326
187,305.00,176.00,361.88,305.07,0.2335
188,111.00,173.00,185.29,341.57,0.0569
189,303.00,174.00,365.22,315.19,0.2937
190,305.00,184.00,361.88,313.07,0.4182
190,260.00,168.00,328.04,322.40,0.1191
191,303.00,184.00,365.22,325.19,0.3036
191,117.00,162.00,203.67,358.67,0.0502
192,313.00,193.00,369.88,322.07,0.3621
192,260.00,168.00,328.04,322.40,0.1955
192,174.00,229.00,204.85,299.00,0.0849
192,203.00,217.00,229.00,276.00,0.0587
193,313.00,193.00,369.88,322.07,0.2717
193,199.00,217.00,225.00,276.00,0.2558
193,260.00,168.00,328.04,322.40,0.1814
193,92.00,146.00,196.00,382.00,0.1039
194,313.00,193.00,369.88,322.07,0.2485
194,260.00,168.00,328.04,322.40,0.1012
195,195.00,210.00,223.33,274.28,0.2275
195,303.00,184.00,365.22,325.19,0.1068
196,198.00,205.00,228.85,275.00,0.1407
196,73.00,118.00,198.53,402.85,0.0850
196,207.00,210.00,237.85,280.00,0.0628
196,303.00,184.00,365.22,325.19,0.0042
197,193.00,210.00,223.85,280.00,0.1095
197,53.00,118.00,178.53,402.85,0.0681
198,190.00,210.00,218.33,274.28,0.2333
198,313.00,184.00,375.22,325.19,0.0414
199,193.00,210.00,223.85,280.00,0.2029
199,261.00,176.00,317.88,305.07,0.0702
200,261.00,184.00,317.88,313.07,0.1467
200,188.00,210.00,218.85,280.00,0.0735
201,190.00,210.00,218.33,274.28,0.2431
201,261.00,176.00,317.88,305.07,0.1597
201,325.00,241.00,365.00,331.77,0.0069
202,191.00,213.00,217.00,272.00,0.3483
202,256.00,174.00,318.22,315.19,0.1477
203,265.00,174.00,327.22,315.19,0.1275
203,165.00,210.00,195.85,280.00,0.0445
204,165.00,210.00,195.85,280.00,0.0804
204,265.00,164.00,327.22,305.19,0.0657
204,335.00,269.00,361.00,328.00,0.0576
204,191.00,213.00,217.00,272.00,0.0257
205,265.00,164.00,327.22,305.19,0.1683
205,163.00,209.00,189.00,268.00,0.1435
205,191.00,209.00,217.00,268.00,0.0749
206,160.00,210.00,188.33,274.28,0.1777
206,265.00,164.00,327.22,305.19,0.1574
206,200.00,207.00,233.55,283.13,0.1006
206,187.00,209.00,213.00,268.00,0.0910
206,321.00,248.00,351.85,318.00,0.0130
207,265.00,174.00,327.22,315.19,0.2497
207,155.00,210.00,185.85,280.00,0.1230
207,200.00,212.00,233.55,288.13,0.1013
207,184.00,210.00,214.85,280.00,0.0456
207,101.00,230.00,148.89,338.68,0.0341
208,188.00,210.00,218.85,280.00,0.2990
208,265.00,174.00,327.22,315.19,0.2673
208,313.00,174.00,375.22,315.19,0.1602
208,155.00,210.00,185.85,280.00,0.0610
209,265.00,174.00,327.22,315.19,0.4242
209,185.00,207.00,218.55,283.13,0.1769
209,321.00,252.00,351.85,322.00,0.0944
210,265.00,174.00,327.22,315.19,0.3714
210,185.00,204.00,221.77,287.44,0.2093
210,214.00,204.00,250.77,287.44,0.0356
211,265.00,174.00,327.22,315.19,0.4042
211,154.00,207.00,187.55,283.13,0.3976
211,185.00,207.00,218.55,283.13,0.3727
212,151.00,210.00,181.85,280.00,0.4909
212,185.00,204.00,221.77,287.44,0.2968
212,265.00,174.00,327.22,315.19,0.2778
212,-11.00,237.00,45.88,366.07,0.0661
213,154.00,207.00,187.55,283.13,0.3960
213,185.00,204.00,221.77,287.44,0.3100
213,275.00,174.00,337.22,315.19,0.1704
213,330.00,258.00,358.33,322.28,0.1190
214,151.00,205.00,181.85,275.00,0.3237
214,185.00,207.00,218.55,283.13,0.2928
214,322.00,174.00,384.22,315.19,0.1061
215,185.00,207.00,218.55,283.13,0.5326
215,148.00,202.00,181.55,278.13,0.2949
215,275.00,174.00,337.22,315.19,0.1235
215,322.00,184.00,384.22,325.19,0.1026
215,50.00,274.00,97.89,382.68,0.0131
216,185.00,202.00,218.55,278.13,0.3304
216,151.00,205.00,181.85,275.00,0.3253
216,275.00,174.00,337.22,315.19,0.2254
216,322.00,174.00,384.22,315.19,0.1077
216,219.00,229.00,245.00,288.00,0.0287
217,146.00,204.00,182.77,287.44,0.3551
217,275.00,174.00,337.22,315.19,0.2862
217,332.00,184.00,394.22,325.19,0.1699
218,275.00,174.00,337.22,315.19,0.3451
218,146.00,204.00,182.77,287.44,0.2864
218,-24.00,118.00,101.53,402.85,0.1646
218,332.00,184.00,394.22,325.19,0.1190
218,185.00,202.00,218.55,278.13,0.0674
219,146.00,198.00,186.00,288.77,0.4433
219,270.00,193.00,306.77,276.44,0.1973
219,312.00,181.00,342.85,251.00,0.0877
220,146.00,204.00,182.77,287.44,0.2779
220,270.00,168.00,338.04,322.40,0.1964
221,272.00,192.00,305.55,268.13,0.2293
221,140.00,204.00,176.77,287.44,0.1976
222,140.00,198.00,180.00,288.77,0.2626
222,275.00,164.00,337.22,305.19,0.2120
222,203.00,209.00,229.00,268.00,0.0607
223,275.00,164.00,337.22,305.19,0.1594
223,338.00,238.00,374.77,321.44,0.0448
224,270.00,168.00,338.04,322.40,0.2046
224,219.00,229.00,245.00,288.00,0.0954
224,340.00,248.00,370.85,318.00,0.0487
224,231.00,202.00,264.55,278.13,0.0104
225,281.00,168.00,349.04,322.40,0.3087
225,340.00,252.00,370.85,322.00,0.1458
225,135.00,198.00,171.77,281.44,0.1393
226,275.00,174.00,337.22,315.19,0.2397
226,322.00,174.00,384.22,315.19,0.0513
226,226.00,210.00,256.85,280.00,0.0458
227,275.00,174.00,337.22,315.19,0.3524
227,226.00,207.00,259.55,283.13,0.2609
227,323.00,168.00,391.04,322.40,0.1324
227,169.00,198.00,205.77,281.44,0.0948
227,128.00,202.00,161.55,278.13,0.0911
228,281.00,168.00,349.04,322.40,0.3277
228,207.00,237.00,233.00,296.00,0.1457
228,323.00,168.00,391.04,322.40,0.1457
228,167.00,197.00,210.85,296.51,0.1258
228,221.00,197.00,264.85,296.51,0.1232
229,284.00,164.00,346.22,305.19,0.1519
229,225.00,198.00,261.77,281.44,0.0331
229,322.00,174.00,384.22,315.19,0.0070
230,113.00,197.00,156.85,296.51,0.2137
230,284.00,164.00,346.22,305.19,0.1608
231,113.00,197.00,156.85,296.51,0.2365
231,275.00,164.00,337.22,305.19,0.2257
231,182.00,200.00,229.89,308.68,0.1794
231,323.00,168.00,391.04,322.40,0.1020
232,109.00,193.00,156.89,301.68,0.3546
232,284.00,174.00,346.22,315.19,0.2270
232,173.00,184.00,229.88,313.07,0.1896
232,235.00,245.00,261.00,304.00,0.1409
232,331.00,158.00,387.88,287.07,0.1234
232,153.00,193.00,200.89,301.68,0.0781
232,225.00,198.00,261.77,281.44,0.0744
233,101.00,193.00,148.89,301.68,0.3651
233,284.00,164.00,346.22,305.19,0.3603
233,174.00,193.00,226.00,311.00,0.1733
233,332.00,174.00,394.22,315.19,0.1308
233,142.00,193.00,194.00,311.00,0.0183
233,214.00,193.00,266.00,311.00,0.0029
234,281.00,168.00,349.04,322.40,0.3756
234,102.00,185.00,154.00,303.00,0.3450
234,323.00,168.00,391.04,322.40,0.1508
234,147.00,204.00,190.85,303.51,0.1419
234,186.00,227.00,214.33,291.28,0.0702
234,225.00,204.00,261.77,287.44,0.0627
235,94.00,185.00,146.00,303.00,0.4717
235,284.00,174.00,346.22,315.19,0.3646
235,222.00,193.00,274.00,311.00,0.2131
235,138.00,193.00,185.89,301.68,0.1778
235,333.00,168.00,401.04,322.40,0.1255
236,284.00,174.00,346.22,315.19,0.3852
236,94.00,185.00,146.00,303.00,0.3770
236,184.00,229.00,214.85,299.00,0.2341
236,332.00,174.00,394.22,315.19,0.2066
236,214.00,193.00,266.00,311.00,0.1134
236,126.00,185.00,178.00,303.00,0.0051
237,86.00,185.00,138.00,303.00,0.3336
237,281.00,168.00,349.04,322.40,0.2610
237,322.00,174.00,384.22,315.19,0.1834
237,134.00,185.00,186.00,303.00,0.1828
237,166.00,201.00,218.00,319.00,0.1032
237,219.00,200.00,266.89,308.68,0.0827
238,74.00,174.00,136.22,315.19,0.2627
238,281.00,168.00,349.04,322.40,0.2526
238,179.00,229.00,209.85,299.00,0.2214
238,323.00,168.00,391.04,322.40,0.1825
238,214.00,193.00,266.00,311.00,0.1502
238,134.00,193.00,186.00,311.00,0.0780
239,322.00,174.00,384.22,315.19,0.2461
239,284.00,174.00,346.22,315.19,0.2156
239,214.00,193.00,266.00,311.00,0.1863
239,174.00,224.00,204.85,294.00,0.1322
239,64.00,174.00,126.22,315.19,0.1269
239,126.00,185.00,178.00,303.00,0.0898
240,284.00,174.00,346.22,315.19,0.2236
240,64.00,174.00,126.22,315.19,0.1525
240,323.00,158.00,391.04,312.40,0.0100
241,55.00,174.00,117.22,315.19,0.3153
241,281.00,168.00,349.04,322.40,0.3058
241,323.00,168.00,391.04,322.40,0.1634
241,112.00,184.00,168.88,313.07,0.1278
241,169.00,221.00,205.77,304.44,0.0811
242,270.00,168.00,338.04,322.40,0.3742
242,322.00,184.00,384.22,325.19,0.3464
242,103.00,174.00,165.22,315.19,0.2500
242,222.00,252.00,252.85,322.00,0.2499
242,50.00,176.00,106.88,305.07,0.0529
243,281.00,168.00,349.04,322.40,0.3876
243,322.00,184.00,384.22,325.19,0.1719
243,103.00,184.00,165.22,325.19,0.1018
244,284.00,184.00,346.22,325.19,0.4044
244,312.00,179.00,380.04,333.40,0.3575
244,29.00,168.00,97.04,322.40,0.1955
244,155.00,197.00,181.00,256.00,0.1671
244,93.00,184.00,155.22,325.19,0.1626
244,157.00,232.00,193.77,315.44,0.0968
245,291.00,179.00,359.04,333.40,0.3285
245,152.00,227.00,188.77,310.44,0.1739
245,322.00,184.00,384.22,325.19,0.1651
245,93.00,184.00,155.22,325.19,0.1365
245,275.00,192.00,315.00,282.77,0.1028
245,18.00,168.00,86.04,322.40,0.0248
246,152.00,227.00,188.77,310.44,0.2165
246,281.00,168.00,349.04,322.40,0.1961
246,151.00,189.00,177.00,248.00,0.0558
246,322.00,174.00,384.22,315.19,0.0149
247,281.00,168.00,349.04,322.40,0.2973
247,138.00,222.00,185.89,330.68,0.1864
248,322.00,184.00,384.22,325.19,0.2665
248,74.00,174.00,136.22,315.19,0.2497
248,138.00,184.00,166.33,248.28,0.2364
248,281.00,168.00,349.04,322.40,0.2303
249,322.00,184.00,384.22,325.19,0.4106
249,284.00,184.00,346.22,325.19,0.3492
249,131.00,222.00,178.89,330.68,0.0890
249,60.00,168.00,128.04,322.40,0.0740
249,-13.00,168.00,55.04,322.40,0.0580
250,322.00,184.00,384.22,325.19,0.4738
250,281.00,168.00,349.04,322.40,0.3450
250,131.00,222.00,178.89,330.68,0.0550
251,322.00,184.00,384.22,325.19,0.4450
251,281.00,168.00,349.04,322.40,0.1905
251,123.00,222.00,170.89,330.68,0.0768
252,322.00,184.00,384.22,325.19,0.3751
252,281.00,168.00,349.04,322.40,0.3231
253,322.00,184.00,384.22,325.19,0.4286
253,281.00,168.00,349.04,322.40,0.3145
253,179.00,203.00,241.22,344.19,0.0745
253,102.00,171.00,135.55,247.13,0.0042
254,281.00,168.00,349.04,322.40,0.3202
254,63.00,162.00,149.67,358.67,0.0914
254,169.00,173.00,243.29,341.57,0.0705
255,275.00,174.00,337.22,315.19,0.3386
255,312.00,168.00,380.04,322.40,0.1913
255,169.00,173.00,243.29,341.57,0.1188
256,322.00,193.00,378.88,322.07,0.2166
256,271.00,161.00,345.29,329.57,0.2086
257,275.00,174.00,337.22,315.19,0.2933
258,270.00,168.00,338.04,322.40,0.3590
259,271.00,161.00,345.29,329.57,0.3135
259,312.00,179.00,380.04,333.40,0.0820
260,275.00,174.00,337.22,315.19,0.2172
260,30.00,145.00,82.00,263.00,0.1230
261,278.00,184.00,334.88,313.07,0.2666
261,15.00,141.00,71.88,270.07,0.0410
261,173.00,244.00,216.85,343.51,0.0223
262,275.00,174.00,337.22,315.19,0.2047
263,275.00,184.00,337.22,325.19,0.0760
264,260.00,161.00,334.29,329.57,0.1418
265,260.00,161.00,334.29,329.57,0.2949
266,260.00,161.00,334.29,329.57,0.3724
267,265.00,174.00,327.22,315.19,0.3471
268,265.00,174.00,327.22,315.19,0.3417
269,270.00,168.00,338.04,322.40,0.2990
270,265.00,174.00,327.22,315.19,0.2781
271,260.00,168.00,328.04,322.40,0.2915
272,265.00,164.00,327.22,305.19,0.3030
273,265.00,164.00,327.22,305.19,0.3449
274,260.00,158.00,328.04,312.40,0.2571
275,265.00,164.00,327.22,305.19,0.2403
276,260.00,158.00,328.04,312.40,0.1965
277,265.00,174.00,327.22,315.19,0.3418
278,265.00,174.00,327.22,315.19,0.3469
279,261.00,184.00,317.88,313.07,0.1941
280,179.00,213.00,205.00,272.00,0.2879
280,279.00,261.00,305.00,320.00,0.1712
281,260.00,150.00,334.29,318.57,0.2257
281,183.00,209.00,209.00,268.00,0.0079
282,260.00,158.00,328.04,312.40,0.4322
282,183.00,209.00,209.00,268.00,0.1290
283,260.00,158.00,328.04,312.40,0.3817
283,183.00,213.00,209.00,272.00,0.1410
284,260.00,168.00,328.04,322.40,0.3988
284,183.00,213.00,209.00,272.00,0.2835
285,260.00,168.00,328.04,322.40,0.4113
285,187.00,217.00,213.00,276.00,0.2750
286,260.00,168.00,328.04,322.40,0.4550
286,187.00,217.00,213.00,276.00,0.2805
286,203.00,213.00,229.00,272.00,0.0219
287,265.00,184.00,327.22,325.19,0.3568
287,187.00,221.00,213.00,280.00,0.2864
287,171.00,221.00,197.00,280.00,0.0433
288,270.00,168.00,338.04,322.40,0.3475
288,191.00,217.00,217.00,276.00,0.2986
289,195.00,214.00,223.33,278.28,0.3713
289,275.00,174.00,337.22,315.19,0.3616
289,463.00,231.00,506.85,330.51,0.2044
290,199.00,214.00,227.33,278.28,0.3449
290,270.00,168.00,338.04,322.40,0.2566
290,131.00,217.00,157.00,276.00,0.1492
290,472.00,241.00,512.00,331.77,0.0870
291,284.00,174.00,346.22,315.19,0.4582
291,207.00,217.00,233.00,276.00,0.4283
291,139.00,217.00,165.00,276.00,0.2937
292,208.00,214.00,236.33,278.28,0.3838
292,284.00,174.00,346.22,315.19,0.3039
292,190.00,214.00,218.33,278.28,0.0801
292,231.00,209.00,257.00,268.00,0.0749
292,486.00,232.00,522.77,315.44,0.0227
293,284.00,174.00,346.22,315.19,0.4143
293,208.00,214.00,236.33,278.28,0.3628
293,491.00,235.00,531.00,325.77,0.2469
293,231.00,213.00,257.00,272.00,0.1190
293,139.00,217.00,165.00,276.00,0.0530
294,294.00,174.00,356.22,315.19,0.3626
294,207.00,210.00,237.85,280.00,0.3152
294,497.00,235.00,537.00,325.77,0.3150
294,190.00,214.00,218.33,278.28,0.1371
294,231.00,209.00,257.00,268.00,0.1342
294,139.00,213.00,165.00,272.00,0.0232
295,291.00,168.00,359.04,322.40,0.3652
295,503.00,235.00,543.00,325.77,0.2879
295,211.00,217.00,237.00,276.00,0.2284
295,139.00,217.00,165.00,276.00,0.1269
296,212.00,214.00,240.33,278.28,0.3857
296,294.00,161.00,368.29,329.57,0.1943
296,143.00,217.00,169.00,276.00,0.1849
296,509.00,235.00,549.00,325.77,0.1736
296,243.00,209.00,269.00,268.00,0.0944
297,303.00,174.00,365.22,315.19,0.2477
297,221.00,214.00,249.33,278.28,0.2379
297,522.00,235.00,562.00,325.77,0.1982
297,147.00,217.00,173.00,276.00,0.1948
298,223.00,213.00,249.00,272.00,0.2785
298,534.00,235.00,574.00,325.77,0.1741
298,306.00,161.00,380.29,329.57,0.1383
299,151.00,217.00,177.00,276.00,0.2763
299,231.00,213.00,257.00,272.00,0.1978
299,251.00,213.00,277.00,272.00,0.1524
299,312.00,168.00,380.04,322.40,0.1220
300,226.00,210.00,256.85,280.00,0.2342
300,356.00,184.00,384.33,248.28,0.2278
300,151.00,213.00,177.00,272.00,0.1875
301,226.00,210.00,256.85,280.00,0.3455
301,317.00,161.00,391.29,329.57,0.2754
301,151.00,213.00,177.00,272.00,0.1992
302,226.00,210.00,256.85,280.00,0.3630
302,317.00,161.00,391.29,329.57,0.2898
302,547.00,229.00,573.00,288.00,0.2407
302,375.00,158.00,443.04,312.40,0.1952
302,147.00,213.00,173.00,272.00,0.1386
303,226.00,207.00,259.55,283.13,0.3002
303,323.00,168.00,391.04,322.40,0.2928
303,151.00,213.00,177.00,272.00,0.2549
303,551.00,233.00,577.00,292.00,0.1123
304,322.00,174.00,384.22,315.19,0.3593
304,151.00,213.00,177.00,272.00,0.3362
304,231.00,210.00,261.85,280.00,0.1492
305,155.00,217.00,181.00,276.00,0.3087
305,333.00,168.00,401.04,322.40,0.2928
305,231.00,204.00,267.77,287.44,0.2847
306,236.00,204.00,272.77,287.44,0.3252
306,341.00,174.00,403.22,315.19,0.2060
307,351.00,174.00,413.22,315.19,0.3014
307,242.00,204.00,278.77,287.44,0.2263
307,417.00,248.00,450.55,324.13,0.0215
308,354.00,168.00,422.04,322.40,0.3832
308,242.00,204.00,278.77,287.44,0.3042
308,159.00,213.00,185.00,272.00,0.2715
308,408.00,174.00,470.22,315.19,0.1256
308,221.00,212.00,254.55,288.13,0.0044
309,361.00,174.00,423.22,315.19,0.4762
309,248.00,204.00,284.77,287.44,0.2309
309,221.00,207.00,254.55,283.13,0.1768
309,418.00,174.00,480.22,315.19,0.1415
310,361.00,174.00,423.22,315.19,0.4662
310,248.00,204.00,284.77,287.44,0.2699
310,418.00,174.00,480.22,315.19,0.0733
311,365.00,168.00,433.04,322.40,0.4188
311,242.00,204.00,278.77,287.44,0.3452
311,418.00,174.00,480.22,315.19,0.0642
312,245.00,204.00,285.00,294.77,0.4413
312,363.00,161.00,437.29,329.57,0.2712
312,287.00,213.00,313.00,272.00,0.2397
312,420.00,150.00,494.29,318.57,0.1148
313,365.00,168.00,433.04,322.40,0.3742
313,245.00,204.00,285.00,294.77,0.3206
313,437.00,174.00,499.22,315.19,0.1270
314,375.00,168.00,443.04,322.40,0.3234
314,251.00,198.00,291.00,288.77,0.1994
314,291.00,210.00,319.33,274.28,0.1153
315,253.00,198.00,289.77,281.44,0.3807
315,375.00,168.00,443.04,322.40,0.2209
315,291.00,210.00,319.33,274.28,0.1067
315,428.00,168.00,496.04,322.40,0.0510
316,375.00,168.00,443.04,322.40,0.4857
316,248.00,197.00,291.85,296.51,0.3606
316,175.00,217.00,201.00,276.00,0.1293
316,291.00,210.00,319.33,274.28,0.1264
316,139.00,217.00,165.00,276.00,0.1227
317,248.00,197.00,291.85,296.51,0.5927
317,375.00,168.00,443.04,322.40,0.5015
317,175.00,213.00,201.00,272.00,0.1824
317,139.00,209.00,165.00,268.00,0.1504
317,438.00,168.00,506.04,322.40,0.0732
318,386.00,168.00,454.04,322.40,0.5531
318,248.00,197.00,291.85,296.51,0.4827
318,134.00,210.00,162.33,274.28,0.2713
318,214.00,198.00,254.00,288.77,0.0416
319,386.00,168.00,454.04,322.40,0.4768
319,248.00,204.00,291.85,303.51,0.3892
319,130.00,214.00,158.33,278.28,0.3352
320,389.00,184.00,451.22,325.19,0.3860
320,125.00,219.00,153.33,283.28,0.3759
320,248.00,204.00,291.85,303.51,0.3313
320,214.00,210.00,254.00,300.77,0.0824
321,389.00,184.00,451.22,325.19,0.4328
321,122.00,214.00,152.85,284.00,0.4251
321,241.00,200.00,288.89,308.68,0.3056
321,214.00,204.00,257.85,303.51,0.1023
322,386.00,168.00,454.04,322.40,0.5059
322,248.00,204.00,291.85,303.51,0.2974
322,117.00,207.00,150.55,283.13,0.2751
322,183.00,217.00,209.00,276.00,0.1331
322,206.00,193.00,258.00,311.00,0.0954
323,238.00,193.00,290.00,311.00,0.4936
323,386.00,168.00,454.04,322.40,0.4155
323,204.00,200.00,251.89,308.68,0.2486
323,112.00,204.00,148.77,287.44,0.2185
324,386.00,168.00,454.04,322.40,0.4756
324,241.00,200.00,288.89,308.68,0.3859
324,204.00,200.00,251.89,308.68,0.1708
324,183.00,221.00,209.00,280.00,0.0553
325,238.00,193.00,290.00,311.00,0.5329
325,396.00,179.00,464.04,333.40,0.4876
325,198.00,193.00,250.00,311.00,0.1563
326,399.00,184.00,461.22,325.19,0.5001
326,238.00,193.00,290.00,311.00,0.3203
326,190.00,193.00,242.00,311.00,0.0815
327,399.00,184.00,461.22,325.19,0.4554
327,230.00,193.00,282.00,311.00,0.4218
327,262.00,207.00,295.55,283.13,0.2011
328,230.00,193.00,282.00,311.00,0.4797
328,399.00,184.00,461.22,325.19,0.4039
328,287.00,204.00,323.77,287.44,0.1505
328,466.00,184.00,528.22,325.19,0.1149
328,262.00,207.00,295.55,283.13,0.0171
329,226.00,184.00,282.88,313.07,0.5225
329,399.00,184.00,461.22,325.19,0.3168
329,466.00,184.00,528.22,325.19,0.2836
329,287.00,204.00,323.77,287.44,0.1117
330,226.00,184.00,282.88,313.07,0.4505
330,397.00,161.00,471.29,329.57,0.3061
330,466.00,184.00,528.22,325.19,0.2369
331,397.00,161.00,471.29,329.57,0.3913
331,217.00,184.00,273.88,313.07,0.3420
332,217.00,184.00,279.22,325.19,0.4668
332,397.00,161.00,471.29,329.57,0.4625
333,396.00,168.00,464.04,322.40,0.4908
333,208.00,184.00,270.22,325.19,0.2434
333,459.00,179.00,527.04,333.40,0.1248
333,276.00,204.00,312.77,287.44,0.1055
333,170.00,184.00,232.22,325.19,0.0178
334,396.00,168.00,464.04,322.40,0.4198
334,208.00,184.00,270.22,325.19,0.2816
334,283.00,229.00,309.00,288.00,0.2282
334,160.00,184.00,222.22,325.19,0.1724
334,260.00,219.00,288.33,283.28,0.0527
335,397.00,161.00,471.29,329.57,0.4956
335,283.00,229.00,309.00,288.00,0.3120
335,584.00,210.00,627.85,309.51,0.2283
335,157.00,249.00,193.77,332.44,0.1623
335,199.00,184.00,255.88,313.07,0.1178
335,252.00,207.00,285.55,283.13,0.0652
336,397.00,161.00,471.29,329.57,0.5473
336,246.00,207.00,279.55,283.13,0.2195
336,577.00,210.00,617.00,300.77,0.2020
336,197.00,179.00,265.04,333.40,0.1150
336,155.00,179.00,223.04,333.40,0.0636
337,397.00,161.00,471.29,329.57,0.5406
337,246.00,212.00,279.55,288.13,0.4423
337,186.00,168.00,254.04,322.40,0.2897
337,578.00,210.00,621.85,309.51,0.2440
337,470.00,179.00,538.04,333.40,0.2217
337,279.00,233.00,305.00,292.00,0.2039
337,134.00,173.00,208.29,341.57,0.1723
338,397.00,161.00,471.29,329.57,0.4118
338,246.00,212.00,279.55,288.13,0.3666
338,180.00,173.00,254.29,341.57,0.3224
338,470.00,179.00,538.04,333.40,0.1638
338,578.00,210.00,621.85,309.51,0.1518
338,130.00,148.00,216.67,344.67,0.0384
339,396.00,168.00,464.04,322.40,0.4891
339,242.00,210.00,278.77,293.44,0.3581
339,169.00,162.00,249.00,343.54,0.2851
339,578.00,217.00,621.85,316.51,0.1812
339,279.00,237.00,305.00,296.00,0.1172
339,470.00,179.00,538.04,333.40,0.0876
339,123.00,189.00,191.04,343.40,0.0845
340,397.00,161.00,471.29,329.57,0.5331
340,242.00,210.00,278.77,293.44,0.4521
340,577.00,216.00,617.00,306.77,0.4277
340,269.00,204.00,309.00,294.77,0.2514
340,169.00,161.00,243.29,329.57,0.2432
341,397.00,161.00,471.29,329.57,0.5395
341,236.00,210.00,272.77,293.44,0.4838
341,577.00,228.00,610.55,304.13,0.3397
341,157.00,162.00,243.67,358.67,0.2198
341,261.00,197.00,304.85,296.51,0.1625
341,466.00,184.00,528.22,325.19,0.1528
341,100.00,173.00,174.29,341.57,0.0930
342,397.00,161.00,471.29,329.57,0.5046
342,571.00,210.00,614.85,309.51,0.4098
342,231.00,210.00,267.77,293.44,0.3453
342,470.00,179.00,538.04,333.40,0.2686
342,157.00,161.00,231.29,329.57,0.1618
342,261.00,197.00,304.85,296.51,0.1538
342,90.00,162.00,176.67,358.67,0.0422
343,407.00,168.00,475.04,322.40,0.4935
343,571.00,210.00,611.00,300.77,0.3189
343,231.00,210.00,267.77,293.44,0.2923
343,143.00,148.00,229.67,344.67,0.2589
343,470.00,168.00,538.04,322.40,0.1016
343,73.00,254.00,101.33,318.28,0.0514
344,407.00,158.00,475.04,312.40,0.4790
344,236.00,204.00,272.77,287.44,0.3867
344,69.00,147.00,163.55,361.55,0.2845
344,564.00,204.00,607.85,303.51,0.2614
344,124.00,146.00,228.00,382.00,0.1721
345,226.00,204.00,266.00,294.77,0.5527
345,396.00,168.00,464.04,322.40,0.2243
345,124.00,130.00,228.00,366.00,0.1693
346,226.00,204.00,266.00,294.77,0.6930
346,108.00,130.00,212.00,366.00,0.1641
346,564.00,210.00,607.85,309.51,0.1610
346,396.00,179.00,464.04,333.40,0.1559
346,475.00,193.00,537.22,334.19,0.1048
346,44.00,146.00,148.00,382.00,0.0433
347,220.00,204.00,260.00,294.77,0.5041
347,397.00,161.00,471.29,329.57,0.3420
347,232.00,210.00,272.00,300.77,0.2078
347,565.00,241.00,593.33,305.28,0.1700
347,254.00,185.00,306.00,303.00,0.0764
347,92.00,118.00,217.53,402.85,0.0753
348,220.00,210.00,260.00,300.77,0.4999
348,397.00,161.00,471.29,329.57,0.3000
348,248.00,193.00,295.89,301.68,0.2508
348,557.00,210.00,600.85,309.51,0.0529
349,214.00,204.00,257.85,303.51,0.3983
349,396.00,168.00,464.04,322.40,0.2652
349,556.00,245.00,584.33,309.28,0.2416
349,241.00,193.00,288.89,301.68,0.1916
350,207.00,197.00,250.85,296.51,0.5439
350,386.00,168.00,454.04,322.40,0.3288
350,544.00,204.00,587.85,303.51,0.1819
350,65.00,122.00,177.01,376.17,0.1558
350,234.00,193.00,281.89,301.68,0.1413
351,200.00,204.00,243.85,303.51,0.5185
351,386.00,161.00,460.29,329.57,0.3364
351,537.00,204.00,580.85,303.51,0.2902
352,194.00,204.00,237.85,303.51,0.4081
352,386.00,168.00,454.04,322.40,0.3959
352,537.00,204.00,580.85,303.51,0.3796
352,241.00,193.00,288.89,301.68,0.1422
353,194.00,204.00,237.85,303.51,0.4162
353,386.00,168.00,454.04,322.40,0.4155
353,531.00,210.00,574.85,309.51,0.2113
353,230.00,193.00,282.00,311.00,0.1211
354,386.00,161.00,460.29,329.57,0.3901
354,194.00,204.00,237.85,303.51,0.2963
354,241.00,238.00,271.85,308.00,0.0257
