1,392.10,176.27,541.39,415.02,0.9333
1,271.99,196.72,385.03,386.82,0.9220
1,65.31,151.44,153.90,440.66,0.8512
1,203.26,205.49,257.93,342.91,0.8510
1,134.90,191.06,210.67,367.21,0.7074
1,172.27,202.20,217.61,348.46,0.6560
2,392.75,178.55,544.85,415.78,0.9392
2,268.85,196.10,378.26,387.41,0.8943
2,67.11,153.35,165.35,441.45,0.8642
2,208.86,205.03,256.94,343.78,0.7753
2,171.28,201.22,231.41,355.39,0.6845
2,139.54,192.98,204.84,365.75,0.6610
3,398.55,179.89,551.77,415.89,0.9414
3,267.52,194.48,370.24,386.48,0.8478
3,216.47,204.17,257.13,343.02,0.8080
3,69.33,154.11,188.16,442.15,0.8068
3,175.36,204.22,234.70,352.62,0.6446
3,145.99,199.05,217.21,360.34,0.4194
3,138.63,165.62,193.98,409.77,0.3143
4,404.47,176.88,553.07,417.61,0.9378
4,266.09,192.79,355.27,384.58,0.8950
4,71.43,154.09,214.03,445.12,0.8890
4,224.66,202.91,261.85,342.16,0.8048
4,183.47,203.89,239.79,350.53,0.7480
4,74.29,210.76,100.93,294.20,0.5193
4,153.57,196.75,203.76,361.46,0.5124
5,413.93,179.55,553.36,417.87,0.9283
5,71.34,156.66,230.48,445.71,0.9000
5,265.51,189.63,341.51,384.92,0.8483
5,189.45,204.35,242.60,351.72,0.6948
5,230.60,201.62,265.84,344.41,0.6865
5,72.21,211.28,96.30,291.98,0.4504
5,540.66,204.16,571.60,233.26,0.2808
6,427.99,175.52,552.29,416.19,0.9318
6,71.69,162.93,234.91,444.85,0.8869
6,259.88,187.06,324.74,384.42,0.8377
6,233.59,202.47,268.07,344.52,0.7397
6,187.93,204.56,248.53,352.41,0.7324
6,72.43,211.64,101.31,294.06,0.3728
6,72.11,211.80,96.45,239.20,0.3611
6,167.91,197.29,208.13,358.39,0.2807
7,444.29,174.55,552.90,417.02,0.9180
7,74.60,158.46,238.62,445.16,0.8909
7,242.06,190.64,311.70,385.93,0.8295
7,191.07,206.07,248.18,351.76,0.7083
7,72.26,211.81,96.44,238.62,0.6251
7,235.40,202.09,265.38,347.53,0.3340
7,326.84,211.95,352.28,235.78,0.2981
7,299.12,211.34,315.58,238.09,0.2715
8,462.61,170.15,547.94,417.47,0.9396
8,81.31,159.51,245.58,447.72,0.8871
8,241.02,186.60,303.83,387.15,0.8478
8,191.06,205.86,249.65,347.63,0.6188
8,72.15,212.31,96.39,240.20,0.5247
8,300.03,211.41,315.73,249.34,0.2775
8,326.89,212.27,352.47,236.14,0.2766
9,482.15,163.24,552.15,421.00,0.9220
9,91.26,158.81,247.02,446.43,0.8951
9,238.22,187.95,308.19,386.70,0.8582
9,72.27,212.10,96.65,240.28,0.5692
9,199.14,203.97,245.24,349.31,0.5107
9,299.62,211.94,313.80,258.57,0.2941
10,488.80,164.38,557.77,420.78,0.9266
10,97.45,158.02,247.64,446.22,0.9123
10,221.22,188.33,312.36,386.77,0.8273
10,72.06,212.29,96.30,241.25,0.5489
10,206.88,203.71,246.08,350.77,0.2831
11,493.55,169.67,571.99,419.31,0.9114
11,117.41,152.39,249.72,445.10,0.8925
11,221.86,188.05,314.17,383.47,0.8270
11,72.09,212.34,96.38,239.05,0.5892
12,497.78,167.94,604.09,421.46,0.8962
12,130.23,150.72,250.26,443.24,0.8362
12,224.11,191.00,300.91,384.86,0.8073
12,270.85,208.66,319.74,344.74,0.6912
12,72.10,212.35,96.74,239.64,0.5501
13,501.94,171.02,627.11,420.29,0.9231
13,226.77,191.80,298.92,384.72,0.8015
13,272.64,206.94,319.30,344.05,0.7531
13,165.58,148.34,254.77,424.75,0.7446
13,71.96,212.39,96.86,239.30,0.5400
14,506.21,171.42,634.82,419.77,0.9195
14,269.39,204.32,321.31,346.35,0.7858
14,169.87,151.39,295.94,439.16,0.6975
14,72.26,212.21,96.33,240.85,0.5598
14,234.00,189.25,296.95,393.37,0.3219
15,508.47,175.23,638.34,421.06,0.9156
15,272.77,202.56,322.18,345.30,0.8662
15,178.72,148.38,293.92,437.46,0.8104
15,71.92,212.18,97.80,244.18,0.5609
15,172.98,207.09,197.72,299.01,0.3015
15,351.01,213.31,374.78,241.01,0.2684
16,510.75,174.30,639.65,422.44,0.9267
16,283.97,201.91,323.24,344.30,0.8511
16,185.11,145.04,287.98,445.18,0.8393
16,72.20,212.61,96.68,239.45,0.6096
16,177.97,209.12,202.91,296.18,0.2887
16,354.55,213.64,374.81,241.05,0.2584
17,512.20,173.27,640.00,425.32,0.9284
17,188.76,148.73,286.30,447.38,0.8596
17,292.50,203.06,329.25,346.27,0.8463
17,72.04,212.47,96.82,239.52,0.6238
17,177.02,195.25,215.25,299.21,0.3653
17,352.21,213.74,374.85,240.93,0.3265
18,513.89,170.81,640.00,426.87,0.9222
18,297.34,203.49,335.57,344.13,0.8872
18,190.37,155.06,319.50,446.70,0.8806
18,174.11,187.06,225.27,384.37,0.6499
18,72.25,212.61,97.51,240.02,0.5521
18,381.93,199.59,397.30,238.49,0.2938
18,355.14,213.26,375.11,241.07,0.2929
19,522.94,170.48,640.00,429.18,0.9191
19,191.34,151.35,334.79,447.44,0.9086
19,294.22,204.86,352.45,345.57,0.8740
19,174.58,185.24,223.03,387.75,0.6807
19,71.71,212.24,97.20,245.03,0.5525
19,380.52,197.38,394.92,240.43,0.3007
19,355.81,213.13,371.15,242.02,0.2544
20,532.66,171.53,640.00,425.25,0.9262
20,192.11,154.99,347.09,453.95,0.9174
20,296.96,204.36,364.18,344.97,0.8922
20,171.87,178.13,221.35,386.30,0.7656
20,71.78,212.26,96.69,240.29,0.5374
20,0.06,177.42,17.57,393.73,0.5261
20,377.25,197.15,394.06,239.32,0.3315
21,196.78,155.17,356.98,454.22,0.9031
21,547.27,171.07,639.78,420.65,0.8863
21,297.81,203.28,372.64,344.93,0.8721
21,163.59,182.80,221.81,385.98,0.8007
21,0.00,174.99,22.11,405.70,0.6599
21,71.77,212.58,96.65,238.57,0.6074
21,375.07,199.04,391.68,240.20,0.3426
22,198.26,155.78,359.71,453.50,0.9055
22,560.25,167.66,640.00,421.57,0.8980
22,304.32,207.52,374.54,344.31,0.8456
22,148.37,181.04,213.83,385.55,0.7941
22,0.00,173.14,30.60,412.25,0.7825
22,71.76,212.89,96.46,239.12,0.5458
23,206.24,160.00,362.50,452.33,0.8854
23,142.30,180.42,211.07,387.12,0.8735
23,580.04,163.40,639.71,419.35,0.8553
23,316.15,209.32,378.62,344.00,0.8389
23,0.30,177.49,29.67,412.40,0.8274
23,71.75,213.18,97.24,240.26,0.4878
23,218.89,191.49,268.92,370.80,0.3848
23,500.25,206.08,520.35,234.23,0.2998
24,124.40,181.41,210.30,387.48,0.8893
24,221.88,158.88,358.75,454.60,0.8778
24,595.55,156.75,639.76,423.06,0.8617
24,0.56,175.05,34.58,415.24,0.8544
24,322.80,208.60,378.95,346.21,0.8123
24,228.46,187.94,284.93,368.09,0.6169
24,71.17,212.44,97.38,239.31,0.5719
24,500.92,206.88,520.83,233.12,0.3088
24,207.44,198.48,237.31,244.97,0.3015
24,541.40,206.30,570.30,233.66,0.2768
25,99.79,182.49,210.10,387.51,0.9077
25,0.00,176.17,40.24,416.51,0.8582
25,239.91,159.30,354.35,455.32,0.8523
25,598.36,155.25,639.73,424.52,0.8303
25,332.13,206.17,380.16,343.12,0.7936
25,231.41,189.12,303.79,367.07,0.6297
25,206.11,197.47,235.69,246.41,0.4860
25,71.09,213.05,96.51,239.20,0.4810
25,500.04,205.87,520.60,233.97,0.3760
26,90.65,185.22,209.30,386.17,0.9284
26,259.40,157.00,361.99,457.19,0.8526
26,0.15,173.38,44.59,413.87,0.8416
26,340.06,204.36,380.37,344.32,0.7765
26,606.76,152.84,639.64,429.87,0.6867
26,240.15,184.38,305.36,371.54,0.6683
26,203.30,196.80,234.21,245.68,0.5176
26,71.25,212.93,96.55,240.35,0.4713
26,177.77,215.87,198.83,248.16,0.3426
26,501.61,206.58,519.20,233.05,0.2750
27,79.44,186.62,208.87,386.71,0.9297
27,0.00,173.68,50.93,414.65,0.8655
27,280.42,158.85,371.33,456.16,0.8130
27,237.53,185.78,310.83,374.40,0.6452
27,613.81,170.88,640.00,422.22,0.5949
27,347.43,207.80,381.61,344.01,0.5343
27,71.32,212.82,96.69,238.98,0.4538
27,174.70,215.71,198.88,246.97,0.4240
27,204.13,199.53,234.37,245.98,0.3313
28,78.54,185.88,208.33,386.24,0.9244
28,0.00,171.57,58.67,414.81,0.8848
28,297.22,156.91,381.25,455.88,0.8293
28,234.10,190.64,316.44,371.17,0.6395
28,353.46,201.22,386.41,326.70,0.4800
28,70.73,212.32,96.31,239.74,0.4763
28,199.14,195.68,232.07,245.72,0.3446
28,619.47,197.76,639.84,429.10,0.3017
28,501.73,206.53,520.10,232.86,0.2822
28,173.89,215.04,197.63,246.46,0.2648
28,540.86,205.77,570.03,234.22,0.2586
29,73.67,184.42,205.64,386.56,0.9271
29,0.44,172.83,67.34,413.93,0.8902
29,300.92,154.14,390.96,458.65,0.8881
29,238.51,194.77,319.70,372.39,0.6898
29,254.87,192.31,289.68,267.44,0.4150
29,71.10,212.02,97.10,284.58,0.3498
29,501.52,206.59,520.42,234.09,0.3424
29,205.12,211.70,232.10,245.55,0.3276
29,541.30,206.72,569.91,232.78,0.3176
29,174.97,214.87,197.87,246.06,0.2737
30,76.65,183.40,200.33,387.48,0.9160
30,1.15,171.63,76.46,415.49,0.8629
30,303.31,151.90,402.57,457.06,0.8603
30,246.24,194.63,323.52,373.68,0.5133
30,71.36,211.82,95.29,241.76,0.3385
30,194.54,195.17,218.46,244.77,0.2968
30,206.62,211.98,231.65,245.45,0.2848
30,256.88,193.74,292.00,268.70,0.2841
31,80.33,184.42,193.41,386.84,0.8929
31,305.08,158.30,422.99,457.71,0.8770
31,1.98,174.21,86.90,415.38,0.8760
31,248.89,199.08,326.18,372.66,0.5541
31,264.19,193.92,297.81,263.46,0.4072
31,71.07,212.80,94.67,239.78,0.4005
31,207.28,213.18,232.03,245.85,0.3033
31,191.37,196.64,214.24,245.84,0.2996
32,305.72,157.68,440.41,459.55,0.9058
32,1.18,172.11,109.10,417.63,0.8840
32,81.58,185.15,184.91,388.28,0.8590
32,248.86,195.96,335.80,370.70,0.6357
32,179.16,196.88,214.37,245.92,0.2863
32,265.64,195.42,302.34,266.31,0.2555
33,310.04,154.58,465.34,456.75,0.9065
33,0.04,178.18,113.40,417.15,0.8521
33,77.74,180.91,169.29,397.17,0.7111
33,259.44,199.71,342.53,367.62,0.6361
33,327.38,209.47,358.03,293.01,0.3189
33,184.24,198.56,213.10,245.73,0.3030
33,539.91,206.15,570.04,232.36,0.2642
33,501.89,206.19,519.88,232.96,0.2607
34,311.18,157.29,473.29,460.65,0.9166
34,3.09,174.89,149.70,417.20,0.8439
34,271.41,199.11,345.40,369.71,0.6295
34,181.53,198.49,213.10,245.04,0.3223
35,312.38,157.50,480.86,457.99,0.9356
35,5.16,177.84,146.90,417.14,0.8927
35,292.79,204.84,356.42,361.72,0.6627
35,259.05,196.58,324.62,365.76,0.5176
35,177.99,198.96,212.74,245.70,0.3466
35,501.71,205.84,520.17,233.83,0.2647
36,318.31,157.50,485.83,461.10,0.9188
36,6.21,178.00,149.87,417.87,0.9118
36,278.00,201.30,359.58,366.80,0.6085
36,539.70,206.34,570.05,232.73,0.3004
36,179.60,204.78,211.26,245.70,0.2958
37,327.04,153.27,484.37,459.42,0.9132
37,9.28,173.95,153.24,419.09,0.9084
37,299.40,199.35,361.69,365.46,0.7352
37,538.96,206.26,570.11,233.05,0.3146
37,286.18,196.65,324.92,266.21,0.2910
38,341.36,156.38,484.89,457.43,0.9196
38,20.82,175.23,151.16,417.85,0.8316
38,298.36,198.10,365.03,371.85,0.7513
38,176.61,198.81,209.13,246.48,0.3309
39,359.27,153.26,483.30,458.70,0.8811
39,290.48,197.73,382.47,372.80,0.8171
39,36.98,177.40,148.13,413.52,0.7667
39,27.41,176.61,90.04,397.15,0.4941
40,377.37,151.52,484.70,454.99,0.8751
40,296.06,208.49,386.59,372.78,0.8009
40,57.36,173.86,152.67,413.65,0.7710
40,11.05,174.31,103.93,402.03,0.7493
40,301.23,196.16,335.30,261.52,0.4159
40,174.60,195.67,208.62,246.23,0.3117
41,395.77,151.07,493.87,455.89,0.8445
41,75.42,176.96,152.31,414.70,0.8218
41,1.91,172.96,113.70,405.61,0.8113
41,296.48,205.66,388.62,374.59,0.8006
41,164.75,196.38,205.69,246.48,0.3655
41,303.57,196.02,338.99,263.26,0.3510
41,500.40,207.42,519.37,233.48,0.2728
42,0.00,177.53,108.47,399.56,0.9052
42,414.46,153.47,504.69,455.24,0.8536
42,89.16,173.76,155.29,412.49,0.8434
42,298.82,205.59,391.52,375.58,0.7467
42,306.08,196.82,341.58,267.26,0.3076
43,0.00,178.31,107.68,399.68,0.9166
43,96.60,167.95,166.21,416.80,0.8713
43,418.78,152.38,516.41,456.38,0.8479
43,301.91,206.15,392.85,374.19,0.6984
43,71.69,209.87,94.10,274.49,0.2981
44,0.00,179.37,104.89,397.25,0.9269
44,426.23,147.91,523.57,458.92,0.8712
44,104.30,170.48,174.76,415.38,0.8645
44,307.22,200.38,388.97,370.88,0.6506
44,72.11,210.78,97.27,290.44,0.2985
45,0.09,181.11,95.64,397.99,0.9011
45,107.49,174.67,203.23,416.16,0.8803
45,431.96,149.76,534.57,456.37,0.8721
45,312.19,199.76,392.02,371.19,0.6006
45,418.19,201.93,462.44,345.87,0.4509
45,72.26,213.80,96.50,239.22,0.4274
45,72.81,213.46,96.91,293.13,0.3263
46,430.37,152.96,568.92,456.88,0.9118
46,105.78,175.78,225.94,415.56,0.8956
46,0.28,180.36,83.52,397.37,0.8833
46,310.22,200.45,392.55,370.68,0.6213
46,71.88,213.10,96.37,239.69,0.5331
46,419.18,203.82,471.04,346.56,0.3457
47,108.72,176.78,236.53,417.67,0.9157
47,428.70,150.05,588.02,459.13,0.9051
47,0.06,180.74,49.43,397.78,0.7147
47,322.33,204.49,400.82,370.28,0.6902
47,71.88,212.92,97.38,239.33,0.4993
47,312.09,197.84,360.00,364.58,0.2772
48,433.49,149.45,598.32,459.98,0.9187
48,109.96,177.16,243.94,419.98,0.9122
48,0.23,175.98,44.15,396.56,0.8161
48,318.61,200.36,400.81,368.90,0.5393
48,72.00,212.67,97.05,238.91,0.5181
48,432.89,205.08,488.85,345.81,0.5005
48,359.32,207.43,414.46,360.56,0.2504
49,442.19,154.18,605.31,458.79,0.9350
49,113.88,176.75,246.68,421.05,0.9001
49,0.03,177.96,33.35,393.88,0.7483
49,442.97,206.89,496.80,346.18,0.6563
49,314.03,198.48,410.96,366.84,0.5857
49,71.87,212.87,97.09,238.85,0.5766
50,447.97,153.36,603.17,460.35,0.9218
50,119.22,176.99,249.12,421.96,0.9021
50,455.90,206.17,505.20,347.96,0.7824
50,0.00,178.99,27.21,392.29,0.6684
50,71.80,212.70,96.73,239.33,0.5396
50,320.23,198.24,398.20,362.79,0.5301
50,359.33,203.93,422.49,364.48,0.4957
51,460.28,151.43,604.62,461.99,0.9106
51,131.63,179.70,250.26,421.10,0.9044
51,469.52,205.62,508.12,347.84,0.7330
51,0.16,200.55,26.12,390.47,0.6926
51,361.70,201.59,423.35,365.33,0.5519
51,71.64,212.00,96.54,242.35,0.5195
51,326.49,195.77,396.75,365.13,0.5153
52,473.70,152.87,600.38,463.77,0.8998
52,147.67,179.30,253.65,422.50,0.8379
52,475.93,208.38,511.98,349.15,0.7052
52,356.62,198.91,422.77,369.15,0.5384
52,71.36,212.34,97.37,244.01,0.4983
52,0.12,219.57,26.95,395.19,0.4386
52,333.35,210.36,395.50,341.91,0.2898
53,485.23,152.18,599.99,463.94,0.8848
53,170.15,176.97,255.64,420.93,0.8502
53,477.80,208.22,522.12,350.23,0.8076
53,358.94,201.45,437.25,371.03,0.6787
53,71.04,213.12,96.41,238.93,0.5524
53,0.11,226.76,26.12,393.09,0.3221
54,504.55,150.90,609.62,462.56,0.8813
54,477.78,206.41,538.15,350.75,0.8673
54,189.46,174.93,257.77,422.90,0.8492
54,356.43,203.20,443.83,371.42,0.7438
54,70.97,212.93,96.39,240.35,0.5544
54,35.02,208.57,55.21,232.80,0.3887
54,0.00,313.51,21.52,398.31,0.3704
55,528.88,149.44,614.48,458.84,0.8878
55,479.53,208.77,552.13,351.69,0.8602
55,199.49,174.09,273.36,425.21,0.8089
55,358.14,200.84,445.14,371.42,0.7621
55,71.39,212.59,97.14,240.33,0.5105
55,0.07,332.94,21.21,397.67,0.4312
55,35.13,206.95,55.20,232.64,0.3992
56,540.28,144.33,621.59,462.98,0.8914
56,208.07,171.88,284.04,422.92,0.8747
56,479.74,212.68,557.34,351.41,0.8304
56,362.06,202.15,446.39,372.00,0.7670
56,71.17,213.19,96.52,240.39,0.5929
56,34.05,206.40,55.34,234.28,0.4315
56,0.07,342.90,20.16,395.62,0.3361
56,347.71,210.95,369.88,242.56,0.2649
56,170.13,214.42,196.26,248.16,0.2512
57,480.95,207.93,562.16,351.47,0.8916
57,210.29,173.76,304.76,421.74,0.8780
57,546.53,149.92,631.49,461.97,0.8630
57,365.13,201.89,445.97,372.65,0.7436
57,71.22,213.31,96.32,239.27,0.6001
57,175.99,215.56,198.82,247.78,0.3759
57,353.70,210.62,371.55,243.95,0.2627
58,211.24,176.07,330.80,425.09,0.8935
58,548.60,147.60,639.42,461.58,0.8906
58,482.74,209.92,564.41,352.07,0.8687
58,370.49,201.21,445.51,372.76,0.7244
58,71.10,213.22,96.93,239.26,0.5866
58,174.95,214.85,198.70,246.48,0.3995
58,352.48,211.00,372.37,242.70,0.3128
59,488.89,211.04,567.30,351.76,0.8956
59,210.98,177.45,349.11,425.95,0.8905
59,552.30,151.09,640.00,459.41,0.8846
59,370.12,198.53,444.79,370.22,0.7387
59,71.45,212.50,96.84,241.64,0.4815
59,176.20,216.61,199.38,246.75,0.4243
59,351.69,211.46,371.67,241.07,0.3393
60,213.19,180.73,357.03,426.11,0.9073
60,553.12,148.75,640.00,460.95,0.8999
60,494.01,210.86,565.91,350.41,0.8232
60,71.71,213.43,96.63,239.36,0.5958
60,368.37,197.98,444.84,369.52,0.5399
60,176.27,216.17,198.98,247.22,0.4223
60,351.70,211.12,370.44,242.48,0.3433
60,137.34,214.39,161.79,241.81,0.2859
61,213.93,184.96,361.82,424.69,0.9233
61,553.67,148.02,639.33,460.26,0.9069
61,509.70,212.95,570.55,349.28,0.8394
61,71.71,213.51,96.99,240.03,0.5509
61,370.70,199.18,446.59,370.21,0.5408
61,351.96,211.24,370.24,242.32,0.3674
61,410.91,211.67,452.01,369.84,0.3467
61,176.43,216.71,198.63,246.38,0.3204
61,137.53,214.81,161.27,242.23,0.2957
62,224.44,185.87,364.63,423.40,0.9065
62,555.12,160.03,639.36,461.23,0.8934
62,525.77,209.04,572.72,348.80,0.7670
62,406.99,205.94,460.10,369.08,0.6781
62,71.44,213.38,96.49,240.34,0.5349
62,372.07,199.01,430.55,366.47,0.5314
62,351.87,210.85,369.91,244.01,0.3414
62,165.40,214.78,197.50,246.09,0.2742
63,238.96,183.78,367.65,423.62,0.8996
63,554.75,188.34,639.85,457.99,0.8896
63,534.43,204.66,572.85,350.48,0.7710
63,411.84,205.08,466.07,371.58,0.7190
63,71.25,213.68,96.89,240.21,0.5422
63,373.88,198.35,436.16,367.51,0.5126
63,352.91,211.28,369.56,243.01,0.4142
63,163.29,214.94,197.91,245.77,0.3442
64,257.10,182.15,370.38,422.45,0.9138
64,558.91,188.49,639.93,460.92,0.8768
64,540.54,205.58,579.39,350.67,0.8622
64,414.48,209.19,471.13,371.85,0.7058
64,71.28,213.24,97.51,240.42,0.5272
64,375.74,204.28,431.17,366.89,0.3762
64,161.49,215.44,198.12,246.08,0.2639
65,277.59,181.63,369.96,424.45,0.8800
65,540.30,208.09,592.13,349.84,0.8665
65,419.03,209.78,487.98,370.10,0.7652
65,71.70,213.73,97.17,239.97,0.5494
65,565.82,202.95,639.30,459.35,0.5431
65,601.59,207.15,639.67,331.18,0.3758
65,380.14,205.81,441.98,367.26,0.3735
65,160.30,215.39,197.35,245.63,0.2992
65,137.76,214.52,161.43,241.87,0.2671
66,540.63,207.26,606.26,349.91,0.8781
66,300.30,176.70,369.61,423.88,0.8746
66,419.57,211.88,504.32,371.27,0.7936
66,585.51,215.31,640.00,458.23,0.6853
66,71.68,213.91,97.00,241.12,0.5031
66,387.38,197.71,451.32,370.01,0.3893
66,158.34,215.20,184.59,244.48,0.3361
66,174.76,215.01,198.59,247.01,0.2920
66,137.74,213.57,161.10,242.40,0.2730
67,540.52,210.86,620.33,352.17,0.8679
67,314.87,176.39,382.60,424.07,0.8629
67,419.67,212.38,510.56,372.75,0.8336
67,71.77,214.16,96.69,239.38,0.5574
67,594.52,218.34,640.00,464.63,0.4486
67,137.94,216.10,161.82,241.40,0.2977
67,157.58,215.82,183.60,244.11,0.2950
67,391.39,202.07,458.29,367.14,0.2857
67,174.44,214.94,198.83,247.34,0.2667
68,542.42,214.09,628.19,352.84,0.8926
68,320.96,175.14,393.74,425.87,0.8767
68,423.61,211.38,512.19,373.46,0.7774
68,71.69,214.02,96.49,240.40,0.5755
68,159.76,214.69,197.61,245.53,0.4428
68,395.96,201.30,472.40,371.46,0.2993
69,542.66,217.04,628.76,353.16,0.8972
69,325.29,171.62,418.13,430.00,0.8416
69,430.64,210.48,511.49,375.06,0.7388
69,71.68,213.92,96.83,240.35,0.5112
69,404.37,197.37,473.72,372.41,0.4992
69,158.46,215.10,184.28,244.48,0.3649
69,176.05,218.44,198.85,246.56,0.3110
70,548.52,214.34,630.74,353.03,0.9002
70,325.70,176.80,447.66,430.09,0.8755
70,433.94,211.44,516.99,375.66,0.6842
70,71.74,214.35,96.70,238.82,0.5728
70,411.27,196.70,473.08,361.76,0.3921
70,158.23,215.34,183.83,244.95,0.3742
70,176.01,217.81,198.69,246.21,0.3011
71,325.95,180.39,463.28,429.65,0.9096
71,556.67,215.52,630.46,352.25,0.8962
71,432.03,209.16,517.95,376.11,0.6049
71,72.00,214.30,96.77,240.81,0.5120
71,175.80,218.38,198.15,246.28,0.3461
71,158.29,215.47,182.87,244.49,0.3282
71,417.61,196.74,478.44,358.87,0.2988
