1,198.00,203.00,260.22,344.19,0.4285
1,140.00,272.00,176.77,355.44,0.4115
1,396.00,178.00,500.00,414.00,0.3550
1,160.00,252.00,207.89,360.68,0.3465
1,54.00,264.00,128.29,432.57,0.2301
1,166.00,201.00,218.00,319.00,0.1585
1,277.00,188.00,363.67,384.67,0.1565
2,198.00,203.00,260.22,344.19,0.5503
2,134.00,196.00,208.29,364.57,0.4550
2,412.00,178.00,516.00,414.00,0.3805
2,48.00,174.00,160.01,428.17,0.3482
2,275.00,222.00,337.22,363.19,0.2946
2,157.00,184.00,231.29,352.57,0.0009
3,152.00,272.00,192.00,362.77,0.4647
3,255.00,198.00,335.00,379.54,0.4424
3,428.00,178.00,532.00,414.00,0.4222
3,175.00,252.00,222.89,360.68,0.3210
3,62.00,321.00,114.00,439.00,0.1737
3,208.00,202.00,264.88,331.07,0.1346
3,134.00,167.00,174.00,257.77,0.1238
3,174.00,201.00,226.00,319.00,0.0677
4,250.00,188.00,336.67,384.67,0.5123
4,146.00,196.00,220.29,364.57,0.4857
4,428.00,178.00,532.00,414.00,0.4001
4,53.00,156.00,178.53,440.85,0.2723
5,157.00,196.00,231.29,364.57,0.4590
5,486.00,297.00,538.00,415.00,0.4585
5,263.00,274.00,310.89,382.68,0.4209
5,214.00,253.00,254.00,343.77,0.2506
5,146.00,167.00,186.00,257.77,0.1737
5,94.00,249.00,146.00,367.00,0.1645
5,70.00,321.00,122.00,439.00,0.1437
5,454.00,219.00,528.29,387.57,0.1363
6,494.00,297.00,546.00,415.00,0.5287
6,237.00,188.00,323.67,384.67,0.5213
6,165.00,265.00,205.00,355.77,0.4309
6,182.00,245.00,229.89,353.68,0.3022
6,454.00,207.00,528.29,375.57,0.2523
6,208.00,203.00,270.22,344.19,0.2004
6,90.00,188.00,176.67,384.67,0.1908
7,237.00,188.00,323.67,384.67,0.7960
7,460.00,178.00,564.00,414.00,0.4910
7,189.00,253.00,229.00,343.77,0.3211
7,210.00,175.00,296.67,371.67,0.3113
7,98.00,176.00,192.55,390.55,0.1153
7,171.00,265.00,211.00,355.77,0.0765
8,460.00,178.00,564.00,414.00,0.8263
8,237.00,196.00,311.29,364.57,0.7588
8,212.00,276.00,242.85,346.00,0.3096
8,143.00,242.00,229.67,438.67,0.0800
9,460.00,178.00,564.00,414.00,0.8190
9,218.00,186.00,298.00,367.54,0.6442
9,151.00,174.00,263.01,428.17,0.4627
9,117.00,175.00,203.67,371.67,0.2190
9,243.00,198.00,323.00,379.54,0.1695
10,476.00,178.00,580.00,414.00,0.8411
10,215.00,176.00,309.55,390.55,0.7366
10,134.00,174.00,246.01,428.17,0.4867
11,476.00,178.00,580.00,414.00,1.0670
11,215.00,176.00,309.55,390.55,0.7869
11,151.00,174.00,263.01,428.17,0.4923
12,476.00,178.00,580.00,414.00,1.1606
12,210.00,175.00,296.67,371.67,0.6452
12,151.00,174.00,263.01,428.17,0.5810
12,263.00,274.00,310.89,382.68,0.3972
13,492.00,178.00,596.00,414.00,1.1788
13,150.00,156.00,275.53,440.85,0.6146
13,243.00,211.00,323.00,392.54,0.3360
14,492.00,178.00,596.00,414.00,1.0700
14,151.00,174.00,263.01,428.17,0.5151
14,243.00,211.00,323.00,392.54,0.1286
15,492.00,178.00,596.00,414.00,0.7563
15,169.00,156.00,281.01,410.17,0.4127
15,220.00,146.00,324.00,382.00,0.0548
16,508.00,178.00,612.00,414.00,0.6192
16,170.00,156.00,295.53,440.85,0.4248
16,275.00,203.00,337.22,344.19,0.1404
17,170.00,156.00,295.53,440.85,0.6524
17,508.00,178.00,612.00,414.00,0.3368
17,288.00,210.00,331.85,309.51,0.2442
17,293.00,260.00,329.77,343.44,0.1892
18,284.00,203.00,346.22,344.19,0.5523
18,546.00,207.00,620.29,375.57,0.2162
18,171.00,284.00,211.00,374.77,0.1859
18,182.00,321.00,234.00,439.00,0.0320
19,284.00,203.00,346.22,344.19,0.5899
19,167.00,278.00,210.85,377.51,0.3493
19,540.00,178.00,644.00,414.00,0.2359
19,185.00,220.00,279.55,434.55,0.1000
20,157.00,175.00,243.67,371.67,0.4096
20,284.00,203.00,346.22,344.19,0.4060
20,204.00,178.00,308.00,414.00,0.1484
20,186.00,283.00,254.04,437.40,0.0925
21,296.00,211.00,352.88,340.07,0.5828
21,143.00,188.00,229.67,384.67,0.5406
21,203.00,174.00,315.01,428.17,0.1389
21,170.00,242.00,256.67,438.67,0.0556
22,142.00,176.00,236.55,390.55,0.5799
22,305.00,211.00,361.88,340.07,0.5059
22,283.00,276.00,357.29,444.57,0.2679
23,132.00,198.00,212.00,379.54,0.8064
23,255.00,174.00,367.01,428.17,0.3503
23,-8.00,183.00,35.85,282.51,0.0388
24,130.00,188.00,216.67,384.67,0.8116
24,322.00,215.00,369.89,323.68,0.3858
24,226.00,196.00,300.29,364.57,0.3748
24,347.00,285.00,373.00,344.00,0.2828
24,103.00,202.00,189.67,398.67,0.1358
24,283.00,276.00,357.29,444.57,0.1355
24,-9.00,178.00,38.89,286.68,0.1096
25,226.00,196.00,300.29,364.57,0.5547
25,113.00,176.00,207.55,390.55,0.5074
25,272.00,174.00,384.01,428.17,0.4056
25,-9.00,178.00,38.89,286.68,0.1510
26,123.00,196.00,197.29,364.57,0.4459
26,351.00,285.00,377.00,344.00,0.3450
26,218.00,186.00,298.00,367.54,0.3377
26,302.00,329.00,354.00,447.00,0.1839
26,-11.00,280.00,45.88,409.07,0.1066
26,-15.00,174.00,65.00,355.54,0.0804
27,259.00,277.00,295.77,360.44,0.3464
27,-20.00,178.00,84.00,414.00,0.2393
27,98.00,176.00,192.55,390.55,0.2143
27,302.00,329.00,354.00,447.00,0.2132
27,252.00,197.00,285.55,273.13,0.2082
27,334.00,209.00,386.00,327.00,0.1761
28,226.00,196.00,300.29,364.57,0.3691
28,103.00,188.00,189.67,384.67,0.2655
28,290.00,188.00,376.67,384.67,0.2525
28,291.00,293.00,359.04,447.40,0.1457
28,-2.00,289.00,50.00,407.00,0.1317
29,100.00,196.00,174.29,364.57,0.3608
29,-14.00,241.00,60.29,409.57,0.3227
29,303.00,175.00,389.67,371.67,0.3063
29,257.00,197.00,290.55,273.13,0.2800
29,302.00,293.00,370.04,447.40,0.1920
29,277.00,285.00,310.55,361.13,0.1455
29,19.00,177.00,62.85,276.51,0.0365
30,286.00,175.00,411.53,459.85,0.6398
30,-20.00,178.00,84.00,414.00,0.4209
30,84.00,176.00,178.55,390.55,0.3194
30,237.00,196.00,311.29,364.57,0.2466
30,260.00,207.00,334.29,375.57,0.0487
31,286.00,175.00,411.53,459.85,0.6380
31,-4.00,178.00,100.00,414.00,0.5351
31,69.00,176.00,163.55,390.55,0.3823
31,249.00,196.00,323.29,364.57,0.3396
32,63.00,188.00,149.67,384.67,0.5985
32,11.00,191.00,105.55,405.55,0.5469
32,307.00,174.00,419.01,428.17,0.5138
32,260.00,196.00,334.29,364.57,0.4024
33,44.00,162.00,148.00,398.00,0.6866
33,-4.00,178.00,100.00,414.00,0.5166
33,260.00,196.00,334.29,364.57,0.4314
33,316.00,178.00,420.00,414.00,0.3751
34,299.00,277.00,335.77,360.44,0.4918
34,44.00,162.00,148.00,398.00,0.3655
34,283.00,197.00,316.55,273.13,0.2991
34,316.00,191.00,410.55,405.55,0.0800
34,-4.00,191.00,90.55,405.55,0.0671
35,28.00,178.00,132.00,414.00,0.3712
35,295.00,271.00,338.85,370.51,0.3498
35,348.00,178.00,452.00,414.00,0.3428
35,288.00,200.00,318.85,270.00,0.2253
35,282.00,265.00,322.00,355.77,0.1930
36,28.00,178.00,132.00,414.00,0.6560
36,281.00,210.00,349.04,364.40,0.5272
36,348.00,178.00,452.00,414.00,0.2938
36,406.00,329.00,458.00,447.00,0.0794
36,262.00,249.00,314.00,367.00,0.0596
37,283.00,196.00,357.29,364.57,0.7131
37,28.00,178.00,132.00,414.00,0.4502
37,364.00,178.00,468.00,414.00,0.4023
38,283.00,196.00,357.29,364.57,0.7748
38,85.00,280.00,141.88,409.07,0.3438
38,380.00,178.00,484.00,414.00,0.2760
38,68.00,289.00,124.88,418.07,0.1393
38,54.00,257.00,106.00,375.00,0.1349
39,283.00,196.00,357.29,364.57,0.7225
39,44.00,178.00,148.00,414.00,0.3731
39,376.00,174.00,488.01,428.17,0.2232
40,294.00,196.00,368.29,364.57,0.5604
40,60.00,178.00,164.00,414.00,0.5424
40,422.00,329.00,474.00,447.00,0.2518
40,12.00,178.00,116.00,414.00,0.1837
41,290.00,188.00,376.67,384.67,0.7110
41,60.00,178.00,164.00,414.00,0.5275
41,10.00,188.00,96.67,384.67,0.3091
41,383.00,175.00,508.53,459.85,0.1959
42,292.00,186.00,372.00,367.54,0.8227
42,76.00,178.00,180.00,414.00,0.4550
42,317.00,198.00,397.00,379.54,0.3474
42,11.00,191.00,105.55,405.55,0.3151
42,396.00,162.00,500.00,398.00,0.1692
43,303.00,188.00,389.67,384.67,0.7714
43,76.00,178.00,180.00,414.00,0.4205
43,-4.00,176.00,90.55,390.55,0.3722
43,412.00,162.00,516.00,398.00,0.2892
44,303.00,188.00,389.67,384.67,0.7056
44,92.00,178.00,196.00,414.00,0.6661
44,-18.00,176.00,76.55,390.55,0.4457
44,412.00,178.00,516.00,414.00,0.2230
45,92.00,178.00,196.00,414.00,0.7499
45,303.00,188.00,389.67,384.67,0.6994
45,402.00,175.00,527.53,459.85,0.5732
45,-17.00,188.00,69.67,384.67,0.3956
46,108.00,178.00,212.00,414.00,0.8452
46,317.00,196.00,391.29,364.57,0.7289
46,422.00,175.00,547.53,459.85,0.2736
47,108.00,178.00,212.00,414.00,0.7761
47,317.00,196.00,391.29,364.57,0.7478
47,441.00,175.00,566.53,459.85,0.2318
47,340.00,207.00,414.29,375.57,0.1222
48,329.00,196.00,403.29,364.57,0.6303
48,124.00,178.00,228.00,414.00,0.5960
48,441.00,175.00,566.53,459.85,0.2147
48,306.00,184.00,380.29,352.57,0.0704
49,140.00,178.00,244.00,414.00,0.7867
49,329.00,196.00,403.29,364.57,0.7225
49,491.00,176.00,585.54,390.55,0.2320
49,454.00,210.00,494.00,300.77,0.0496
50,329.00,196.00,403.29,364.57,0.6806
50,156.00,178.00,260.00,414.00,0.6797
50,476.00,178.00,580.00,414.00,0.4892
50,454.00,219.00,510.88,348.07,0.1807
50,124.00,194.00,228.00,430.00,0.1376
51,340.00,196.00,414.29,364.57,0.6785
51,156.00,178.00,260.00,414.00,0.5300
51,462.00,219.00,518.88,348.07,0.1850
52,340.00,196.00,414.29,364.57,0.7615
52,156.00,178.00,260.00,414.00,0.5231
52,469.00,237.00,516.89,345.68,0.3827
52,503.00,175.00,589.67,371.67,0.2721
53,351.00,196.00,425.29,364.57,0.7822
53,470.00,233.00,522.00,351.00,0.5742
53,156.00,178.00,260.00,414.00,0.4370
53,505.00,176.00,599.54,390.55,0.1451
53,534.00,287.00,608.29,455.57,0.0210
54,351.00,196.00,425.29,364.57,0.6710
54,172.00,178.00,276.00,414.00,0.6049
54,471.00,219.00,527.88,348.07,0.5824
55,194.00,235.00,274.00,416.54,0.6910
55,351.00,196.00,425.29,364.57,0.6355
55,480.00,219.00,536.88,348.07,0.4686
55,374.00,207.00,448.29,375.57,0.1034
55,543.00,293.00,611.04,447.40,0.0512
56,203.00,241.00,277.29,409.57,0.8356
56,365.00,210.00,433.04,364.40,0.6584
56,480.00,211.00,536.88,340.07,0.4090
56,526.00,272.00,606.00,453.54,0.1534
57,214.00,241.00,288.29,409.57,0.6340
57,363.00,196.00,437.29,364.57,0.5704
57,489.00,219.00,545.88,348.07,0.3835
57,530.00,268.00,616.67,464.67,0.0809
57,252.00,280.00,308.88,409.07,0.0779
57,386.00,207.00,460.29,375.57,0.0483
58,363.00,196.00,437.29,364.57,0.6030
58,215.00,205.00,309.55,419.55,0.5894
58,494.00,212.00,556.22,353.19,0.3990
58,519.00,175.00,644.53,459.85,0.3694
58,386.00,207.00,460.29,375.57,0.3132
58,172.00,178.00,276.00,414.00,0.0403
59,375.00,210.00,443.04,364.40,0.7558
59,203.00,156.00,315.01,410.17,0.3597
59,538.00,175.00,663.53,459.85,0.3181
59,506.00,219.00,562.88,348.07,0.2730
60,363.00,196.00,437.29,364.57,0.7942
60,386.00,207.00,460.29,375.57,0.5927
60,506.00,211.00,562.88,340.07,0.3565
60,243.00,235.00,323.00,416.54,0.2185
60,538.00,175.00,663.53,459.85,0.1667
61,374.00,207.00,448.29,375.57,0.8172
61,221.00,156.00,333.01,410.17,0.4059
61,513.00,212.00,575.22,353.19,0.3922
61,397.00,196.00,471.29,364.57,0.2365
61,294.00,280.00,356.22,421.19,0.1334
61,351.00,196.00,425.29,364.57,0.1062
61,526.00,272.00,606.00,453.54,0.0884
61,585.00,263.00,641.88,392.07,0.0591
62,374.00,196.00,448.29,364.57,0.7674
62,263.00,228.00,349.67,424.67,0.4662
62,423.00,272.00,463.00,362.77,0.3565
62,515.00,219.00,571.88,348.07,0.3554
63,386.00,196.00,460.29,364.57,0.5733
63,283.00,253.00,357.29,421.57,0.4113
63,526.00,209.00,578.00,327.00,0.3259
63,235.00,369.00,261.00,428.00,0.0765
64,386.00,196.00,460.29,364.57,0.6855
64,523.00,212.00,585.22,353.19,0.5542
64,294.00,253.00,368.29,421.57,0.5119
64,435.00,278.00,475.00,368.77,0.3497
65,396.00,210.00,464.04,364.40,0.7441
65,532.00,200.00,600.04,354.40,0.5591
65,314.00,311.00,361.89,419.68,0.4622
65,334.00,186.00,367.55,262.13,0.1928
65,436.00,278.00,479.85,377.51,0.1689
65,302.00,193.00,354.00,311.00,0.0841
66,407.00,210.00,475.04,364.40,0.6792
66,292.00,235.00,372.00,416.54,0.5473
66,533.00,212.00,595.22,353.19,0.4937
66,386.00,200.00,454.04,354.40,0.1794
66,329.00,178.00,376.89,286.68,0.1086
67,408.00,222.00,470.22,363.19,0.5881
67,300.00,194.00,404.00,430.00,0.4656
67,550.00,211.00,606.88,340.07,0.3726
68,317.00,253.00,391.29,421.57,0.6572
68,414.00,249.00,466.00,367.00,0.5162
68,550.00,211.00,606.88,340.07,0.4774
68,452.00,277.00,488.77,360.44,0.3493
68,434.00,214.00,462.33,278.28,0.1650
69,316.00,178.00,420.00,414.00,0.7345
69,428.00,210.00,496.04,364.40,0.4420
69,558.00,217.00,610.00,335.00,0.3719
69,410.00,245.00,466.88,374.07,0.0859
70,316.00,178.00,420.00,414.00,0.7244
70,566.00,217.00,618.00,335.00,0.3575
70,422.00,249.00,474.00,367.00,0.3165
70,463.00,278.00,506.85,377.51,0.2795
70,389.00,325.00,432.85,424.51,0.1004
71,332.00,178.00,436.00,414.00,0.5764
71,431.00,207.00,505.29,375.57,0.3803
71,574.00,217.00,626.00,335.00,0.2254
